7.0010E+03
1.0000E-02
0.0000E+00
1.2948E-04
-7.0219E-05
1.3281E-04
-7.3859E-05
1.3712E-04
-7.1831E-05
1.3012E-04
-6.5867E-05
1.3662E-04
-7.4165E-05
1.3357E-04
-7.0015E-05
1.3784E-04
-7.6106E-05
1.3321E-04
-7.1204E-05
1.3902E-04
-7.4774E-05
1.3205E-04
-7.2421E-05
1.3147E-04
-7.3842E-05
1.4023E-04
-7.6473E-05
1.3179E-04
-6.7193E-05
1.4127E-04
-8.3580E-05
1.3486E-04
-6.9141E-05
1.2943E-04
-7.0577E-05
1.3973E-04
-7.6700E-05
1.3449E-04
-6.7226E-05
1.3474E-04
-8.0959E-05
1.4172E-04
-7.3499E-05
1.3044E-04
-7.7217E-05
1.3629E-04
-7.5171E-05
1.4010E-04
-7.4464E-05
1.3425E-04
-7.2791E-05
1.4239E-04
-8.3863E-05
1.3457E-04
-6.9687E-05
1.3598E-04
-8.1569E-05
1.3802E-04
-7.3699E-05
1.3722E-04
-7.6671E-05
1.3600E-04
-7.7101E-05
1.3758E-04
-8.1068E-05
1.4098E-04
-7.6146E-05
1.3609E-04
-7.2548E-05
1.3798E-04
-8.2365E-05
1.3526E-04
-7.3180E-05
1.3590E-04
-6.9846E-05
1.3443E-04
-7.7470E-05
1.3777E-04
-7.8318E-05
1.3867E-04
-7.2920E-05
1.3330E-04
-7.8131E-05
1.4262E-04
-7.9011E-05
1.3492E-04
-7.6115E-05
1.3987E-04
-8.4468E-05
1.5100E-04
-7.6895E-05
1.3384E-04
-7.4976E-05
1.5057E-04
-9.4479E-05
1.4931E-04
-7.4025E-05
1.2969E-04
-8.0299E-05
1.5123E-04
-8.5483E-05
1.3927E-04
-7.2153E-05
1.3863E-04
-7.8942E-05
1.4431E-04
-8.0931E-05
1.3398E-04
-6.7943E-05
1.3532E-04
-7.6593E-05
1.3769E-04
-7.4069E-05
1.4169E-04
-8.1007E-05
1.3915E-04
-7.3242E-05
1.3569E-04
-7.2632E-05
1.3815E-04
-7.9484E-05
1.4302E-04
-7.6419E-05
1.4500E-04
-8.3365E-05
1.3755E-04
-7.2844E-05
1.4073E-04
-8.7270E-05
1.5064E-04
-7.9990E-05
1.4292E-04
-7.3369E-05
1.3426E-04
-8.2177E-05
1.5596E-04
-8.8074E-05
1.4043E-04
-7.8918E-05
1.4388E-04
-8.3372E-05
1.4565E-04
-7.9116E-05
1.3819E-04
-8.6080E-05
1.5589E-04
-7.8371E-05
1.3479E-04
-7.4214E-05
1.4156E-04
-8.1153E-05
1.3978E-04
-7.8151E-05
1.4404E-04
-8.1362E-05
1.3713E-04
-7.4470E-05
1.4214E-04
-8.2776E-05
1.4030E-04
-7.6446E-05
1.4542E-04
-8.4428E-05
1.4511E-04
-8.0509E-05
1.4526E-04
-8.0995E-05
1.4390E-04
-8.6794E-05
1.4942E-04
-8.4674E-05
1.4521E-04
-7.9496E-05
1.3916E-04
-8.8777E-05
1.5164E-04
-7.8732E-05
1.3867E-04
-8.4141E-05
1.5110E-04
-8.4277E-05
1.5141E-04
-7.4397E-05
1.4431E-04
-8.5938E-05
1.5646E-04
-7.5828E-05
1.5210E-04
-6.4237E-05
1.6789E-04
-4.6926E-05
1.9378E-04
-3.3560E-05
1.9208E-04
-2.7107E-05
2.1824E-04
2.5379E-05
2.6970E-04
3.8354E-05
2.7079E-04
2.6777E-05
2.5508E-04
3.3707E-05
2.5776E-04
1.3229E-05
2.2991E-04
-1.0443E-06
2.5240E-04
7.3479E-05
3.0632E-04
2.5988E-06
2.1361E-04
1.4900E-05
2.5328E-04
3.2743E-05
3.2541E-04
1.2233E-04
4.3631E-04
2.8768E-04
5.9215E-04
4.7260E-04
8.4005E-04
6.3259E-04
1.0179E-03
1.0644E-03
1.4194E-03
1.2994E-03
1.8273E-03
1.9335E-03
2.3533E-03
2.0421E-03
1.9451E-03
1.6571E-03
2.2241E-03
1.8372E-03
1.4626E-03
1.2439E-03
1.7268E-03
1.4172E-03
1.0257E-03
-6.8888E-06
-1.6463E-04
-7.3509E-04
-1.6447E-03
-2.6297E-03
-1.2671E-03
-7.6814E-04
-1.1405E-03
-1.5140E-03
1.1660E-04
4.6188E-04
-2.3181E-05
-1.0873E-03
5.2131E-04
1.1246E-03
3.5869E-04
1.1938E-04
3.3350E-03
3.4854E-03
-6.6495E-04
-1.4302E-03
2.3238E-03
1.8447E-03
-6.1248E-04
-7.1960E-04
-1.7957E-03
-1.7246E-03
2.4483E-03
7.0065E-04
-3.8847E-03
-2.4083E-03
5.5862E-04
-8.0525E-05
3.2796E-04
-1.0286E-03
-2.4070E-03
-3.6230E-03
-2.6819E-03
2.1344E-03
3.3712E-03
-3.8695E-04
-2.2163E-03
3.0537E-04
1.1728E-03
-3.3064E-03
-2.8415E-03
8.0171E-05
-5.2690E-03
-5.3393E-03
2.9248E-03
2.9765E-03
-2.6324E-03
-3.2745E-03
4.3186E-03
4.8541E-03
-2.6206E-04
-2.9423E-03
-2.4098E-03
2.2264E-03
7.8194E-03
5.6856E-03
2.2427E-03
8.4847E-04
3.7608E-04
-1.8964E-03
8.0334E-04
3.1689E-03
2.1258E-03
2.2684E-03
5.0277E-03
2.3533E-03
-2.9486E-03
3.6353E-04
3.2478E-03
-1.4667E-03
-3.5285E-03
1.0164E-04
-3.1026E-03
-1.0411E-02
-1.0192E-02
-7.4404E-03
-3.9931E-03
5.5325E-04
3.0842E-03
-1.8740E-03
-2.1469E-03
2.1002E-03
8.5405E-03
6.1144E-03
-7.0067E-03
-8.6883E-03
4.7667E-03
1.2846E-02
1.3051E-02
5.1842E-03
1.3153E-03
5.3164E-03
2.6907E-03
-9.5287E-03
-1.2172E-02
-4.0573E-03
3.3626E-03
2.5490E-03
6.1707E-03
3.6668E-03
-9.5772E-03
-8.9296E-03
-3.4962E-03
-9.8794E-03
-1.6663E-02
-9.4176E-03
-1.0268E-03
1.5966E-04
3.5680E-03
3.4409E-03
3.9479E-03
8.1209E-03
8.0559E-03
9.5045E-03
1.1858E-02
3.9819E-03
-1.2488E-02
-1.4812E-02
2.5823E-03
1.2746E-02
8.7868E-03
-2.9323E-04
-6.4526E-03
-3.7676E-03
3.9088E-03
8.2824E-03
1.1788E-02
4.8937E-03
4.7098E-04
7.0079E-03
1.1229E-02
-6.4476E-03
-2.0407E-02
-1.7488E-02
-1.6104E-02
-1.5439E-02
-7.0486E-03
-8.4912E-05
-1.0906E-04
-1.2506E-03
-9.7012E-06
1.2070E-02
1.7140E-02
7.3205E-03
9.4493E-03
1.9488E-02
2.0136E-02
1.2177E-02
4.1488E-03
6.2208E-03
7.0658E-03
-3.1017E-04
2.3184E-03
4.7262E-03
-4.2621E-03
-8.9222E-03
-5.3644E-03
-6.8299E-03
-1.6356E-02
-1.9819E-02
-1.6220E-02
-1.9383E-02
-7.5258E-03
-4.0723E-03
-8.9184E-03
4.1954E-03
2.9651E-02
3.4715E-02
1.7680E-02
3.3715E-03
7.8490E-03
1.5214E-02
8.4019E-03
-9.2082E-03
-6.7471E-03
1.8751E-02
3.5513E-02
2.7140E-02
-6.5598E-03
-2.7466E-02
-2.2616E-02
-1.3827E-02
-1.4899E-02
-4.4787E-02
-5.4390E-02
-3.4562E-02
-2.5480E-03
2.0372E-02
3.2340E-02
3.4402E-02
4.4282E-02
5.6198E-02
6.5544E-02
2.8660E-02
-1.6587E-02
-1.5686E-02
-6.5914E-03
-2.3810E-03
2.3753E-03
-8.2195E-03
-3.7379E-02
-3.8247E-02
-2.4474E-02
-2.5462E-02
-1.7883E-02
6.7061E-03
1.5171E-02
3.3481E-03
1.7532E-03
3.6909E-02
3.9037E-02
-5.9692E-02
-1.2532E-01
-8.0190E-02
-3.2245E-02
-1.6820E-02
1.2919E-02
5.1503E-02
6.6609E-02
6.2744E-02
3.9598E-02
2.2212E-02
3.7028E-02
7.0565E-02
3.8563E-03
-7.7141E-02
-4.4870E-02
7.5259E-03
-7.4095E-03
-3.0376E-02
-2.7035E-03
1.0358E-02
-2.4671E-02
-7.1432E-02
-3.8637E-02
3.5858E-02
1.1368E-01
1.1312E-01
9.2000E-03
-6.5295E-02
-1.1795E-02
1.5040E-02
-6.6373E-02
-1.4437E-01
-1.2269E-01
4.2521E-03
9.8282E-02
9.5707E-02
2.3364E-02
-2.9522E-02
-2.2363E-02
-2.9760E-02
-6.0819E-02
-6.4864E-02
-2.1699E-03
3.7844E-02
1.2542E-03
-1.8569E-02
1.1020E-02
3.3448E-02
4.2665E-02
3.3744E-02
7.8405E-02
6.4884E-02
1.6286E-02
-5.3321E-05
-5.8934E-03
-4.7497E-02
-1.2897E-01
-1.5294E-01
-7.8238E-02
2.6635E-02
1.0298E-01
1.0495E-01
2.7139E-02
-4.7255E-02
5.1112E-02
2.1392E-01
2.2544E-01
1.2979E-01
5.1917E-03
-4.8617E-02
-6.0387E-02
-1.0101E-01
-1.5013E-01
-1.1164E-01
-6.1671E-03
6.4051E-02
1.0248E-01
1.1037E-01
5.6413E-02
1.0018E-03
2.5269E-02
-6.1006E-04
-2.3021E-02
1.4601E-02
3.7161E-03
-6.0302E-02
-2.1855E-02
1.0390E-01
1.9720E-01
1.3463E-01
-9.8654E-03
-3.8756E-02
1.0997E-02
5.0190E-02
3.9003E-02
2.6827E-02
-6.1045E-02
-1.8372E-01
-1.4611E-01
4.9915E-02
1.3038E-01
2.7076E-02
-7.0813E-02
-4.7425E-03
1.6316E-01
2.0514E-01
1.1741E-01
2.5871E-02
4.3099E-02
7.2525E-02
1.9366E-02
-3.1997E-02
-4.5061E-02
-4.2698E-02
-4.3308E-02
-4.5546E-02
-5.1240E-02
-4.8663E-02
4.5207E-03
8.9438E-02
7.6660E-02
-3.4354E-02
-5.7809E-02
6.4539E-02
1.4018E-01
4.0334E-02
-9.3098E-02
-6.9180E-02
3.6567E-02
3.6844E-02
-4.3041E-02
-6.4327E-02
-1.6893E-02
3.1610E-02
6.6845E-02
1.2939E-01
1.8916E-01
1.2673E-01
-5.6735E-02
-2.2108E-01
-1.8784E-01
5.9891E-03
1.0739E-01
1.5985E-02
-2.9420E-02
7.1438E-02
1.8545E-01
1.7296E-01
1.1825E-01
8.1142E-02
8.3310E-02
1.1275E-01
5.4722E-02
-1.3579E-01
-3.3339E-01
-2.5520E-01
-3.8166E-02
7.2046E-02
4.0409E-02
5.8439E-02
1.8420E-01
2.5751E-01
2.4019E-01
1.6421E-01
-5.3972E-02
-2.9087E-01
-3.4525E-01
-2.6854E-01
-2.3165E-01
-1.5055E-01
-5.7270E-02
-4.4775E-02
-7.4020E-02
4.0280E-02
2.1960E-01
2.0583E-01
-2.7705E-02
-3.1328E-01
-4.0347E-01
-2.8018E-01
-1.0129E-01
-3.1179E-02
8.0295E-02
1.3752E-01
6.2769E-02
3.7544E-02
-4.0984E-04
1.8417E-03
2.7832E-02
2.4660E-02
3.5899E-02
5.3469E-02
7.2013E-02
9.5888E-02
1.0475E-01
1.1977E-01
2.2129E-01
2.5449E-01
1.2828E-01
-6.0724E-02
-2.4024E-02
1.8886E-01
2.5407E-01
3.0637E-01
3.4245E-01
2.7593E-01
1.3487E-01
8.5941E-03
-2.5430E-01
-5.0824E-01
-6.0287E-01
-5.7665E-01
-2.3298E-01
1.1131E-01
2.9245E-01
6.7400E-02
-3.6649E-01
-4.7570E-01
-2.7941E-01
7.3446E-02
4.2709E-01
4.8915E-01
5.2848E-01
4.5435E-01
1.4823E-01
-9.7070E-02
-2.2200E-01
-2.8336E-01
-3.2524E-01
-2.6598E-01
-7.7869E-02
1.2619E-01
2.6561E-01
2.7823E-01
1.9492E-01
1.4348E-02
-1.1128E-01
1.3272E-02
4.9116E-02
4.2421E-02
2.9797E-02
3.8599E-02
5.2564E-02
9.4517E-02
5.2542E-02
-9.2103E-02
-9.8465E-02
1.1193E-01
2.5302E-01
2.7957E-01
3.2390E-01
3.3299E-01
1.3146E-01
-4.9299E-02
-6.8056E-02
-1.1591E-01
-1.8209E-01
-2.0665E-01
-2.6254E-01
-3.2952E-01
-1.9425E-01
2.2203E-01
4.9549E-01
5.1914E-01
5.1204E-01
4.4267E-01
3.9375E-01
3.9004E-01
4.3248E-01
5.6357E-01
5.4347E-01
5.4267E-01
4.0713E-01
1.9941E-01
-4.4740E-02
-2.9563E-01
-3.2153E-01
-2.0542E-01
-1.0144E-01
-8.6537E-02
1.0583E-01
3.6479E-01
4.7838E-01
4.2873E-01
2.5681E-01
1.3898E-01
1.2947E-01
1.7475E-01
1.7714E-01
1.3355E-03
-1.4702E-01
-2.1610E-01
-2.5626E-01
-2.4740E-01
-1.9099E-01
-1.1085E-01
-1.1531E-01
-1.4854E-01
3.6922E-02
3.3803E-01
5.5843E-01
6.3198E-01
4.6301E-01
1.3404E-01
-2.2872E-01
-3.9772E-01
-1.8236E-01
1.6749E-01
3.3867E-01
2.5663E-01
6.8562E-02
-1.2796E-01
-1.9129E-01
-8.9725E-02
4.0002E-02
8.0770E-02
1.1135E-01
1.9751E-03
-2.0376E-01
-3.4826E-01
-3.5892E-01
-2.6081E-01
-1.2197E-01
-3.5465E-02
-1.0092E-01
-2.8089E-01
-3.9054E-01
-4.3192E-01
-3.4605E-01
-1.6017E-01
2.1958E-02
1.3256E-01
1.5050E-01
2.1659E-02
-1.2310E-01
-1.7850E-01
-2.2886E-01
-3.3946E-01
-4.3185E-01
-4.6749E-01
-4.4647E-01
-3.7702E-01
-3.0249E-01
-2.5650E-01
-2.5752E-01
-2.6455E-01
-1.5968E-01
2.7365E-02
1.8412E-01
8.4636E-02
-2.2388E-01
-3.9977E-01
-3.0562E-01
-1.3030E-01
5.6192E-03
-1.5613E-01
-3.4771E-01
-3.8186E-01
-3.1525E-01
-9.8886E-02
5.9257E-02
-3.6860E-03
-1.2759E-01
-1.4775E-01
-8.2228E-02
-2.1764E-02
7.3188E-03
2.2831E-02
6.7201E-02
7.6903E-02
5.6663E-02
6.8481E-02
8.3525E-02
6.6923E-02
1.1991E-01
7.9226E-02
-5.5220E-02
-1.4752E-01
-2.2479E-01
-2.6077E-01
-2.4383E-01
-1.3258E-01
2.0334E-02
1.4380E-01
1.6134E-01
1.2055E-01
1.0880E-01
5.5495E-02
-1.8656E-02
-5.9326E-02
-1.3498E-01
-1.1709E-01
-1.0738E-01
-2.2820E-02
1.1813E-02
2.5117E-02
-7.9004E-04
-1.0008E-01
-1.1747E-01
-1.3317E-01
-1.1048E-01
-3.5924E-02
3.1021E-02
3.8721E-02
5.3571E-03
-8.2017E-02
-8.0251E-02
3.7317E-03
1.0378E-01
1.8458E-01
1.8659E-01
1.3429E-01
1.1222E-01
1.4588E-01
1.1001E-01
-3.9838E-02
-3.3439E-01
-5.3697E-01
-5.8929E-01
-4.4491E-01
-2.7599E-01
-2.4919E-01
-2.5484E-01
-2.2074E-01
-1.7791E-01
-1.4659E-01
-4.3531E-02
1.3445E-01
2.9479E-01
2.3015E-01
1.1831E-02
-1.1805E-01
-5.1011E-02
4.5147E-02
2.8556E-02
-2.1833E-03
2.3506E-02
8.3464E-02
8.5171E-02
-4.7045E-03
-9.9724E-02
-1.5999E-01
-1.1813E-01
-1.6606E-01
-2.5238E-01
-2.0910E-01
-1.3854E-02
1.8128E-01
2.3946E-01
9.3760E-02
-1.7021E-01
-3.8095E-01
-2.5817E-01
3.8165E-02
2.3518E-01
1.7023E-01
-3.8122E-03
-6.0953E-02
7.5618E-02
1.7142E-01
6.0439E-02
-1.2181E-01
-1.9788E-01
9.8038E-03
1.8726E-01
2.3466E-01
1.6339E-01
5.7704E-02
3.0213E-02
3.1537E-02
4.4523E-02
4.6008E-03
-6.5354E-02
-1.3154E-01
-1.8622E-01
-1.5976E-01
-5.2024E-02
5.4155E-02
1.3971E-01
1.7450E-01
2.1518E-01
1.8597E-01
1.1644E-01
5.1707E-02
3.6128E-04
-7.9016E-02
-1.3399E-01
-6.4892E-02
2.7016E-02
1.2105E-02
-7.2423E-02
-8.6638E-02
-3.4233E-02
-2.7307E-02
-6.8316E-02
-1.1060E-01
-1.1302E-01
-6.0304E-02
9.2975E-02
2.1268E-01
2.5700E-01
3.0804E-01
3.5660E-01
3.1885E-01
1.5382E-01
-4.8121E-02
-1.9109E-01
-2.6945E-01
-2.6472E-01
-1.7469E-01
-1.5851E-02
7.4993E-02
2.3820E-02
-5.5082E-03
4.3131E-02
1.0554E-01
9.3449E-02
5.2626E-02
2.4912E-02
-2.3017E-02
-7.8702E-02
-1.0540E-01
-4.9308E-02
5.6732E-02
1.9005E-01
3.0509E-01
3.2410E-01
1.8612E-01
-2.2086E-02
-1.6205E-01
-2.6764E-01
-3.7987E-01
-4.2657E-01
-2.1644E-01
1.3731E-01
3.5866E-01
3.5839E-01
2.5456E-01
1.1336E-01
3.1823E-02
-3.9683E-03
-4.8502E-02
-9.5942E-02
-1.3841E-01
-1.8723E-01
-1.0982E-01
-1.0119E-03
4.3106E-02
3.6643E-02
-2.3997E-02
-5.9555E-02
-5.2002E-02
-2.9614E-02
4.0710E-02
2.0862E-01
3.7492E-01
3.8607E-01
2.5431E-01
1.0881E-01
1.2839E-02
-5.5675E-02
-8.0249E-02
-8.4816E-02
-2.8098E-02
5.3774E-02
5.4745E-02
-5.8426E-03
-7.4643E-02
-1.4567E-01
-1.8870E-01
-9.7054E-02
8.0392E-02
1.7729E-01
1.3421E-01
-2.5332E-02
-1.5426E-01
-1.6216E-01
-2.4700E-02
1.9999E-01
4.2377E-01
5.5635E-01
5.6835E-01
4.3207E-01
2.0253E-01
-1.8703E-02
-1.6265E-01
-2.7574E-01
-3.7425E-01
-4.1469E-01
-2.9506E-01
-4.5142E-02
1.3374E-01
1.7032E-01
6.7816E-02
-4.8407E-02
-9.0983E-02
-6.8648E-02
-2.5112E-02
2.1986E-02
6.2358E-02
7.4604E-02
3.9565E-02
-2.2709E-02
-5.9369E-02
4.3519E-02
2.1537E-01
3.1219E-01
3.4649E-01
3.5548E-01
3.3762E-01
2.4942E-01
5.7440E-02
-1.4153E-01
-2.1612E-01
-1.2165E-01
-3.0165E-02
-9.6077E-02
-2.0054E-01
-1.3570E-01
-1.4646E-02
4.9867E-02
1.0863E-01
1.8234E-01
2.2125E-01
1.8023E-01
7.9200E-02
-5.7758E-03
-3.0937E-02
3.7765E-03
4.7006E-02
9.1253E-02
1.1826E-01
1.0150E-01
4.0350E-02
8.0538E-03
4.1230E-02
1.2586E-01
1.8347E-01
2.0881E-01
1.4198E-01
1.5718E-03
-1.4683E-01
-2.3109E-01
-2.5407E-01
-1.9153E-01
-3.3391E-02
7.2304E-02
2.3956E-02
-1.2740E-01
-2.4574E-01
-2.3997E-01
-1.5739E-01
-1.0382E-01
-5.7052E-02
5.2295E-02
1.2094E-01
7.7414E-02
-5.0337E-03
-6.4937E-02
-1.2611E-01
-1.9562E-01
-1.9437E-01
-1.0757E-01
-2.6257E-02
-2.7638E-02
-4.2201E-02
2.8813E-02
1.3577E-01
2.4115E-01
2.2773E-01
7.2080E-02
-1.3384E-01
-2.5073E-01
-2.0608E-01
-8.6804E-02
-3.9470E-02
-1.5136E-02
3.4144E-02
4.4279E-02
-5.4352E-02
-2.1488E-01
-2.3838E-01
-8.6808E-03
2.5902E-01
3.7526E-01
2.8397E-01
2.6285E-02
-2.3275E-01
-3.4154E-01
-2.4073E-01
-4.7430E-02
7.0268E-02
7.2295E-02
6.9806E-02
6.3254E-03
-4.9723E-02
1.5227E-02
1.3174E-01
1.6324E-01
8.7881E-02
5.6493E-03
-4.4557E-02
-8.7143E-02
-1.0829E-01
-1.0728E-01
-9.6527E-02
-9.3462E-02
-5.5958E-02
2.2662E-03
5.0299E-02
-2.6789E-02
-1.3713E-01
-1.6444E-01
-1.4732E-01
-1.5918E-01
-1.9100E-01
-1.2640E-01
3.6465E-02
1.4096E-01
1.1847E-01
6.2670E-02
9.1815E-02
1.2979E-01
1.3853E-01
7.6718E-02
-4.9229E-03
-6.5829E-02
-1.2396E-01
-1.5127E-01
-1.0123E-01
-3.9445E-02
-2.4485E-02
5.7224E-03
1.2939E-01
2.2611E-01
1.1982E-01
-3.3201E-02
-6.9799E-02
3.5058E-02
1.4445E-01
1.8060E-01
1.7187E-01
1.3261E-01
7.8181E-02
3.9404E-02
-1.8523E-03
-3.3222E-02
2.3872E-02
6.2033E-02
-3.1970E-02
-1.7404E-01
-3.2199E-01
-3.5002E-01
-2.0395E-01
-3.4923E-02
7.7072E-02
1.8484E-01
2.5130E-01
1.6791E-01
-2.0606E-02
-1.2131E-01
-2.1045E-02
1.0411E-01
-7.8461E-03
-2.1547E-01
-3.5774E-01
-3.6633E-01
-1.4763E-01
1.1949E-01
1.9917E-01
7.1716E-02
-2.0115E-01
-3.2980E-01
-1.7996E-01
3.5412E-02
1.8653E-01
2.0565E-01
1.0050E-01
-3.2225E-02
-7.6935E-02
4.9814E-03
1.2082E-01
1.2118E-01
-1.1720E-02
-1.9329E-01
-3.0294E-01
-2.3473E-01
-7.7079E-02
3.7391E-02
7.9028E-02
8.6359E-02
9.1634E-02
7.5720E-02
7.6305E-02
9.8853E-02
1.0203E-01
7.7583E-02
6.1107E-02
3.8231E-02
-5.5381E-03
-1.0031E-01
-1.8015E-01
-1.8541E-01
-9.3226E-02
-8.2120E-03
6.8213E-03
-1.9556E-02
-7.3573E-02
-3.9925E-02
7.5127E-02
1.8048E-01
2.0014E-01
7.6252E-02
-9.3832E-02
-1.5304E-01
-8.7777E-02
8.4759E-03
3.8020E-02
-1.9971E-02
-9.3146E-02
-1.3799E-01
-1.0859E-01
-3.0238E-02
3.9915E-02
7.8283E-02
9.5010E-02
5.2811E-02
-4.3227E-03
5.5334E-02
1.4628E-01
1.9193E-01
2.1435E-01
1.7947E-01
8.0647E-02
-8.4109E-03
-4.5772E-02
-7.0084E-02
-9.2370E-02
-9.8129E-02
-7.1628E-02
-5.3586E-02
-6.0123E-02
-2.5616E-02
-3.1595E-02
-1.3864E-01
-2.3309E-01
-2.5867E-01
-1.2018E-01
3.7239E-02
6.6441E-02
-5.0745E-02
-1.3353E-01
-3.1051E-02
1.2027E-01
1.6396E-01
1.1572E-01
3.0346E-02
-9.4722E-02
-1.7106E-01
-8.5695E-02
1.0015E-02
2.7815E-02
7.5605E-02
1.6800E-01
1.6541E-01
5.7987E-02
-4.9569E-02
-1.1251E-01
-9.2847E-02
-6.5559E-03
7.2519E-02
8.2714E-02
2.2728E-02
-4.4030E-02
-5.0235E-02
-3.5805E-02
-6.8746E-02
-9.4476E-02
-3.6233E-02
5.5727E-02
6.1356E-02
-3.7098E-03
-1.9985E-02
-1.8193E-02
-2.3638E-02
-3.2769E-03
5.3349E-02
8.7590E-02
1.1473E-01
1.2201E-01
9.6518E-02
7.9941E-02
7.9432E-02
7.4559E-02
6.1110E-02
4.8611E-02
4.1689E-02
3.3279E-02
4.2142E-02
1.6899E-02
2.9224E-02
1.0100E-01
1.3747E-01
6.4252E-02
-5.5327E-02
-1.4078E-01
-1.4113E-01
-6.4207E-02
2.8321E-02
4.5105E-02
-8.5179E-02
-1.7519E-01
-9.6550E-02
7.2295E-02
1.7038E-01
1.0997E-01
-6.1995E-02
-1.7717E-01
-1.2637E-01
2.1284E-02
1.3356E-01
1.1914E-01
-6.6817E-03
-1.2313E-01
-1.9233E-01
-1.9818E-01
-8.4427E-02
9.6835E-02
2.1392E-01
1.7351E-01
6.1307E-03
-1.5653E-01
-1.7374E-01
-7.5040E-02
9.3048E-03
3.4260E-02
4.0890E-02
6.4017E-02
9.0642E-02
7.6328E-02
2.0286E-02
-8.0325E-03
-5.9990E-03
3.0182E-02
6.2189E-02
6.1160E-02
2.8065E-02
3.0331E-02
5.3273E-02
7.5573E-02
7.1881E-02
7.6256E-02
1.0780E-01
7.1948E-02
-2.2122E-02
-6.6583E-02
-1.7607E-02
3.8725E-02
1.7811E-02
-1.9829E-02
-5.0666E-02
-6.8342E-02
-4.7701E-02
2.5770E-02
1.1521E-01
1.6912E-01
1.1439E-01
-1.7411E-02
-1.4514E-01
-1.6967E-01
-1.1396E-01
-3.0597E-02
2.8638E-02
-9.2745E-06
-9.5115E-02
-1.6942E-01
-8.7220E-02
8.7894E-02
1.8990E-01
1.3531E-01
6.9510E-03
-8.4037E-02
-5.5861E-02
7.2380E-02
1.8026E-01
2.2688E-01
1.3326E-01
-3.4080E-02
-1.4714E-01
-6.3477E-02
1.0616E-01
1.7873E-01
3.3935E-02
-1.6467E-01
-2.5950E-01
-1.6294E-01
-2.3967E-02
4.0463E-02
-3.0930E-02
-8.1743E-02
-8.4183E-04
8.5053E-02
4.3878E-02
-6.2921E-02
-1.2014E-01
-7.7549E-02
7.9375E-03
6.0872E-02
7.7142E-02
1.1702E-01
1.8749E-01
2.0980E-01
1.2875E-01
-2.3534E-03
-7.1782E-02
-4.7314E-02
1.1122E-02
-7.3707E-04
-5.0651E-02
-3.0145E-02
4.2711E-02
7.5534E-02
3.8929E-02
-1.5213E-02
-5.8799E-02
-5.9994E-02
-4.0686E-02
-4.3004E-02
1.2476E-02
9.0167E-02
1.4298E-01
1.3117E-01
4.6634E-02
-2.7440E-02
-3.1219E-02
-7.7040E-03
-3.5012E-02
-1.0540E-01
-1.5434E-01
-1.0178E-01
-1.4437E-02
6.5965E-02
1.2360E-01
1.1076E-01
1.8031E-02
-7.6550E-02
-7.0271E-02
-6.9730E-03
1.3206E-02
-3.0653E-02
-4.4862E-02
-6.5491E-03
3.3922E-02
2.8761E-02
5.7381E-03
6.1137E-03
4.1734E-02
2.8379E-02
-4.5074E-02
-1.0113E-01
-7.2020E-02
-1.3627E-02
-2.0574E-02
-5.9867E-02
-6.8439E-02
-3.9847E-02
2.6261E-03
4.3044E-02
9.6297E-02
1.2719E-01
7.0187E-02
-8.3276E-03
-1.6013E-02
9.1147E-03
4.9840E-03
-4.2265E-02
-7.9061E-02
-6.1485E-02
-2.7048E-02
-4.2113E-02
-8.3447E-02
-9.9769E-02
-6.9278E-02
-3.0913E-02
2.6860E-02
1.0005E-01
1.5156E-01
1.1365E-01
-7.5453E-03
-1.0988E-01
-1.1712E-01
-2.5738E-02
5.7848E-02
2.7763E-02
-7.2159E-02
-1.2900E-01
-1.0732E-01
-4.0074E-02
1.8991E-03
2.4311E-03
-4.0160E-02
-5.5464E-02
-4.1540E-02
4.6092E-04
5.8284E-02
7.9726E-02
3.6615E-02
-4.5182E-03
-2.0624E-02
-1.2328E-02
1.4975E-02
3.0858E-02
4.0403E-03
-9.3712E-03
-1.7720E-02
-4.5804E-02
-6.9246E-02
-3.2587E-02
3.3173E-03
-6.7958E-04
-2.6348E-03
2.9609E-02
5.0126E-02
4.6375E-02
2.0616E-02
3.2984E-04
-1.8619E-02
-4.0422E-02
-4.3904E-02
-2.5215E-04
6.4991E-02
8.7136E-02
4.9422E-02
1.6384E-02
2.9576E-02
5.3872E-02
6.6592E-02
3.7754E-02
-3.7643E-02
-7.6963E-02
-6.2381E-02
-3.7835E-02
-3.7900E-02
-4.6655E-02
-4.8543E-02
-3.1659E-02
-3.2990E-02
-7.5946E-02
-1.1260E-01
-1.0136E-01
-4.3347E-02
3.5207E-02
6.2987E-02
6.1271E-02
5.4709E-02
1.9837E-02
-4.2408E-02
-8.1801E-02
-6.1863E-02
-2.9786E-02
-4.7703E-02
-3.6087E-02
2.7190E-02
7.1554E-02
3.6876E-02
1.1078E-03
3.1892E-02
6.9560E-02
6.7986E-02
3.0893E-02
-1.6291E-03
1.8019E-02
7.5743E-02
8.6510E-02
3.2443E-02
-1.7463E-02
-2.8659E-02
-4.4401E-02
-8.5056E-02
-7.1845E-02
1.9307E-02
1.2622E-01
1.7027E-01
1.3824E-01
8.3740E-02
5.1190E-02
2.9404E-02
6.4495E-04
-3.9288E-02
-5.8608E-02
-3.7746E-02
-1.0031E-02
-2.1188E-02
-6.3386E-02
-1.2332E-01
-1.5320E-01
-1.1444E-01
-4.2982E-02
1.2288E-02
6.0542E-02
1.0284E-01
1.0664E-01
6.4653E-02
1.1188E-02
-5.0893E-02
-1.0644E-01
-9.9405E-02
-2.1506E-02
3.7059E-02
6.1379E-02
7.6290E-02
8.8846E-02
6.6860E-02
1.2041E-02
-2.7356E-02
-2.5152E-02
5.7813E-03
1.5570E-02
1.9273E-02
4.3485E-02
6.4477E-02
3.2055E-02
-1.4206E-02
-3.7103E-03
3.3560E-02
4.2203E-02
8.5006E-03
-4.0399E-02
-8.3414E-02
-9.8391E-02
-5.1307E-02
1.5654E-02
4.9778E-02
5.7539E-02
4.5058E-02
2.9563E-02
3.0078E-02
5.4868E-02
7.5155E-02
4.3623E-02
-2.3284E-02
-4.7745E-02
-2.7451E-04
7.2321E-02
9.4703E-02
4.2909E-02
-3.1906E-02
-6.4917E-02
-4.5901E-02
-3.3192E-02
-5.8974E-02
-8.9178E-02
-1.1267E-01
-8.5283E-02
-1.7456E-02
2.2614E-02
-6.2967E-03
-6.3045E-02
-1.0186E-01
-9.1566E-02
-2.1320E-02
6.4919E-02
1.1809E-01
1.0455E-01
2.2872E-02
-4.9703E-02
-5.2684E-02
1.2073E-02
7.0515E-02
6.8562E-02
2.3137E-02
-3.4019E-02
-8.5412E-02
-8.6712E-02
-3.2419E-02
2.2189E-02
4.3940E-02
5.5495E-02
3.1113E-02
-2.1472E-02
-7.2583E-02
-6.7175E-02
-8.4288E-03
2.5946E-02
-1.1348E-02
-5.6701E-02
-3.2105E-02
3.2350E-02
5.6021E-02
6.6842E-02
5.5253E-02
2.2042E-02
-2.0087E-02
-4.5839E-02
-5.0089E-02
-5.5317E-02
-6.4775E-02
-6.0538E-02
-4.2042E-02
-4.5206E-02
-8.3453E-02
-9.1125E-02
-3.1156E-02
4.0201E-02
7.3763E-02
7.8387E-02
6.9141E-02
2.9496E-02
-4.1245E-02
-9.0047E-02
-1.0629E-01
-6.7268E-02
1.6689E-02
9.0736E-02
1.0345E-01
3.5737E-02
-3.7732E-02
-4.0711E-02
3.8734E-04
1.1898E-02
-9.4082E-03
-3.1858E-02
-4.7572E-02
-5.0709E-02
-3.2718E-02
-2.2594E-02
-5.5933E-02
-9.0478E-02
-1.0326E-01
-4.7931E-02
3.0689E-02
7.1995E-02
5.9697E-02
2.7770E-02
6.2298E-03
-1.4301E-02
-3.0978E-02
-1.5232E-02
2.7107E-02
6.1320E-02
7.0377E-02
5.9070E-02
2.8721E-02
3.4355E-03
2.3485E-02
4.8716E-02
2.2352E-03
-6.3449E-02
-8.8995E-02
-5.5402E-02
-1.7101E-02
-2.1259E-02
-2.3496E-02
9.0779E-04
1.3466E-02
2.0124E-02
4.4777E-02
5.9809E-02
1.7171E-02
-4.1718E-02
-2.2387E-02
5.8953E-02
1.1643E-01
1.1650E-01
7.1977E-02
3.4816E-02
1.1569E-02
1.2224E-02
3.3408E-02
3.1576E-02
3.1101E-03
3.9221E-03
2.7639E-02
4.7319E-02
2.9023E-02
-1.9039E-02
-7.1227E-02
-9.9225E-02
-6.4012E-02
2.3884E-02
1.0377E-01
1.1924E-01
5.3855E-02
-3.1496E-02
-6.3950E-02
2.0809E-03
8.9846E-02
1.0568E-01
3.4962E-02
-2.7233E-02
-3.3484E-02
-8.7438E-03
1.1008E-02
9.5042E-03
6.6459E-03
3.5044E-03
-1.6735E-02
-3.3811E-02
-1.7862E-02
1.6494E-02
4.0773E-02
5.9566E-02
6.2024E-02
5.5949E-02
3.3000E-02
-1.0950E-03
-4.0104E-02
-5.6410E-02
-2.9896E-02
1.2275E-02
2.2698E-02
2.3795E-03
-3.4979E-02
-4.8772E-02
-3.2833E-02
-2.3687E-02
-2.8578E-02
-1.3879E-02
8.8833E-03
1.9136E-02
1.5301E-02
3.2781E-02
4.8315E-02
4.6476E-02
1.0704E-02
-4.3501E-02
-7.1963E-02
-3.7959E-02
7.7175E-03
1.7827E-02
-2.8495E-03
1.2195E-03
1.8014E-02
3.9342E-02
4.7511E-02
2.9326E-02
-2.1678E-02
-7.6714E-02
-9.9541E-02
-7.2068E-02
-2.8355E-02
1.4856E-02
4.1135E-02
4.1416E-02
2.2623E-02
8.5592E-03
1.9598E-03
-2.2080E-02
-6.1009E-02
-6.7023E-02
-4.5655E-02
-3.6063E-02
-4.1355E-02
-1.7245E-02
4.0358E-02
9.1523E-02
9.0087E-02
3.0536E-02
-7.1192E-03
2.0969E-02
6.2887E-02
3.4145E-02
-4.6994E-02
-1.1850E-01
-1.3768E-01
-8.9764E-02
-2.0265E-02
2.2982E-02
2.7121E-02
1.1122E-02
6.0442E-03
1.8159E-02
3.1976E-02
5.3008E-02
6.0762E-02
3.3544E-02
5.2393E-03
2.3689E-02
5.7802E-02
4.8587E-02
5.2969E-03
-8.9889E-03
-4.4738E-04
-1.7174E-02
-5.5221E-02
-8.1344E-02
-5.1714E-02
2.3135E-02
7.6752E-02
1.0575E-01
8.9029E-02
3.5841E-02
-7.2984E-03
2.7133E-03
2.6569E-02
1.5097E-02
-2.0792E-02
-2.0610E-02
2.2606E-02
5.1392E-02
3.0240E-02
-7.2330E-03
-2.6855E-02
-8.4041E-04
3.7356E-02
5.0238E-02
2.0775E-02
-1.9075E-03
2.6728E-03
-3.5081E-03
-3.3348E-02
-4.3945E-02
-2.4073E-02
4.5779E-03
2.5312E-03
-2.5963E-02
-4.5513E-02
-3.8221E-02
-1.5632E-02
-4.3667E-03
-2.2628E-02
-3.9133E-02
-1.5604E-02
2.3817E-02
5.0676E-02
6.0548E-02
4.3051E-02
1.4269E-02
-5.1120E-03
6.5435E-04
1.8496E-02
4.8497E-02
7.8163E-02
8.2357E-02
4.1427E-02
-7.4780E-03
-4.0570E-02
-2.5979E-02
2.2536E-02
6.5741E-02
7.8265E-02
7.4548E-02
5.7814E-02
2.8172E-02
-9.7273E-04
-1.7158E-02
-6.8989E-03
2.9240E-02
5.1088E-02
4.0909E-02
2.1781E-02
1.8021E-02
3.5552E-02
6.1471E-02
9.4041E-02
1.0857E-01
6.5308E-02
-1.5676E-03
-4.6000E-02
-5.3468E-02
-4.5918E-02
-2.8076E-02
7.3152E-03
6.3312E-02
1.0662E-01
9.0493E-02
2.8898E-02
-7.2416E-04
2.9394E-02
6.4820E-02
3.8578E-02
-1.3811E-02
-4.8316E-02
-5.8719E-02
-5.5318E-02
-4.2969E-02
-1.9453E-02
-4.4431E-03
-1.1337E-02
-1.6811E-02
1.1317E-02
3.6578E-02
8.5348E-03
-5.1646E-02
-7.2850E-02
-2.7055E-02
1.7476E-03
-2.1217E-02
-4.5050E-02
-3.4600E-02
9.1991E-03
4.6247E-02
5.1949E-02
3.6837E-02
1.8375E-02
8.4784E-03
8.1838E-03
2.6980E-02
5.5815E-02
5.3276E-02
2.4577E-02
1.2719E-02
1.6514E-02
1.6466E-02
1.0779E-02
7.3188E-04
-3.4643E-02
-7.5008E-02
-8.2156E-02
-5.7144E-02
-3.1980E-02
-1.7698E-02
-1.5989E-03
1.6511E-02
1.5491E-03
-4.0679E-02
-6.4310E-02
-5.2882E-02
-4.1086E-02
-3.5969E-02
-2.9460E-02
-2.5309E-02
-2.5082E-02
-1.9198E-02
-1.9871E-02
-1.5923E-02
1.2244E-04
1.6463E-02
1.6486E-02
3.7300E-03
-1.4381E-02
-1.4858E-02
-3.9639E-04
3.4357E-03
-2.5445E-02
-5.6773E-02
-7.3520E-02
-4.7363E-02
-4.6575E-03
2.0660E-02
3.3992E-02
3.9145E-02
2.1358E-02
-1.1938E-02
-3.3713E-02
-2.6645E-02
-2.9768E-03
1.1039E-02
1.1115E-02
6.2884E-03
3.3449E-03
1.0264E-02
-5.2063E-03
-3.2510E-02
-4.5215E-02
-4.1639E-02
-2.0874E-02
1.2167E-02
3.1929E-02
3.3207E-02
2.0747E-02
1.6475E-03
9.9717E-03
4.7376E-02
8.5881E-02
7.7826E-02
8.5803E-03
-5.4329E-02
-8.1127E-02
-5.3276E-02
-3.6456E-03
1.9730E-02
-1.4773E-02
-5.7569E-02
-3.5830E-02
1.5511E-02
4.9659E-02
5.1580E-02
1.8238E-02
-4.1383E-03
1.1564E-02
5.1050E-02
6.0982E-02
4.2412E-02
2.7844E-02
5.3958E-02
9.3448E-02
1.1152E-01
8.5602E-02
4.3497E-02
1.0435E-02
-6.1821E-03
-1.3722E-02
-8.9354E-03
-1.3149E-02
-2.8000E-02
-2.5322E-02
1.4220E-03
2.5624E-02
3.2195E-02
1.3946E-02
5.6897E-03
3.3216E-02
5.8276E-02
5.7893E-02
2.8077E-02
-3.1083E-02
-7.9194E-02
-8.1334E-02
-3.3705E-02
1.5846E-02
2.9130E-02
1.9346E-02
1.7990E-02
3.9908E-02
6.1313E-02
4.7698E-02
9.2864E-03
-1.0250E-02
-1.9383E-02
-3.8478E-02
-5.8122E-02
-3.9822E-02
1.1516E-02
4.1121E-02
3.1630E-02
4.0131E-03
-1.9461E-02
-3.3846E-02
-2.7665E-02
4.2018E-03
3.2484E-02
4.3044E-02
4.2385E-02
5.2697E-02
6.3868E-02
5.4810E-02
3.5222E-02
9.5634E-03
-9.2727E-04
7.5021E-03
3.2088E-02
5.1632E-02
3.7039E-02
-1.0182E-02
-5.4802E-02
-6.2708E-02
-1.2889E-02
5.1596E-02
5.9740E-02
-2.7945E-03
-4.9407E-02
-4.2273E-02
6.2745E-03
3.8899E-02
3.0204E-02
-1.7686E-02
-4.7791E-02
-3.5922E-02
4.9470E-03
5.3132E-02
8.8778E-02
7.5248E-02
2.2918E-02
-3.2028E-02
-6.1332E-02
-4.4611E-02
-1.3749E-02
-2.4244E-02
-3.2260E-02
-9.4735E-03
3.3264E-02
5.2592E-02
3.3607E-02
1.6811E-02
2.3165E-02
3.6020E-02
4.5730E-02
4.5456E-02
3.3948E-02
1.4618E-02
-1.2327E-02
-3.3649E-02
-3.3046E-02
-7.2177E-03
2.3423E-02
3.4933E-02
3.1037E-02
2.9260E-02
4.6301E-02
5.6306E-02
6.4407E-02
8.1089E-02
1.0029E-01
8.4354E-02
4.8071E-02
1.2231E-02
-9.6355E-03
-9.2041E-03
1.5206E-02
4.1297E-02
5.1357E-02
3.4195E-02
3.6511E-02
5.6124E-02
6.8927E-02
8.4297E-02
1.0193E-01
1.0135E-01
9.4526E-02
8.6443E-02
5.7346E-02
2.0087E-02
-2.1721E-02
-4.7310E-02
-5.0662E-02
-1.4430E-02
4.4145E-02
8.4384E-02
6.1016E-02
8.8755E-03
-1.7590E-02
-1.0376E-02
7.4856E-03
2.6124E-02
4.5034E-02
4.6160E-02
2.2250E-02
-9.0395E-03
-3.3641E-02
-4.9351E-02
-2.0637E-02
2.4250E-02
5.1776E-02
4.6749E-02
2.6974E-02
2.2899E-02
3.7762E-02
4.1239E-02
3.9805E-02
4.6849E-02
2.7926E-02
-2.3241E-02
-6.4635E-02
-5.4100E-02
-2.7661E-02
-4.2951E-02
-8.6707E-02
-1.0683E-01
-8.8484E-02
-5.2374E-02
-2.8949E-02
-2.1138E-02
-3.7670E-02
-6.8633E-02
-8.2319E-02
-4.9297E-02
-2.4341E-03
1.6270E-04
-4.3378E-02
-8.9643E-02
-1.0616E-01
-1.1095E-01
-1.1912E-01
-1.0233E-01
-6.0133E-02
-4.4662E-02
-4.5655E-02
-2.5869E-02
9.6888E-03
2.7712E-02
1.4484E-02
-1.3302E-02
-4.7702E-02
-8.8445E-02
-1.1284E-01
-1.2534E-01
-1.3437E-01
-1.2787E-01
-1.2520E-01
-1.6554E-01
-1.6833E-01
-8.1079E-02
2.6563E-02
8.8435E-02
1.0354E-01
7.4768E-02
1.7324E-02
-2.5506E-02
-8.9077E-03
7.8866E-03
-1.1989E-02
-4.2834E-02
-5.4768E-02
-3.8659E-02
-1.6838E-02
-5.9368E-03
-2.1521E-02
-4.3389E-02
-6.9496E-02
-1.0350E-01
-9.9839E-02
-6.4953E-02
-2.9261E-02
-2.8068E-02
-6.3304E-02
-1.0227E-01
-1.1944E-01
-9.8821E-02
-6.8934E-02
-7.0439E-02
-7.8779E-02
-9.9944E-02
-1.0825E-01
-6.4227E-02
-6.3722E-03
2.5336E-02
3.3073E-02
1.1932E-02
-3.3383E-02
-5.8330E-02
-5.0054E-02
-3.4411E-02
-3.3454E-02
-3.4940E-02
-1.0918E-02
3.3485E-02
4.2148E-02
3.4239E-02
5.3352E-02
7.7354E-02
6.7858E-02
4.0112E-03
-8.7549E-02
-1.5368E-01
-1.1688E-01
-1.2432E-02
5.4901E-02
8.3144E-02
1.0523E-01
1.1644E-01
9.6779E-02
5.1583E-02
3.2578E-02
6.8146E-02
8.4667E-02
5.7462E-02
4.2443E-03
-4.3206E-02
-6.6493E-02
-6.7915E-02
-7.5112E-02
-1.0044E-01
-7.4348E-02
3.1999E-03
3.2109E-02
-2.8672E-02
-1.4786E-02
3.5070E-02
3.5739E-02
2.0623E-02
5.0442E-02
8.2480E-02
6.5406E-02
4.0250E-03
-8.7839E-02
-1.5838E-01
-1.3649E-01
-5.7129E-02
2.1540E-02
6.6692E-02
5.1692E-02
4.2761E-03
-4.3157E-02
-6.3635E-02
-3.3385E-02
-9.8371E-03
-1.4344E-02
-5.7838E-02
-6.0633E-02
-1.7896E-02
4.3449E-02
9.3182E-02
1.0884E-01
4.6533E-02
-2.0782E-02
1.4687E-02
8.6931E-02
6.7401E-02
-1.3162E-02
-1.1354E-01
-1.8792E-01
-1.8337E-01
-1.0517E-01
-3.1822E-02
-9.2623E-03
-1.1086E-02
-1.1478E-02
-4.7055E-02
-9.4305E-02
-1.1297E-01
-5.6610E-02
6.1551E-02
1.3530E-01
1.1197E-01
-9.8305E-03
-1.3863E-01
-1.7695E-01
-9.1651E-02
1.1769E-02
2.2543E-02
1.3593E-03
9.9606E-03
2.6824E-02
2.9202E-02
-2.6928E-02
-1.2900E-01
-1.8299E-01
-4.7207E-02
1.4930E-01
1.9872E-01
9.0892E-02
-1.9009E-02
-2.8731E-02
5.1168E-02
1.1292E-01
1.3427E-01
1.3437E-01
1.5016E-01
1.2502E-01
2.0588E-02
-9.8294E-02
-1.4172E-01
-9.2368E-02
-2.8604E-02
-1.7294E-02
-1.9846E-02
3.7255E-02
1.0541E-01
1.6114E-01
1.7492E-01
1.1425E-01
4.6215E-02
-7.2482E-03
2.2057E-03
9.9661E-02
1.8976E-01
1.7472E-01
2.9333E-02
-1.2969E-01
-1.6973E-01
-7.1648E-02
2.8312E-02
7.0624E-02
8.2536E-02
8.5048E-02
1.1233E-01
1.2232E-01
4.7868E-02
-5.1819E-02
-1.2253E-01
-7.1021E-02
3.9876E-02
7.3609E-02
-1.2413E-02
-8.6310E-02
-9.2543E-02
-5.1666E-02
2.1604E-03
8.1910E-02
1.8305E-01
2.3432E-01
1.7432E-01
3.2858E-02
-6.6086E-02
-4.8741E-02
-7.0490E-03
-9.9264E-03
1.2377E-03
5.0138E-02
8.3086E-02
8.2880E-02
5.8487E-02
3.6672E-03
-3.9942E-02
-1.3016E-02
2.7511E-02
3.7186E-02
2.8356E-02
2.9688E-02
7.0088E-03
-3.8111E-02
-4.9409E-02
4.3001E-03
6.3984E-02
7.5076E-02
2.2037E-02
-4.8151E-02
-1.0373E-01
-1.3031E-01
-6.0358E-02
4.2441E-02
9.7816E-02
1.0887E-01
4.8344E-02
-4.4129E-02
-1.1312E-01
-9.9270E-02
-4.1112E-03
4.4573E-02
1.2083E-02
-1.1662E-02
3.9646E-02
1.2695E-01
1.8936E-01
1.6894E-01
9.0784E-02
3.0594E-02
3.4014E-03
1.5021E-02
-9.0508E-03
-2.1676E-02
5.4727E-02
1.1203E-01
1.4002E-01
8.9028E-02
2.0133E-02
1.2548E-02
-6.8023E-03
-2.4579E-02
-2.0823E-02
5.3116E-03
1.8585E-02
9.6147E-03
-2.8973E-02
-1.8331E-02
5.6238E-02
6.6683E-02
-5.4075E-02
-1.7392E-01
-2.1280E-01
-8.9039E-02
5.8041E-02
5.7199E-02
-3.4112E-02
-9.6917E-02
-6.8998E-02
-1.7197E-02
3.1490E-02
3.5450E-02
-7.8226E-03
-6.2889E-02
-7.5205E-02
-6.2551E-02
-2.9953E-02
-2.4224E-03
-1.2422E-02
-1.9992E-02
-5.8713E-03
5.6663E-02
1.3367E-01
2.0153E-01
2.2423E-01
2.2980E-01
2.1316E-01
1.4674E-01
6.7484E-02
-8.6351E-03
-7.2346E-02
-8.6149E-02
-5.2274E-02
-8.0667E-02
-1.4819E-01
-1.5836E-01
-7.3068E-02
3.0645E-02
4.8745E-02
-4.7720E-03
-6.7159E-02
-1.1450E-01
-1.0306E-01
-4.8260E-02
1.4824E-02
5.1375E-02
1.7181E-02
-3.7771E-02
-2.9639E-02
3.6325E-02
4.2198E-02
-2.6431E-02
-1.2775E-01
-1.9310E-01
-1.4188E-01
-1.4774E-02
1.0042E-01
9.9048E-02
4.2295E-02
3.6248E-02
3.9802E-02
-1.7339E-02
-1.2488E-01
-2.0794E-01
-1.9190E-01
-1.0977E-01
-5.0609E-02
-3.8301E-02
-5.0206E-02
-4.4433E-02
-1.3445E-02
5.0405E-02
9.3900E-02
8.4237E-02
-1.5506E-02
-1.6655E-01
-2.5479E-01
-1.8880E-01
-4.3213E-02
1.0050E-01
1.8406E-01
1.9492E-01
1.4191E-01
4.8707E-02
-2.3742E-02
-5.6900E-02
-5.4805E-02
-5.4200E-03
4.8723E-02
2.2888E-02
-4.0944E-02
-7.7491E-02
-7.1638E-02
-4.5401E-02
-1.8100E-02
1.4444E-02
2.4634E-02
2.1521E-02
1.9309E-02
8.0750E-03
2.6423E-02
7.3659E-02
1.0123E-01
7.5791E-02
3.3147E-02
3.1503E-02
2.4118E-02
-4.2321E-02
-1.1987E-01
-1.2225E-01
-2.7850E-02
5.5537E-02
4.6470E-02
-3.7132E-02
-8.5251E-02
-4.5901E-02
-1.9302E-02
-6.1974E-02
-8.7838E-02
-1.0393E-01
-1.1763E-01
-8.0448E-02
-2.5383E-02
-2.2566E-02
-2.7964E-02
1.9977E-02
8.5806E-02
1.3310E-01
1.1815E-01
6.7809E-02
5.9988E-02
8.1995E-02
8.6731E-02
9.5894E-02
8.6200E-02
4.9741E-02
9.0548E-03
4.0218E-03
2.1633E-02
2.2615E-02
2.3919E-02
3.6142E-02
2.9333E-02
1.6459E-03
3.5419E-02
9.9374E-02
9.2576E-02
1.4072E-02
-5.0745E-02
-4.0760E-02
2.1483E-02
4.9689E-02
-2.9995E-03
-9.1003E-02
-1.4380E-01
-1.0126E-01
-2.2683E-02
3.2846E-02
2.2131E-02
-1.0941E-02
1.0276E-03
2.4383E-02
2.9312E-02
-1.8770E-02
-9.3940E-02
-1.3222E-01
-8.6312E-02
-4.7908E-02
-7.4520E-02
-1.0586E-01
-9.1264E-02
-2.0470E-02
3.1811E-02
1.8848E-02
-3.5054E-02
-8.1940E-02
-1.0387E-01
-8.6999E-02
-2.3321E-02
7.4645E-02
1.5978E-01
1.9318E-01
1.4716E-01
5.2812E-02
-2.2110E-02
-6.1530E-02
-4.5429E-02
1.9056E-02
2.4834E-02
-3.6944E-02
-7.8053E-02
-6.2906E-02
-5.7483E-04
6.1089E-02
8.5763E-02
4.3922E-02
-6.3063E-02
-1.6959E-01
-2.3190E-01
-2.6526E-01
-2.6322E-01
-1.9499E-01
-9.0697E-02
7.6859E-03
7.2354E-02
1.1966E-01
1.3486E-01
6.9848E-02
-3.0309E-02
-1.2239E-01
-1.7994E-01
-1.8551E-01
-1.6897E-01
-1.4858E-01
-9.4537E-02
-2.7958E-02
-6.5018E-03
-2.8305E-02
-3.1747E-02
1.7382E-02
1.0087E-01
1.8240E-01
2.1164E-01
1.6249E-01
7.4946E-02
-1.0819E-02
-7.2596E-02
-9.5112E-02
-1.0445E-01
-7.3136E-02
-2.9638E-03
7.0237E-02
8.1187E-02
5.2006E-03
-8.2300E-02
-1.5349E-01
-1.9505E-01
-1.7535E-01
-7.6381E-02
9.1320E-03
2.6462E-02
-2.4893E-04
1.9162E-04
2.9763E-03
-2.4354E-02
-6.3102E-02
-6.2545E-02
-7.4870E-03
3.1841E-02
3.1331E-02
6.2704E-03
-1.6472E-02
-4.0711E-02
-6.2527E-02
-5.4162E-02
-3.5729E-02
-3.5064E-02
-2.8423E-02
-1.3755E-02
-2.7581E-02
-6.3331E-02
-6.3990E-02
-7.0616E-03
5.2613E-02
6.4742E-02
4.1133E-02
2.4658E-02
5.2054E-03
-1.3408E-02
2.9464E-03
4.2400E-02
5.8670E-02
4.1432E-02
-9.6622E-03
-4.1765E-02
1.7090E-03
7.0130E-02
9.1043E-02
6.0793E-02
3.2796E-02
2.3259E-02
3.4736E-02
2.4661E-02
-8.7758E-03
-3.8830E-02
-2.2773E-02
4.6607E-02
1.2033E-01
1.7927E-01
1.9326E-01
1.3008E-01
3.1964E-02
-5.3165E-02
-9.5561E-02
-7.3117E-02
-1.4794E-02
2.4537E-02
8.2635E-03
-4.2343E-02
-7.9144E-02
-7.5295E-02
-5.2388E-02
-4.3555E-02
-5.4629E-02
-6.2079E-02
-4.4685E-02
-1.2929E-02
3.3980E-02
9.8493E-02
1.1281E-01
3.2052E-02
-7.3843E-02
-1.3074E-01
-1.2027E-01
-7.2091E-02
-2.8380E-02
-1.0760E-02
-1.0571E-02
-2.6997E-02
-4.3846E-02
-4.8752E-02
-3.2587E-02
8.9954E-03
6.3226E-02
1.1802E-01
1.5340E-01
1.1860E-01
6.4408E-02
6.8457E-02
8.7933E-02
6.2795E-02
2.3875E-02
-4.7950E-03
-1.7631E-02
-1.0814E-03
1.3731E-02
-1.2535E-02
-5.4634E-02
-8.0436E-02
-5.3021E-02
9.4745E-03
5.9329E-02
5.9687E-02
2.1095E-02
-7.2702E-03
-1.8698E-03
2.5474E-02
6.3491E-02
9.1223E-02
7.8929E-02
5.1239E-02
3.9672E-02
5.5828E-02
7.6207E-02
5.7309E-02
2.7832E-02
3.4944E-02
6.0258E-02
8.8711E-02
7.8954E-02
9.2385E-03
-5.2295E-02
-2.6944E-02
4.2860E-02
2.8719E-02
-5.7714E-02
-1.0054E-01
-4.5917E-02
1.4944E-02
1.5618E-02
-1.6087E-02
-1.8048E-02
2.4525E-02
4.9601E-02
6.7190E-02
1.3212E-01
1.6892E-01
1.3434E-01
6.0022E-02
2.5766E-02
5.0877E-02
7.9561E-02
6.8749E-02
3.3062E-02
1.4872E-03
-1.7417E-02
-1.5430E-02
-1.6901E-02
-1.1862E-02
3.2279E-02
7.0145E-02
1.1050E-01
1.3898E-01
1.3432E-01
6.5663E-02
-1.1008E-02
-3.7290E-02
-1.0535E-02
1.8277E-02
3.3424E-03
-2.5933E-02
-2.8246E-02
-3.1606E-02
-5.5948E-02
-7.3965E-02
-8.6425E-02
-8.2457E-02
-5.6414E-02
-3.5572E-02
-3.1545E-02
-3.3313E-02
-1.9515E-02
8.2621E-03
1.4721E-02
-1.7116E-03
-2.4625E-02
-3.8559E-02
-1.2165E-02
3.3537E-02
5.0925E-02
5.6502E-03
-6.2652E-02
-8.1198E-02
-5.2653E-02
-4.3091E-02
-7.8735E-02
-1.1855E-01
-9.9721E-02
-3.7565E-02
5.0661E-03
4.6359E-03
-2.4616E-02
-6.1636E-02
-8.5079E-02
-1.0206E-01
-9.4519E-02
-4.9248E-02
-3.8991E-03
8.4375E-03
-9.9729E-03
-3.6244E-02
-5.0182E-02
-6.3176E-02
-7.6957E-02
-8.1871E-02
-6.8793E-02
-4.0411E-02
1.3705E-03
5.0670E-02
8.7254E-02
8.6895E-02
6.6603E-02
5.6898E-02
5.7713E-02
6.0615E-02
4.9208E-02
1.4760E-02
-4.7119E-03
1.1544E-03
-1.7027E-02
-6.3345E-02
-9.4285E-02
-9.5661E-02
-5.6578E-02
-1.1116E-02
5.3819E-03
-4.0159E-02
-8.6891E-02
-5.7803E-02
-6.0345E-03
1.7487E-02
8.7273E-03
-1.4244E-03
2.8484E-02
5.4049E-02
6.9041E-02
7.1639E-02
4.1751E-02
-1.7730E-02
-5.2399E-02
-4.0906E-02
-2.2716E-03
3.4058E-02
6.1534E-02
4.7502E-02
-2.7168E-02
-1.0237E-01
-7.9093E-02
1.7141E-02
8.0116E-02
8.4178E-02
8.5985E-02
1.1476E-01
1.3161E-01
1.0333E-01
4.8205E-02
-2.3264E-03
-1.7672E-02
-4.3542E-03
5.9640E-03
-7.9863E-03
-2.5846E-02
-4.0791E-02
-3.8856E-02
5.4005E-04
6.1264E-02
7.8736E-02
6.3337E-02
5.4853E-02
7.2572E-02
1.0020E-01
1.1620E-01
8.4168E-02
1.4695E-02
-4.0827E-02
-2.4453E-02
3.9918E-02
5.1869E-02
-2.2078E-02
-1.0317E-01
-1.3169E-01
-1.0273E-01
-2.5540E-02
4.4894E-02
4.9112E-02
9.9236E-03
-1.2941E-02
1.4332E-02
8.4989E-02
1.6965E-01
2.2056E-01
2.3577E-01
2.0624E-01
9.8159E-02
-4.9442E-02
-1.7391E-01
-2.2955E-01
-2.0766E-01
-1.0964E-01
-1.8372E-02
3.0056E-02
4.6563E-02
6.4642E-02
8.6164E-02
9.1200E-02
4.3359E-02
-1.6025E-02
-4.1312E-02
-2.0550E-02
3.9796E-02
8.6172E-02
6.9335E-02
-1.4325E-02
-9.6632E-02
-1.5662E-01
-1.5601E-01
-9.6498E-02
-3.3351E-02
-3.9268E-03
2.0550E-02
3.5151E-02
3.6159E-02
2.3929E-02
5.3158E-02
1.3499E-01
2.0407E-01
1.9346E-01
9.8140E-02
-1.2053E-02
-9.2826E-02
-1.3146E-01
-1.3339E-01
-1.2086E-01
-9.9610E-02
-7.5387E-02
-5.4970E-02
-2.3538E-02
1.5578E-03
-3.2458E-03
-6.1002E-02
-1.2187E-01
-1.3036E-01
-7.3173E-02
-1.8012E-02
3.6370E-03
-1.6358E-02
-5.3079E-02
-1.2425E-02
6.9337E-02
1.3815E-01
9.7818E-02
6.2030E-03
-1.5631E-02
1.8220E-02
-1.3219E-03
-5.5018E-02
-7.0171E-02
-3.2093E-02
4.5166E-03
-1.4240E-02
-4.6539E-02
-4.6715E-02
-9.1055E-03
2.5181E-02
1.3913E-02
-3.2275E-02
-5.9471E-02
-5.0566E-02
-3.2492E-02
-3.6985E-02
-6.0941E-02
-7.5389E-02
-8.9851E-02
-1.1252E-01
-1.1689E-01
-9.6490E-02
-4.6159E-02
1.9562E-03
3.7924E-02
4.4429E-02
1.9143E-02
6.2514E-03
1.9801E-02
3.3531E-02
-5.0430E-04
-6.0659E-02
-8.4266E-02
-6.6617E-02
-6.0732E-02
-8.8022E-02
-1.0428E-01
-5.1503E-02
5.2656E-02
9.0908E-02
1.8181E-02
-5.1962E-02
-1.1502E-02
8.5771E-02
1.5154E-01
1.8586E-01
1.6773E-01
1.0684E-01
3.9881E-02
-1.4878E-02
-6.1263E-02
-1.0469E-01
-1.1855E-01
-7.7307E-02
-3.5371E-02
2.9880E-03
3.1968E-02
4.5113E-02
3.1363E-02
-2.3184E-02
-8.1988E-02
-9.1034E-02
-4.1472E-02
8.4270E-04
-7.8788E-03
-4.6530E-02
-4.9965E-02
-3.1235E-02
-1.6785E-02
-3.9724E-02
-1.0176E-01
-1.6367E-01
-2.2341E-01
-2.3453E-01
-1.3792E-01
-4.9370E-03
9.6115E-02
1.1180E-01
1.1494E-01
1.4814E-01
1.6430E-01
1.7334E-01
1.5521E-01
8.4541E-02
5.8808E-03
-4.5052E-02
-7.5392E-02
-5.6814E-02
-1.2402E-02
6.1700E-03
-4.5236E-03
-3.2848E-02
-4.5622E-02
2.3836E-03
7.4023E-02
1.0191E-01
4.0295E-02
-6.6083E-02
-1.5321E-01
-1.9306E-01
-1.5852E-01
-8.9944E-02
-4.8288E-02
-4.8899E-02
-4.8100E-02
-2.3884E-02
-1.7314E-02
-3.3160E-02
-4.2163E-02
-4.7793E-03
5.2480E-02
9.4951E-02
1.1966E-01
1.2557E-01
8.6976E-02
-9.4193E-03
-1.1563E-01
-1.4307E-01
-1.0149E-01
-6.3229E-02
-5.4666E-02
-4.1497E-02
-3.4639E-02
-4.0013E-02
-2.9443E-02
1.9941E-02
6.8613E-02
7.5823E-02
4.2508E-02
1.2902E-02
-2.3717E-03
-1.4499E-02
-1.0192E-02
1.2698E-04
2.4211E-02
6.2824E-02
7.6185E-02
3.7325E-02
-2.9698E-02
-6.6148E-02
-8.5633E-02
-1.1832E-01
-1.6187E-01
-1.3349E-01
-2.4868E-02
6.6429E-02
7.0589E-02
-1.7170E-02
-8.7514E-02
-5.6415E-02
4.4426E-02
1.2576E-01
1.2533E-01
4.4784E-02
-2.7249E-02
-2.0090E-02
4.6160E-02
9.4785E-02
8.4730E-02
1.8478E-02
-2.4846E-02
-2.9434E-02
-1.4161E-02
5.3626E-03
3.1992E-02
3.6374E-02
2.1661E-02
-1.0804E-02
-4.1882E-02
-5.0209E-02
-3.0080E-02
-2.8856E-03
-2.0296E-04
-1.9647E-02
-1.7453E-02
3.5065E-02
1.1283E-01
1.6758E-01
1.6921E-01
1.2148E-01
5.1875E-02
1.0931E-02
9.9571E-03
3.0932E-02
1.9607E-02
-1.8342E-02
-3.0491E-02
2.9484E-03
4.7710E-02
9.3845E-02
1.3946E-01
1.6727E-01
1.5142E-01
9.9094E-02
6.2845E-02
7.0480E-02
1.1382E-01
1.3661E-01
1.1881E-01
1.0742E-01
1.0961E-01
8.5413E-02
4.0014E-02
6.8782E-04
-1.3528E-02
2.1365E-03
1.2656E-02
-5.6807E-03
-3.8988E-02
-5.3204E-02
-4.7695E-02
-4.8928E-02
-5.5822E-02
-7.4582E-02
-1.2669E-01
-1.9070E-01
-2.0439E-01
-1.1262E-01
1.1344E-02
1.1399E-01
1.7690E-01
1.7753E-01
1.4392E-01
8.5621E-02
2.8206E-02
-1.7696E-02
-6.2661E-02
-1.0455E-01
-1.2752E-01
-9.4311E-02
-1.5198E-02
1.8102E-02
-4.9125E-03
-8.6842E-03
3.4601E-02
8.0830E-02
4.8899E-02
-4.5730E-02
-9.6085E-02
-6.4180E-02
-1.6948E-02
-3.8614E-02
-6.6763E-02
-3.6303E-02
1.3761E-02
5.9375E-02
6.4416E-02
3.1551E-02
-1.3678E-03
-1.2125E-02
1.6947E-02
5.4108E-02
7.1461E-02
6.7086E-02
4.2886E-02
2.4019E-02
8.5474E-03
-6.1799E-03
-4.4915E-02
-1.0632E-01
-1.4468E-01
-1.3710E-01
-9.5679E-02
-3.5561E-02
3.2021E-02
9.0026E-02
1.1198E-01
8.9254E-02
5.2901E-02
2.8773E-02
2.1918E-03
-8.1847E-03
-2.6591E-03
3.1306E-03
9.8857E-03
2.5939E-02
2.8689E-02
-7.2275E-04
-4.2691E-02
-5.1675E-02
-8.8661E-03
4.1392E-02
5.3880E-02
2.4802E-02
1.4831E-02
4.3895E-02
4.6977E-02
2.0424E-02
2.5194E-03
-4.1359E-03
-3.0820E-02
-9.0726E-02
-1.3485E-01
-1.0199E-01
-3.3698E-02
-1.0765E-03
-4.3386E-02
-9.5622E-02
-8.5638E-02
-3.1851E-02
4.2462E-03
1.0741E-02
5.5951E-03
-6.3722E-03
-2.2095E-02
-4.2615E-02
-5.7228E-02
-6.7154E-02
-6.6375E-02
-3.9087E-02
1.0121E-02
4.1927E-02
2.0050E-02
1.3045E-02
6.4113E-02
1.2386E-01
1.6561E-01
1.5182E-01
7.3278E-02
1.9257E-03
-1.7654E-02
1.4957E-02
2.5142E-02
-2.4833E-02
-8.6125E-02
-1.0246E-01
-7.2271E-02
-3.1941E-02
-1.5403E-02
-2.3386E-02
-4.9314E-02
-7.9290E-02
-8.3317E-02
-3.1366E-02
6.2586E-02
1.4679E-01
1.6216E-01
7.9148E-02
-8.9156E-03
-5.2754E-02
-7.6927E-02
-6.4849E-02
-2.2184E-02
1.4454E-02
1.4077E-02
-8.7968E-04
3.2930E-03
-9.4401E-03
-4.6424E-02
-3.9427E-02
2.4839E-02
6.5327E-02
3.0987E-02
-3.1050E-02
-2.4407E-02
4.0307E-02
9.8850E-02
1.3586E-01
1.3637E-01
9.2540E-02
5.3731E-02
4.2735E-02
2.0075E-02
-4.4345E-02
-1.0610E-01
-8.8997E-02
-4.4965E-04
6.0291E-02
3.5930E-02
-4.0775E-02
-1.0109E-01
-1.0209E-01
-3.1308E-02
3.3542E-02
4.5926E-02
3.7654E-03
-2.5230E-02
1.0865E-02
6.9378E-02
8.5146E-02
7.9072E-02
9.1828E-02
1.1198E-01
1.1431E-01
1.0155E-01
9.9897E-02
1.0667E-01
9.1543E-02
3.7893E-02
-2.1364E-02
-5.1272E-02
-3.7258E-02
-6.0585E-03
3.4343E-03
-2.6091E-02
-7.4384E-02
-1.0871E-01
-1.0611E-01
-5.5646E-02
8.8027E-03
3.7011E-02
2.6472E-02
-1.6589E-02
-5.7563E-02
-8.1138E-02
-8.0287E-02
-7.1983E-02
-8.0456E-02
-7.9892E-02
-2.8038E-02
4.5273E-02
7.4898E-02
2.7883E-02
-5.6889E-02
-1.0684E-01
-1.1468E-01
-9.8634E-02
-6.1497E-02
-1.9140E-02
6.5134E-03
1.9091E-02
1.3580E-02
7.9022E-03
1.5272E-02
7.1595E-03
-2.6991E-02
-3.4692E-02
1.5223E-03
4.9487E-02
4.7256E-02
5.4461E-03
-2.2521E-02
-6.9893E-03
4.2802E-02
7.6919E-02
4.9807E-02
-7.8822E-04
-2.2128E-02
-2.4626E-02
-3.3777E-02
-3.0105E-02
5.7377E-03
4.0407E-02
4.6588E-02
3.5515E-02
2.8801E-02
3.0338E-02
3.0344E-02
2.0357E-02
1.8836E-02
4.7753E-02
6.8201E-02
4.8356E-02
2.2643E-02
2.0605E-02
1.1952E-02
-3.2818E-02
-8.5341E-02
-1.0501E-01
-7.5079E-02
-2.8524E-02
1.8707E-03
2.5123E-02
2.9525E-02
1.1652E-02
-7.2274E-03
-3.4245E-03
2.1006E-02
3.2752E-02
1.0284E-02
-1.4591E-02
-2.8547E-02
-4.1625E-02
-2.7212E-02
1.6210E-02
6.2820E-02
8.6269E-02
7.7616E-02
3.4403E-02
-2.4450E-02
-6.5743E-02
-4.7506E-02
1.6671E-02
6.6800E-02
7.6394E-02
4.8731E-02
-2.0137E-02
-1.1016E-01
-1.7327E-01
-1.1927E-01
2.0955E-02
1.2483E-01
1.3295E-01
5.4731E-02
-2.7037E-02
-5.8228E-02
-4.3255E-02
-2.6803E-02
-4.2299E-02
-4.9405E-02
-8.8894E-03
4.2447E-02
6.6978E-02
7.0004E-02
5.2900E-02
1.4173E-02
-2.5608E-02
-4.5542E-02
-5.6538E-02
-6.5405E-02
-7.3677E-02
-8.7879E-02
-1.0058E-01
-9.4009E-02
-6.2055E-02
-2.2368E-02
-2.5242E-03
-7.1926E-03
-1.6023E-02
-2.5543E-03
2.1075E-02
4.4201E-02
3.9565E-02
-5.2422E-03
-3.8777E-02
-2.5594E-02
-7.0924E-04
-1.6095E-02
-6.1261E-02
-9.0907E-02
-8.2177E-02
-3.3545E-02
2.9464E-02
6.2326E-02
3.8560E-02
-2.0773E-02
-7.0060E-02
-8.1822E-02
-8.9008E-02
-9.5914E-02
-8.2863E-02
-3.4113E-02
2.9816E-02
5.8514E-02
5.7497E-02
7.0033E-02
8.2113E-02
6.3660E-02
3.5354E-02
3.9076E-02
5.7752E-02
4.5793E-02
1.2436E-02
-1.2463E-02
-1.4724E-02
-1.7280E-02
-3.4382E-02
-4.8288E-02
-3.8826E-02
-1.8295E-02
-3.4641E-04
1.1215E-02
2.0592E-02
2.8990E-02
1.9703E-02
-4.8952E-03
-2.2889E-02
-1.9815E-02
5.1104E-03
4.3942E-02
6.0952E-02
3.2153E-02
-6.3605E-03
-2.0533E-03
3.5798E-02
6.9118E-02
7.9401E-02
5.5894E-02
1.6062E-02
7.5336E-03
4.1202E-02
7.3845E-02
7.1538E-02
3.8304E-02
-8.5548E-05
-7.3983E-03
1.3883E-02
2.8922E-02
3.6760E-03
-4.3893E-02
-6.6247E-02
-4.0485E-02
-1.0367E-02
-1.1211E-02
-2.6683E-02
-4.9969E-02
-6.6694E-02
-4.1328E-02
-3.3683E-03
1.2308E-02
8.1446E-03
-5.1581E-03
-2.8411E-03
3.5220E-03
-1.9688E-03
-1.7025E-02
-3.2084E-02
-3.5921E-02
-2.4871E-02
-4.2517E-03
1.1466E-02
1.8754E-02
2.0966E-02
2.6557E-02
2.5275E-02
2.5716E-02
2.6395E-02
1.5493E-02
4.6194E-03
6.8337E-03
1.3376E-02
-1.4351E-03
-2.9427E-02
-2.2488E-02
3.6162E-02
8.8742E-02
6.7991E-02
-5.4104E-05
-2.5441E-02
1.9066E-02
7.3074E-02
6.4641E-02
1.7890E-02
2.0103E-02
6.4030E-02
9.5628E-02
8.9453E-02
6.1344E-02
4.4355E-02
4.5083E-02
4.4363E-02
1.7503E-02
-2.4785E-02
-4.3982E-02
-2.2036E-02
4.5074E-03
-2.2530E-03
-1.0630E-02
1.1295E-02
4.2206E-02
3.3475E-02
-1.5906E-02
-4.5900E-02
-1.3771E-02
4.6695E-02
6.4837E-02
2.8889E-02
-2.0196E-02
-3.2628E-02
-9.8667E-03
2.5591E-03
-6.8393E-03
-2.1508E-02
-3.7174E-02
-4.9695E-02
-3.9926E-02
-1.5522E-03
2.3110E-02
1.7554E-02
-1.8030E-02
-5.7657E-02
-6.6673E-02
-4.6133E-02
-2.0814E-02
1.6438E-04
2.5344E-02
5.2482E-02
5.5535E-02
2.7832E-02
6.6139E-03
3.1020E-03
3.0243E-03
-6.4246E-03
-2.1655E-02
-4.0512E-02
-4.5224E-02
-2.3486E-02
8.6134E-04
1.2907E-02
2.2158E-02
2.0591E-02
3.9956E-03
1.3680E-03
4.3085E-03
-1.8330E-02
-4.7048E-02
-5.0968E-02
-8.3120E-03
4.1385E-02
6.6003E-02
6.1648E-02
2.3831E-02
-1.7638E-02
-4.6213E-02
-5.0658E-02
-2.0197E-02
6.6453E-03
1.3052E-02
3.6733E-03
-6.7853E-03
-1.5205E-02
-2.2753E-02
-1.1165E-02
1.6670E-02
3.8651E-02
3.4756E-02
8.7026E-03
-1.8548E-02
-1.9838E-02
7.3106E-04
1.3485E-02
9.6017E-03
1.4008E-02
6.7700E-03
-2.1136E-02
-3.7062E-02
-1.6979E-02
1.5510E-02
2.2902E-02
9.8890E-03
-3.9174E-04
4.0294E-03
1.0283E-02
8.4392E-03
7.6154E-03
1.2834E-02
4.4114E-03
-3.2909E-02
-5.7154E-02
-4.1101E-02
-1.2748E-02
-1.1781E-02
-3.2452E-02
-5.8815E-02
-5.8950E-02
-2.2170E-02
5.5243E-03
-5.9325E-03
-3.4055E-02
-4.6506E-02
-4.8494E-02
-4.2819E-02
-3.7256E-02
-3.8956E-02
-2.9295E-02
2.1212E-03
3.6286E-02
4.9296E-02
3.4049E-02
3.2356E-02
4.7469E-02
4.6305E-02
3.1420E-02
2.1279E-02
3.1527E-02
3.9980E-02
3.3214E-02
5.0918E-03
-3.1373E-02
-5.5220E-02
-5.7037E-02
-3.2781E-02
1.2822E-02
5.0746E-02
6.5262E-02
6.1888E-02
4.8044E-02
3.6786E-02
3.7719E-02
5.2604E-02
5.9556E-02
4.1817E-02
1.4787E-02
-8.6016E-03
-2.9457E-02
-3.8187E-02
-4.7474E-03
4.2552E-02
5.5286E-02
1.7542E-02
-2.9013E-02
-4.4249E-02
-2.9634E-02
-7.0383E-03
-6.0817E-03
-1.9666E-02
-2.4563E-02
-2.4511E-02
-6.8348E-03
2.1524E-02
3.7470E-02
2.7046E-02
1.5137E-02
1.1286E-02
-5.7960E-03
-2.6049E-02
-4.0881E-02
-3.7905E-02
-2.0772E-02
-2.4940E-03
1.2365E-02
1.8063E-02
6.4456E-03
-2.2392E-02
-2.4891E-02
-1.1994E-05
2.1452E-02
4.1113E-02
3.9078E-02
3.6809E-03
-2.4814E-02
-2.5861E-02
-2.5835E-02
-3.8765E-02
-5.0490E-02
-5.3025E-02
-4.6335E-02
-2.7224E-02
2.4188E-03
3.1040E-02
3.1017E-02
-7.0688E-03
-3.7728E-02
-4.3018E-02
-4.0296E-02
-4.5231E-02
-4.1740E-02
-3.0669E-02
-3.4371E-02
-4.7493E-02
-4.2372E-02
-3.5790E-02
-4.3901E-02
-4.5905E-02
-2.2539E-02
1.5496E-02
5.2641E-02
7.1517E-02
6.8007E-02
5.2181E-02
3.6456E-02
1.8926E-02
-3.5535E-03
-2.2199E-02
-2.3263E-02
-2.6428E-03
1.8305E-02
3.8274E-02
6.4471E-02
7.1451E-02
5.1016E-02
1.6985E-02
-1.6047E-02
-3.5167E-02
-2.3142E-02
1.8403E-03
-2.8547E-03
-2.4678E-02
-2.8769E-02
-1.2758E-02
3.3302E-03
-6.2378E-03
-2.4979E-02
-2.7602E-02
-1.5481E-02
1.5478E-03
-6.9205E-03
-3.1857E-02
-2.0816E-02
1.5255E-02
2.3704E-02
4.1661E-03
-9.4440E-03
-1.2029E-02
-1.2275E-02
-1.2737E-02
-8.9802E-03
-1.3463E-02
-1.4213E-02
1.0816E-02
2.8030E-02
1.0180E-02
-3.8751E-04
3.1504E-02
7.5920E-02
9.1951E-02
6.8304E-02
3.5693E-02
1.6039E-02
1.8291E-02
2.0304E-02
3.6665E-03
-2.9853E-02
-7.0118E-02
-8.7614E-02
-6.1701E-02
-2.0772E-02
-2.5842E-03
-4.4403E-03
-1.4355E-02
-1.2402E-02
4.7450E-03
8.7070E-03
-1.2282E-02
-3.3545E-02
-2.7308E-02
8.8676E-03
3.1730E-02
5.0809E-03
-4.5368E-02
-6.1963E-02
-3.8775E-02
4.4085E-04
2.6809E-02
2.9933E-02
3.0672E-03
-2.8156E-02
-3.3751E-02
-2.2886E-02
-6.9596E-03
8.7261E-03
1.3757E-02
2.7424E-02
5.0715E-02
7.2368E-02
5.2760E-02
-6.1506E-03
-4.9932E-02
-5.4166E-02
-3.4495E-02
-2.3326E-02
-2.5619E-02
-2.3731E-02
-1.9727E-02
-2.5281E-02
-3.9958E-02
-4.9387E-02
-3.8185E-02
-2.1232E-02
-3.0687E-02
-5.4157E-02
-5.5906E-02
-2.5334E-02
5.2853E-03
-7.7832E-03
-5.0403E-02
-6.0188E-02
-2.7948E-02
7.9720E-04
8.1533E-03
1.0661E-02
1.5679E-02
1.4240E-02
3.4989E-03
-8.1333E-03
-9.1249E-03
8.6867E-04
4.3687E-03
-4.9308E-03
-2.3153E-02
-3.1387E-02
-2.1450E-02
-1.7199E-02
-3.6066E-02
-5.7612E-02
-5.1855E-02
-2.1692E-02
-1.3480E-02
-2.2300E-02
-1.6365E-02
-3.4837E-03
3.9747E-03
3.7248E-03
2.6751E-03
1.5031E-02
3.1089E-02
4.6533E-02
6.5945E-02
7.5826E-02
6.8371E-02
6.0716E-02
7.3403E-02
9.5372E-02
1.0032E-01
8.3114E-02
5.5796E-02
3.2572E-02
2.4687E-02
3.4344E-02
5.6353E-02
6.7927E-02
4.2948E-02
-2.9068E-03
-4.4836E-02
-5.1843E-02
-3.9523E-02
-3.9414E-02
-4.8030E-02
-4.5499E-02
-1.4465E-02
3.0108E-02
6.8856E-02
8.9959E-02
9.2571E-02
6.6258E-02
2.7798E-02
-8.2683E-03
-4.0574E-02
-6.7666E-02
-7.8955E-02
-6.1078E-02
-2.4715E-02
1.6452E-04
1.0784E-02
1.0730E-02
6.1781E-03
-9.9092E-03
-3.4447E-02
-3.7978E-02
-1.7637E-02
-5.0588E-03
-2.0545E-02
-4.4669E-02
-5.4053E-02
-5.3188E-02
-5.0319E-02
-4.1471E-02
-3.3762E-02
-1.4323E-02
1.3248E-02
2.9294E-02
2.5624E-02
2.7962E-03
-1.3179E-02
3.5608E-04
3.1479E-02
5.6622E-02
5.5470E-02
4.2451E-02
3.1784E-02
1.9996E-02
9.4031E-03
1.6847E-02
3.2979E-02
3.5450E-02
3.0693E-02
3.5071E-02
4.4759E-02
6.1253E-02
7.3168E-02
8.1516E-02
7.4040E-02
4.5641E-02
1.7994E-02
1.2104E-02
1.2754E-02
-2.9142E-03
-2.0891E-02
-1.6887E-02
1.3134E-03
1.8562E-02
1.7430E-02
-1.4210E-03
-1.0567E-02
-1.0463E-02
-1.3812E-02
-2.1716E-02
-1.1474E-02
1.2550E-02
2.7531E-02
2.3620E-02
1.9331E-02
2.7621E-02
3.9437E-02
4.7989E-02
3.6203E-02
9.6085E-03
-3.6985E-03
1.6021E-02
4.7475E-02
5.2661E-02
1.8464E-02
-1.3929E-02
-1.3453E-02
5.0059E-03
7.6717E-03
-4.0848E-03
-2.8079E-02
-5.6157E-02
-5.2825E-02
-1.0188E-02
2.2305E-02
1.6352E-02
2.6918E-03
1.3742E-02
3.2868E-02
4.4224E-02
4.0074E-02
3.6684E-02
4.6663E-02
5.8766E-02
5.0700E-02
2.7058E-02
-1.8339E-03
-1.4435E-02
-3.9278E-03
8.9946E-03
-7.6595E-03
-4.2507E-02
-6.9507E-02
-7.2803E-02
-5.3455E-02
-3.8465E-02
-4.5201E-02
-6.2012E-02
-8.0978E-02
-8.4806E-02
-5.4149E-02
-1.0175E-02
1.5771E-02
1.0380E-02
-9.2935E-03
-1.4332E-02
-6.0736E-03
-1.3687E-02
-4.2774E-02
-4.9769E-02
-1.8874E-02
2.5186E-02
5.0295E-02
4.8331E-02
2.3624E-02
3.0490E-03
-7.6491E-03
-1.0403E-02
1.5610E-03
2.1690E-02
3.5793E-02
3.7350E-02
2.6740E-02
4.6508E-03
-8.0604E-03
4.5902E-03
2.9585E-02
4.7029E-02
3.8355E-02
-9.6079E-04
-3.8867E-02
-3.7818E-02
-1.5297E-02
-9.3659E-03
-1.6206E-02
-2.1140E-02
-1.7977E-02
1.4998E-03
2.1907E-02
3.5346E-02
3.2961E-02
3.2562E-02
5.0334E-02
7.5532E-02
8.5875E-02
5.3415E-02
3.8664E-03
-2.3975E-02
-1.7411E-02
-2.7884E-03
-1.0749E-02
-3.4658E-02
-4.5830E-02
-2.8769E-02
-1.5080E-02
-2.4292E-02
-3.0136E-02
-1.6561E-02
-1.0805E-02
-1.8913E-02
-7.8168E-03
1.5084E-02
1.3706E-02
-3.8003E-03
-9.4141E-03
1.0195E-03
8.8557E-03
3.2652E-03
-1.3655E-02
-2.5283E-02
-1.1749E-02
2.2245E-02
3.5023E-02
9.1769E-03
-3.9628E-02
-6.4658E-02
-2.3133E-02
4.3811E-02
6.6956E-02
4.1765E-02
8.6730E-03
3.9729E-03
1.7119E-02
2.0414E-02
1.0940E-02
2.1233E-03
-1.1482E-02
-3.5978E-02
-5.4144E-02
-3.8165E-02
-6.4908E-03
-1.9528E-03
-1.7499E-02
-3.0965E-02
-4.1876E-02
-4.1366E-02
-2.6383E-02
-7.6418E-03
-3.3169E-03
1.1970E-03
2.1184E-02
5.3440E-02
7.1490E-02
6.5074E-02
4.6414E-02
2.8539E-02
1.3855E-02
-4.0027E-03
-2.2267E-02
-2.8090E-02
-2.5946E-02
-2.7690E-02
-2.1436E-02
-3.1271E-03
8.4099E-04
-1.8636E-02
-4.7902E-02
-6.2057E-02
-4.2753E-02
-9.8884E-04
3.0065E-02
3.6574E-02
1.9004E-02
-1.1946E-02
-3.9134E-02
-5.1124E-02
-5.3396E-02
-5.5976E-02
-5.6666E-02
-4.4530E-02
-3.8801E-02
-6.4126E-02
-9.2601E-02
-9.1640E-02
-6.6257E-02
-2.7035E-02
-1.5681E-03
5.3950E-04
-2.3016E-02
-4.9222E-02
-5.1199E-02
-2.9131E-02
-1.8171E-02
-2.4975E-02
-2.5279E-02
-1.1149E-02
7.1267E-03
1.8916E-02
2.0332E-02
2.0380E-02
1.9179E-02
2.4130E-02
3.1589E-02
2.7431E-02
1.0796E-02
1.4132E-03
1.4932E-02
3.6838E-02
4.2659E-02
2.5034E-02
9.2028E-03
1.1185E-02
2.1252E-02
4.3355E-02
7.1833E-02
8.9303E-02
6.2463E-02
1.2214E-02
-2.3463E-02
-2.7297E-02
-8.9323E-03
1.3203E-02
2.9383E-02
2.6039E-02
3.0033E-03
-1.0340E-02
3.3128E-03
2.1041E-02
1.4514E-02
1.2480E-02
3.0252E-02
4.7823E-02
4.2785E-02
1.8930E-02
-3.3292E-03
6.7779E-03
4.0934E-02
4.3416E-02
9.5368E-03
-1.9360E-02
-4.1671E-02
-5.6331E-02
-6.0588E-02
-4.4915E-02
-3.0326E-02
-3.6694E-02
-4.5787E-02
-3.0068E-02
-4.2316E-03
2.6817E-03
-1.1302E-02
-2.2748E-02
-2.5026E-02
-1.8924E-02
-9.1886E-03
-1.5980E-02
-3.3292E-02
-4.2057E-02
-3.5743E-02
-1.2499E-02
9.7528E-03
1.3057E-02
8.3250E-03
1.2004E-02
6.7728E-03
-1.6922E-02
-4.0187E-02
-3.7303E-02
-2.6213E-02
-2.4300E-02
-3.0168E-02
-3.1756E-02
-1.3354E-02
9.4442E-03
1.3776E-02
6.6350E-03
7.1376E-03
2.4315E-02
3.6542E-02
2.7067E-02
-1.9242E-03
-2.3179E-02
-2.2693E-02
-2.0751E-03
1.2314E-02
1.2525E-02
9.4605E-03
1.7614E-02
2.0213E-02
1.0494E-02
-3.1014E-04
-1.7273E-03
-1.7323E-02
-4.6458E-02
-5.9634E-02
-3.6060E-02
-1.6397E-03
1.4784E-02
-1.9924E-03
-3.9062E-02
-6.0480E-02
-2.9236E-02
1.7779E-02
3.2159E-02
2.2575E-02
1.6833E-02
2.5956E-02
2.9299E-02
1.3910E-02
1.4736E-03
-2.9618E-03
-6.2964E-03
-2.2149E-03
3.8990E-03
-3.6727E-03
-1.1271E-02
-9.9651E-03
-4.7384E-03
-1.4374E-02
-2.5517E-02
-2.9498E-02
-3.4209E-02
-3.4248E-02
-1.6362E-02
1.1966E-02
4.0408E-02
4.7968E-02
3.5130E-02
1.6695E-02
7.6064E-03
1.0732E-02
1.5178E-02
1.6244E-02
2.1047E-02
1.8550E-02
-5.9883E-04
-2.2649E-02
-2.4261E-02
-1.4271E-02
-1.1995E-02
-1.8347E-02
-1.8455E-02
-1.6483E-02
-1.5922E-02
-8.6614E-03
-3.9265E-03
-4.9885E-03
-3.1690E-04
5.2741E-03
9.7754E-03
1.7207E-02
2.9365E-02
2.9781E-02
2.6549E-02
2.1949E-02
1.3626E-02
8.3309E-03
1.8692E-02
2.9313E-02
3.7073E-02
4.9838E-02
5.4902E-02
4.3694E-02
2.8912E-02
2.8898E-02
3.7876E-02
3.0742E-02
6.2292E-03
-1.6880E-02
-1.3652E-02
1.7621E-02
5.1208E-02
4.4181E-02
4.7325E-03
-1.6112E-02
1.1470E-02
4.7145E-02
4.3813E-02
1.6648E-02
1.1692E-02
3.0368E-02
4.9329E-02
4.8391E-02
1.9927E-02
-2.3517E-02
-3.9784E-02
-2.1253E-02
-4.5667E-03
-1.4378E-02
-3.5168E-02
-3.2492E-02
-9.0171E-03
1.3697E-02
1.3431E-02
-1.1590E-02
-3.1143E-02
-4.3581E-02
-4.7380E-02
-4.3279E-02
-2.4474E-02
3.4994E-03
1.9709E-02
1.4461E-02
1.0187E-02
1.1256E-02
-8.7737E-03
-4.5352E-02
-6.2745E-02
-6.3261E-02
-5.7160E-02
-4.0103E-02
-1.3418E-02
-5.3823E-03
-1.4406E-02
-3.4388E-03
2.4541E-02
3.9160E-02
2.6377E-02
-2.5473E-03
-1.3404E-02
-6.6670E-03
7.4110E-03
1.2597E-02
2.5300E-02
4.6523E-02
6.0870E-02
5.6754E-02
5.2572E-02
6.1313E-02
6.3692E-02
3.2890E-02
-7.0018E-03
-2.0882E-02
-5.6005E-03
-6.0155E-04
-1.8043E-02
-3.4578E-02
-3.1393E-02
1.3953E-03
3.7952E-02
3.9496E-02
1.1780E-02
-6.3509E-03
-6.5865E-03
-4.3395E-03
-5.2649E-03
-1.5532E-02
-2.2398E-02
-1.1288E-02
1.4380E-02
3.2930E-02
3.8543E-02
2.5302E-02
4.0175E-03
-1.6191E-02
-3.6854E-02
-5.4517E-02
-5.2836E-02
-3.0301E-02
-1.5456E-02
-2.6926E-02
-4.7860E-02
-5.8914E-02
-4.4792E-02
-1.7560E-02
1.6421E-03
6.5711E-04
-1.2994E-02
-1.8978E-02
-1.9051E-02
-1.5626E-02
-1.0197E-02
-1.0678E-03
1.6484E-02
2.9481E-02
3.9112E-02
3.6464E-02
1.9347E-02
4.0741E-03
7.9269E-04
2.3070E-03
2.8242E-03
1.0325E-03
-4.2508E-03
-1.6309E-02
-2.3804E-02
-2.2591E-02
-1.4783E-02
-1.2010E-02
-1.4068E-02
-2.0281E-02
-2.7717E-02
-2.9480E-02
-2.7894E-02
-2.1728E-02
-9.2443E-03
-5.2531E-03
-1.0835E-02
-1.3744E-03
1.9615E-02
2.0892E-02
-2.8891E-03
-2.3604E-02
-1.0594E-02
2.2090E-02
4.1678E-02
4.2722E-02
3.4994E-02
1.7648E-02
-6.5950E-03
-2.9311E-02
-2.4553E-02
1.3676E-02
4.2711E-02
3.4746E-02
1.0920E-02
1.3273E-03
1.3550E-02
2.6010E-02
2.5400E-02
1.1730E-02
-8.3704E-03
-1.9981E-02
-2.9061E-02
-4.0515E-02
-4.5357E-02
-3.7809E-02
-2.1821E-02
-1.7196E-02
-2.4306E-02
-2.8717E-02
-2.2937E-02
-9.6656E-03
1.1269E-03
7.0199E-03
1.1659E-02
1.1033E-02
1.4252E-03
-5.6111E-03
4.4662E-03
1.4059E-02
2.3337E-03
-1.6894E-02
-2.4172E-02
-2.5991E-02
-3.2427E-02
-3.5697E-02
-2.8593E-02
-2.4288E-02
-8.3206E-03
2.0790E-02
4.4714E-02
4.8271E-02
3.7118E-02
2.7243E-02
1.9138E-02
-1.4538E-03
-2.3371E-02
-2.5652E-02
-1.4887E-02
-1.3142E-02
-5.0880E-03
1.3124E-02
2.9888E-02
3.8895E-02
2.4140E-02
-3.3928E-03
-7.8407E-03
1.1514E-02
2.6256E-02
1.2807E-02
-7.6103E-03
-1.2372E-02
-2.1013E-03
8.3500E-03
1.0597E-02
1.1562E-02
1.9294E-02
2.4993E-02
2.0701E-02
1.7602E-02
1.4830E-02
2.4922E-03
-1.3419E-02
-2.1400E-02
-1.6061E-02
2.9044E-03
2.5058E-02
3.2690E-02
1.5691E-02
-6.7203E-03
-8.8000E-04
2.4591E-02
4.2106E-02
4.2578E-02
2.4047E-02
-3.7028E-03
-2.0958E-02
-2.7135E-02
-1.5079E-02
1.2333E-02
3.2874E-02
2.0417E-02
-6.6753E-03
-4.9817E-03
2.2437E-02
3.7702E-02
3.6277E-02
2.6824E-02
9.9087E-03
-2.5814E-04
7.0972E-03
1.5235E-02
1.0653E-02
-2.2372E-03
-5.3313E-03
-3.2663E-04
4.2554E-04
-9.4747E-03
-1.4399E-02
-5.9078E-03
1.3452E-02
2.9584E-02
3.2102E-02
2.2473E-02
1.2797E-02
8.1562E-03
1.7342E-02
2.9293E-02
2.3712E-02
3.7656E-03
-7.7908E-03
-9.0580E-05
1.2383E-02
1.0352E-02
5.2132E-03
3.5387E-03
1.0754E-03
1.5758E-04
9.9403E-03
1.6698E-02
4.7706E-03
-1.1206E-02
-1.1667E-02
-6.6786E-03
-2.8499E-03
4.7560E-03
1.7861E-02
2.9485E-02
2.5646E-02
1.2443E-03
-2.0825E-02
-2.8302E-02
-2.8192E-02
-2.5881E-02
-1.2361E-02
-2.5110E-03
-3.9157E-04
-1.8493E-03
-7.5364E-03
-1.1292E-02
-5.7058E-03
9.6824E-03
2.6829E-02
2.2483E-02
1.0713E-03
-5.2943E-03
5.8812E-03
1.0911E-02
1.0919E-03
-1.0622E-02
-1.6505E-02
-1.0518E-02
-2.0710E-03
7.5374E-04
6.3075E-03
5.9278E-03
-3.9434E-03
-6.7012E-03
5.3634E-03
1.4246E-02
1.1347E-02
1.9951E-03
2.1288E-03
1.2704E-02
2.1471E-02
2.9099E-02
3.4972E-02
3.2689E-02
1.6450E-02
-5.8415E-03
-1.6719E-02
-1.7166E-02
-1.1534E-02
-4.5041E-03
-6.0600E-03
-9.9244E-03
-2.3385E-03
1.5273E-02
1.4071E-02
-1.4258E-02
-3.7692E-02
-3.4271E-02
-2.0862E-02
-1.8157E-02
-1.7739E-02
-1.3191E-02
-1.0325E-02
-1.4191E-03
1.7360E-02
3.3446E-02
1.1950E-02
-4.2055E-02
-8.0151E-02
-6.5755E-02
-1.3263E-02
2.2805E-02
2.3744E-02
1.5594E-02
2.1511E-02
2.6216E-02
1.7567E-02
-1.3198E-03
-1.8135E-02
-2.3904E-02
-2.2121E-02
-1.8653E-02
-1.8627E-02
-2.4702E-02
-2.8901E-02
-2.7703E-02
-1.8418E-02
-1.1435E-02
-1.0345E-02
-9.8887E-03
-1.4790E-03
1.2313E-02
1.8439E-02
1.8627E-02
1.6157E-02
1.5185E-02
1.3348E-02
2.5831E-03
-1.1045E-02
-1.8027E-02
-1.3911E-02
-4.5219E-03
3.4490E-03
1.5374E-02
3.4009E-02
3.7763E-02
9.7331E-03
-2.3865E-02
-3.7072E-02
-2.1362E-02
-3.8448E-04
1.0128E-02
-2.2269E-03
-2.5917E-02
-2.9971E-02
4.7098E-03
4.6754E-02
7.0847E-02
6.4678E-02
2.9584E-02
5.4930E-03
1.3112E-02
2.4540E-02
5.8106E-03
-1.8419E-02
-3.3617E-02
-3.2671E-02
-2.8229E-02
-3.6256E-02
-4.8130E-02
-3.5041E-02
-1.0299E-02
-8.4388E-05
5.0851E-03
1.0131E-02
6.5783E-05
-1.3764E-02
-1.8152E-02
-6.9102E-03
1.3458E-02
1.9434E-02
-2.2883E-03
-2.1946E-02
-1.5640E-02
-1.9808E-03
9.5959E-03
2.0919E-02
1.9677E-02
1.1931E-02
1.4720E-02
2.3591E-02
1.7823E-02
-5.1797E-04
-1.3866E-03
1.4082E-02
2.6732E-02
2.1505E-02
3.2670E-03
-2.5855E-03
4.0973E-03
3.7977E-03
-2.7073E-03
7.8040E-03
2.2973E-02
2.0135E-02
4.6230E-03
-7.2217E-03
-6.2216E-03
6.6808E-04
9.7929E-04
-1.1504E-02
-3.4859E-02
-5.4201E-02
-4.7000E-02
-1.8800E-02
-7.2886E-03
-1.1421E-02
-1.6740E-02
-1.6785E-02
-7.2284E-03
-1.5371E-03
-7.2123E-03
-5.6119E-03
-4.9960E-04
1.8436E-03
5.9075E-03
5.5570E-03
-7.4358E-03
-2.3103E-02
-2.1166E-02
-1.1101E-02
-1.0416E-02
-4.4243E-03
1.2523E-02
2.9461E-02
3.7712E-02
3.7353E-02
3.3127E-02
2.3980E-02
1.0732E-02
2.2880E-04
-2.8711E-03
-4.7763E-03
-8.0139E-03
-1.1433E-02
-1.3231E-02
-7.1677E-03
6.5976E-03
2.7084E-02
5.0751E-02
5.7674E-02
2.9930E-02
2.2693E-03
6.9975E-03
1.8672E-02
7.0881E-03
-1.4093E-02
-3.3808E-02
-3.4399E-02
-4.0243E-03
2.9409E-02
4.0755E-02
2.9319E-02
1.7780E-02
1.7333E-02
1.6384E-02
1.1550E-02
5.7887E-04
-9.2353E-04
1.1407E-02
2.2725E-02
8.9186E-03
-2.1545E-02
-3.8761E-02
-2.8052E-02
-7.8122E-03
5.3686E-04
5.7792E-03
1.2338E-02
1.5933E-02
2.1417E-02
2.5946E-02
1.7671E-02
-2.5549E-03
-2.1545E-02
-3.2857E-02
-2.6982E-02
-5.1586E-03
1.7638E-03
-6.1665E-03
-5.2764E-03
3.5423E-03
1.0302E-02
1.6002E-02
1.6371E-02
8.2064E-03
4.9174E-03
4.1267E-04
-1.7853E-02
-2.7084E-02
-1.0645E-02
1.8633E-02
2.9523E-02
1.2728E-02
-9.1019E-03
-2.4846E-02
-2.8091E-02
-2.1882E-02
-2.3743E-02
-2.7054E-02
-2.4589E-02
-2.1807E-02
-2.0695E-02
-1.4923E-02
-9.5330E-03
-6.4194E-03
-4.8339E-03
2.3606E-03
2.6979E-03
-1.1046E-02
-2.4464E-02
-1.9779E-02
-6.4245E-03
5.8578E-03
1.9636E-02
2.9906E-02
1.7303E-02
-3.7878E-03
-1.1184E-02
-1.2840E-02
-1.7853E-02
-1.8155E-02
-1.1570E-02
-8.0798E-03
-6.4849E-03
5.8740E-03
2.3589E-02
3.1614E-02
3.3049E-02
3.2893E-02
2.4011E-02
1.9803E-02
2.0782E-02
6.5723E-03
-1.6534E-02
-1.9360E-02
1.2828E-03
1.5987E-02
2.8983E-04
-3.4775E-02
-5.0016E-02
-3.6741E-02
-2.4273E-02
-3.5364E-02
-4.4551E-02
-3.7407E-02
-2.9847E-02
-2.4241E-02
-5.8447E-03
1.9794E-02
3.2729E-02
2.0694E-02
-5.5547E-03
-2.5268E-02
-2.9033E-02
-2.1769E-02
-1.0829E-02
-1.5229E-03
1.0357E-02
2.4211E-02
2.3123E-02
9.6300E-03
1.2519E-04
1.3866E-02
3.5956E-02
3.9335E-02
2.2125E-02
3.3858E-03
-5.4852E-03
-6.4629E-03
-1.0542E-03
2.8168E-03
-2.9191E-03
-5.5316E-03
4.1300E-03
1.6554E-02
1.8265E-02
1.5068E-02
1.7496E-02
1.8043E-02
7.8163E-03
-1.2378E-02
-2.2066E-02
-9.0195E-03
6.4647E-03
6.8901E-03
6.2634E-04
1.2904E-02
3.5518E-02
5.1775E-02
4.6912E-02
2.4348E-02
7.1071E-03
3.6873E-03
3.0578E-04
-7.7752E-03
-9.7827E-03
-1.0393E-03
4.4587E-03
8.3758E-03
1.0185E-02
4.1025E-03
3.2884E-03
1.1992E-02
1.6397E-02
1.6983E-02
1.7579E-02
1.1625E-02
3.8961E-03
6.5698E-03
1.6841E-02
2.8094E-02
2.3874E-02
9.4169E-03
9.6545E-03
2.9072E-02
4.3525E-02
2.6475E-02
-6.4793E-03
-2.6925E-02
-3.0812E-02
-2.7243E-02
-2.5690E-02
-2.9377E-02
-3.0359E-02
-1.4109E-02
1.4101E-02
4.1134E-02
4.6459E-02
1.7730E-02
-1.8824E-02
-3.1195E-02
-1.4411E-02
-4.7167E-03
-2.9320E-02
-6.1101E-02
-8.3084E-02
-8.4819E-02
-5.9765E-02
-3.7539E-02
-4.9317E-02
-6.9093E-02
-7.9621E-02
-8.4935E-02
-8.6522E-02
-8.4449E-02
-8.4340E-02
-8.8463E-02
-9.7004E-02
-1.0461E-01
-1.0758E-01
-9.2574E-02
-6.7155E-02
-5.1795E-02
-5.3003E-02
-5.8258E-02
-5.6221E-02
-5.0338E-02
-4.6975E-02
-4.7157E-02
-5.3062E-02
-5.5341E-02
-4.1889E-02
-2.3316E-02
-1.4578E-02
-1.2081E-02
-8.2596E-03
3.4474E-03
1.1698E-02
1.2554E-02
7.7695E-03
8.6733E-03
2.0165E-02
3.9132E-02
5.0325E-02
4.7303E-02
3.4020E-02
2.2006E-02
2.1299E-02
3.3566E-02
4.7818E-02
5.9625E-02
6.5791E-02
6.7893E-02
5.9757E-02
4.0547E-02
1.9411E-02
8.0037E-03
9.9241E-03
2.8307E-02
4.9344E-02
6.6640E-02
7.8286E-02
7.8928E-02
6.3531E-02
4.9954E-02
4.9098E-02
4.9727E-02
4.9218E-02
5.0273E-02
5.3090E-02
6.4537E-02
8.2681E-02
1.0276E-01
1.1852E-01
1.2408E-01
1.1368E-01
9.5091E-02
7.5022E-02
5.7264E-02
3.8413E-02
2.0534E-02
7.2497E-03
1.4062E-03
-3.0457E-03
-6.9804E-03
-1.6027E-02
-3.1392E-02
-5.3660E-02
-7.1934E-02
-7.5815E-02
-6.6895E-02
-6.2517E-02
-6.6192E-02
-7.0511E-02
-6.5726E-02
-4.7725E-02
-2.8803E-02
-1.5934E-02
-1.4114E-02
-3.1437E-02
-4.9054E-02
-5.8231E-02
-6.2904E-02
-6.5705E-02
-6.5837E-02
-6.1254E-02
-4.6698E-02
-2.2508E-02
4.0740E-03
1.7307E-02
1.0545E-02
-1.1692E-02
-2.5760E-02
-2.2438E-02
-1.0140E-02
3.6635E-04
1.2390E-02
2.6821E-02
4.6682E-02
6.6480E-02
8.3620E-02
8.5216E-02
7.8684E-02
7.4369E-02
6.8220E-02
5.2777E-02
3.2188E-02
1.6414E-02
2.6865E-02
5.3926E-02
7.6840E-02
8.5927E-02
7.3424E-02
4.5706E-02
2.3949E-02
9.6324E-03
-1.5931E-03
-1.2937E-02
-2.6301E-02
-3.8796E-02
-4.1230E-02
-3.5180E-02
-2.8948E-02
-3.2163E-02
-3.3419E-02
-3.0682E-02
-2.9486E-02
-2.3438E-02
-6.5235E-03
3.1075E-03
3.7280E-03
9.3006E-03
2.3336E-02
2.2614E-02
7.5283E-04
-2.7559E-02
-4.8659E-02
-6.3709E-02
-6.7680E-02
-5.0921E-02
-2.4652E-02
-1.0621E-02
-6.9011E-03
-3.6700E-03
9.8224E-03
2.6476E-02
2.8246E-02
8.2096E-03
-2.2490E-02
-4.7025E-02
-5.3461E-02
-3.5952E-02
-4.4484E-03
1.9763E-02
2.3841E-02
1.5997E-02
2.1332E-02
3.5465E-02
3.8655E-02
1.9228E-02
-3.4886E-03
-1.5985E-02
-2.3446E-02
-2.8814E-02
-2.8554E-02
-1.4963E-02
2.9184E-03
1.2105E-02
1.0752E-02
-1.2265E-03
-1.1047E-02
-1.5883E-02
-1.5281E-02
-9.7765E-03
3.9546E-03
2.1209E-02
3.2380E-02
3.0013E-02
1.6681E-02
-5.9367E-04
-1.2208E-02
-1.9964E-02
-3.5138E-02
-5.2307E-02
-5.2691E-02
-3.3151E-02
-8.3507E-03
-2.1034E-03
-3.0413E-03
-1.7781E-04
-1.4468E-03
-1.9478E-02
-3.7779E-02
-3.8499E-02
-2.8459E-02
-1.8754E-02
-1.4216E-02
-1.7932E-02
-1.8116E-02
-7.1720E-03
5.7100E-03
5.0537E-03
-9.1688E-03
-2.2582E-02
-2.3109E-02
-1.9032E-02
-2.1539E-02
-2.9155E-02
-2.5113E-02
-1.1836E-02
1.5537E-03
8.0700E-03
9.5537E-03
7.8117E-03
1.1408E-02
1.9392E-02
2.0701E-02
1.1990E-02
3.0271E-03
-7.6421E-03
-2.8114E-02
-5.3270E-02
-7.3074E-02
-7.8597E-02
-7.0125E-02
-6.2981E-02
-5.9581E-02
-4.7515E-02
-2.7481E-02
-1.1439E-02
-8.2796E-03
-1.2222E-02
-5.4499E-03
4.5389E-04
-5.3458E-03
-1.8247E-02
-2.9814E-02
-3.7128E-02
-3.5675E-02
-1.8466E-02
7.8681E-03
2.5949E-02
3.1756E-02
2.9468E-02
2.0098E-02
4.8504E-03
-1.3753E-02
-3.0625E-02
-3.5444E-02
-2.2671E-02
2.8674E-03
3.1013E-02
4.7276E-02
4.9234E-02
4.3558E-02
3.8940E-02
4.0344E-02
4.1390E-02
3.2695E-02
1.4754E-02
-1.6233E-03
-5.7978E-03
4.2212E-03
1.7873E-02
3.1819E-02
4.1887E-02
4.5536E-02
4.5213E-02
4.2798E-02
3.5817E-02
3.1303E-02
3.6883E-02
4.6075E-02
4.2765E-02
3.0881E-02
2.6789E-02
3.5019E-02
4.1883E-02
3.9599E-02
3.5459E-02
3.2001E-02
2.0619E-02
8.2359E-03
5.9023E-03
1.1090E-02
1.8712E-02
2.4238E-02
2.4070E-02
2.9369E-02
4.3088E-02
4.7142E-02
2.7833E-02
-3.0739E-03
-2.4662E-02
-3.2249E-02
-2.7374E-02
-1.1457E-02
-4.8696E-03
-1.1473E-02
-9.9597E-03
5.3203E-03
1.4190E-02
1.1585E-02
6.7529E-03
6.2791E-03
-2.0523E-03
-1.5441E-02
-1.5338E-02
3.7163E-03
1.9938E-02
2.0247E-02
4.1393E-03
-1.4518E-02
-2.8292E-02
-3.3382E-02
-2.5630E-02
-9.9674E-03
-5.8337E-03
-4.7733E-03
1.9521E-03
9.3526E-03
1.3085E-02
1.3460E-02
5.9135E-03
-7.0632E-03
-6.8179E-03
5.2103E-03
1.0821E-02
6.6280E-03
-5.4748E-03
-1.9870E-02
-2.1192E-02
-1.2381E-02
-1.7386E-02
-3.0277E-02
-2.9710E-02
-8.1846E-03
5.6826E-03
9.5629E-03
2.1870E-02
3.2835E-02
2.8436E-02
1.7039E-02
1.9646E-02
3.4589E-02
4.0914E-02
4.4084E-02
5.0278E-02
4.9603E-02
3.4762E-02
1.9159E-02
9.6654E-03
6.9509E-03
5.0350E-03
1.3364E-02
2.5032E-02
3.2712E-02
2.9519E-02
1.7086E-02
7.4715E-03
1.9511E-02
4.2250E-02
5.4960E-02
4.8772E-02
2.6678E-02
8.6404E-03
7.0995E-03
1.8001E-02
1.9114E-02
8.7823E-04
-1.6294E-02
-2.1074E-02
-1.9609E-02
-1.3163E-02
-4.4569E-03
-5.9685E-05
-1.9914E-03
-8.8998E-03
-1.6477E-02
-1.4247E-02
8.2208E-03
3.6739E-02
4.6982E-02
3.0055E-02
1.6548E-02
1.6728E-02
1.2435E-02
-2.4738E-03
-1.4185E-02
-8.9066E-03
9.3638E-03
2.3114E-02
2.6512E-02
2.2272E-02
1.8961E-02
2.1250E-02
3.2276E-02
3.6142E-02
1.9311E-02
-2.1892E-03
-9.1971E-04
1.0032E-02
9.8239E-03
3.4157E-03
-3.2718E-03
-1.2161E-02
-1.1235E-02
3.7536E-03
1.7422E-02
1.4447E-02
8.6610E-04
-1.1368E-02
-2.0769E-02
-3.1552E-02
-3.9903E-02
-3.1623E-02
-2.0478E-02
-2.7196E-02
-2.8859E-02
-1.5502E-02
-5.8929E-03
-1.8415E-02
-4.1513E-02
-5.3956E-02
-4.8100E-02
-3.4638E-02
-2.4635E-02
-2.4922E-02
-3.1952E-02
-3.7844E-02
-3.3546E-02
-2.1941E-02
-1.2992E-02
-1.2272E-02
-1.6828E-02
-1.8521E-02
-1.5136E-02
-2.1533E-02
-3.4755E-02
-3.3872E-02
-1.4001E-02
-4.4687E-03
-1.5494E-02
-1.9049E-02
-7.5207E-03
-8.1787E-03
-2.5843E-02
-3.4181E-02
-2.1869E-02
-1.0380E-02
-1.9711E-02
-3.4106E-02
-2.7340E-02
-5.6400E-03
1.0656E-02
1.3203E-02
1.4275E-02
1.8282E-02
2.2759E-02
3.1160E-02
3.0836E-02
1.5692E-02
1.7477E-03
-1.2517E-04
6.4499E-03
7.3133E-03
1.3094E-03
2.1701E-03
1.7519E-02
2.8410E-02
2.2984E-02
5.7289E-03
-8.3466E-03
-8.2658E-03
3.9491E-03
1.0477E-02
1.2146E-03
-1.8931E-02
-3.3863E-02
-3.0437E-02
-6.7510E-03
1.5830E-02
1.9259E-02
4.4930E-03
-7.4144E-03
-6.8533E-03
-2.5669E-03
-1.2528E-03
-1.6661E-04
-3.5475E-04
-2.7367E-03
-5.5045E-03
-6.4879E-03
-6.3525E-03
-4.2422E-03
2.0118E-03
1.3430E-02
2.3957E-02
3.1652E-02
3.0843E-02
1.8948E-02
8.2180E-03
1.5393E-02
2.7364E-02
2.3890E-02
9.7774E-03
8.4992E-03
2.2063E-02
2.9422E-02
1.9578E-02
4.5807E-03
-2.6282E-03
6.6429E-03
2.4618E-02
2.8053E-02
1.4926E-02
6.4334E-03
5.9627E-03
5.8752E-03
1.2668E-03
-3.5889E-03
-5.9004E-03
-7.7510E-03
-6.8117E-03
-6.1893E-03
-1.1580E-02
-2.1404E-02
-2.6391E-02
-2.3385E-02
-1.8961E-02
-1.5043E-02
-1.3999E-02
-1.8235E-02
-3.1773E-02
-4.4173E-02
-4.2057E-02
-3.3906E-02
-2.8812E-02
-2.3846E-02
-1.6346E-02
-8.2133E-03
-1.1950E-03
5.6817E-03
6.0184E-03
-1.1236E-03
-1.4002E-02
-2.6304E-02
-3.1981E-02
-2.9693E-02
-2.4035E-02
-2.1570E-02
-2.4218E-02
-2.8710E-02
-2.4924E-02
-1.2734E-02
-4.3086E-03
-8.4223E-03
-2.2481E-02
-3.1728E-02
-2.2438E-02
2.6654E-04
2.0849E-02
2.6705E-02
1.6457E-02
-2.4554E-03
-2.0664E-02
-2.2806E-02
-1.1183E-02
-1.0458E-02
-1.7705E-02
-1.3614E-02
3.7233E-03
1.3351E-02
1.5863E-03
-1.2436E-02
-8.5256E-03
9.4611E-04
-9.0453E-03
-2.6745E-02
-2.7686E-02
-1.1015E-02
2.8126E-03
-6.7890E-03
-2.8367E-02
-4.2640E-02
-4.2182E-02
-2.8614E-02
-1.2937E-02
-1.6068E-03
-4.3099E-03
-1.1409E-02
-3.2917E-03
1.3311E-02
2.1380E-02
1.0753E-02
-3.3311E-04
6.3804E-03
1.5304E-02
1.1350E-02
2.4645E-03
-3.5080E-03
-4.9298E-03
-5.8408E-03
-6.8556E-03
-1.0586E-02
-1.6110E-02
-1.3558E-02
-7.0947E-03
-1.5826E-02
-3.7554E-02
-5.8514E-02
-5.7674E-02
-3.4682E-02
-8.0599E-03
9.0397E-03
4.5579E-03
-1.1659E-02
-1.7794E-02
-1.2478E-02
1.9912E-03
1.4028E-02
1.3536E-02
-1.3984E-03
-7.6081E-03
2.3175E-04
9.0939E-04
-1.1656E-02
-2.1990E-02
-1.8150E-02
-1.3863E-03
1.3536E-02
1.5445E-02
-2.3910E-03
-2.6188E-02
-3.8571E-02
-3.3074E-02
-1.6197E-02
-7.3040E-03
-1.3052E-02
-2.1399E-02
-1.0902E-02
5.3792E-03
1.6693E-02
2.6097E-02
2.9934E-02
2.3642E-02
1.3454E-02
1.1139E-02
1.8218E-02
2.2930E-02
2.0544E-02
1.2946E-02
5.0196E-03
3.4007E-03
6.4714E-03
1.0267E-02
1.2994E-02
1.3499E-02
2.5750E-02
3.9109E-02
3.7673E-02
2.3905E-02
1.5514E-02
1.8109E-02
1.8192E-02
8.7049E-03
1.0302E-02
2.4531E-02
3.1976E-02
3.4550E-02
3.6125E-02
3.5587E-02
3.4038E-02
2.4160E-02
8.7764E-03
-5.6223E-03
-3.1342E-03
1.6043E-02
3.4287E-02
4.2432E-02
3.6272E-02
2.5653E-02
2.8851E-02
4.2826E-02
4.8706E-02
4.6501E-02
4.9088E-02
4.9936E-02
3.4021E-02
6.7865E-03
-1.1520E-02
-1.3668E-02
-1.3968E-02
-2.3895E-02
-3.7363E-02
-3.9541E-02
-3.5338E-02
-3.9967E-02
-5.2804E-02
-5.1677E-02
-3.4971E-02
-1.4383E-02
3.3824E-03
2.0335E-02
3.0060E-02
2.0273E-02
5.5170E-03
-2.3498E-03
-6.3933E-03
-1.1959E-02
-1.6537E-02
-1.8406E-02
-2.7714E-02
-4.2966E-02
-3.9251E-02
-7.4779E-03
2.2814E-02
2.9703E-02
1.7123E-02
1.0580E-03
-1.1010E-02
-1.9719E-02
-1.5859E-02
6.1764E-04
1.4539E-02
1.7417E-02
1.6049E-02
2.1418E-02
3.1305E-02
3.0023E-02
1.3231E-02
-1.5181E-03
3.9504E-03
2.9858E-02
4.9904E-02
5.0102E-02
3.6369E-02
3.0565E-02
3.3202E-02
3.0633E-02
1.7432E-02
4.7813E-03
-4.5330E-03
-5.3057E-04
1.4141E-02
2.2405E-02
9.9754E-03
-8.8566E-03
-1.7235E-02
-1.0058E-02
1.1679E-03
8.0000E-03
1.0844E-02
1.5680E-02
1.9967E-02
2.3997E-02
2.2356E-02
9.0384E-03
-2.0654E-03
-4.8119E-03
-1.0265E-02
-2.1833E-02
-3.3725E-02
-3.5926E-02
-2.5942E-02
-8.8054E-03
8.3347E-03
2.3444E-02
3.2143E-02
1.7412E-02
-1.0503E-02
-1.5947E-02
-4.1986E-03
-2.8815E-03
-1.6945E-02
-1.7799E-02
-2.1772E-03
1.6302E-02
3.0924E-02
4.2812E-02
3.6875E-02
1.6815E-02
1.1507E-03
-9.3696E-03
-2.6572E-02
-4.6583E-02
-5.6565E-02
-3.9170E-02
-5.5976E-03
1.9940E-02
2.9843E-02
2.7528E-02
2.1675E-02
1.5666E-02
2.1112E-04
-1.7191E-02
-2.3332E-02
-1.4076E-02
-1.2776E-02
-1.9769E-02
-2.0208E-02
-1.3723E-02
-5.0273E-03
3.4113E-03
4.0699E-03
-4.3536E-03
-1.7070E-02
-2.0645E-02
-1.5834E-02
-1.1559E-02
-4.7522E-03
4.2233E-03
-3.1352E-03
-2.4949E-02
-4.2010E-02
-3.0212E-02
2.7201E-03
2.7004E-02
2.9073E-02
8.9595E-03
-1.9034E-02
-3.6863E-02
-3.3753E-02
-1.3815E-02
-5.7911E-03
-1.7935E-02
-2.1338E-02
-1.3414E-03
2.5011E-02
3.4361E-02
1.8562E-02
-3.0678E-03
-1.3562E-02
-2.4962E-02
-3.6566E-02
-3.1067E-02
-1.6051E-02
-8.1011E-03
-3.4743E-03
5.2751E-03
1.4776E-02
2.1346E-02
2.4498E-02
2.7434E-02
2.5681E-02
1.8404E-02
4.3822E-03
-9.1220E-03
-2.2223E-02
-3.6524E-02
-3.9133E-02
-2.1544E-02
-3.3081E-05
2.9362E-03
-5.2184E-03
-4.6092E-04
1.4643E-02
2.0597E-02
8.8814E-03
-2.6022E-03
4.2546E-03
1.3821E-02
4.0433E-03
-1.5463E-02
-3.2597E-02
-4.3904E-02
-5.0140E-02
-3.8805E-02
-1.4756E-02
3.5019E-03
6.4112E-03
-1.5514E-03
-5.7401E-03
4.2522E-03
1.4734E-02
4.5407E-03
-2.0768E-02
-3.4599E-02
-2.5773E-02
-3.8087E-03
1.0022E-02
1.9772E-02
2.8287E-02
4.1003E-02
4.8546E-02
4.2800E-02
2.3203E-02
3.5112E-03
-7.2468E-03
-2.8585E-03
2.0597E-03
1.0912E-03
5.9089E-03
1.5963E-02
1.8517E-02
1.6613E-02
1.4201E-02
1.4811E-02
2.2469E-02
3.8832E-02
5.3047E-02
4.9257E-02
2.0564E-02
-3.0724E-03
-8.3122E-03
-4.6853E-03
-4.1405E-03
-6.5766E-03
-1.4032E-02
-1.3620E-02
-7.3392E-03
-1.4967E-03
-8.7353E-04
-1.9377E-03
3.7298E-03
1.3457E-02
1.7821E-02
1.3640E-02
1.3413E-02
1.6962E-02
4.1249E-03
-1.9411E-02
-2.5003E-02
-2.5079E-03
1.6351E-02
1.3309E-02
9.6962E-04
2.6578E-03
1.4839E-02
2.5211E-02
3.1764E-02
3.6445E-02
3.5716E-02
3.2768E-02
2.6588E-02
1.8743E-02
1.7970E-02
2.2892E-02
2.0601E-02
1.4407E-02
9.2671E-03
5.4274E-03
-4.3607E-03
-1.4981E-02
-1.9349E-02
-2.0169E-02
-2.3944E-02
-2.6967E-02
-2.6069E-02
-2.7822E-02
-3.6617E-02
-4.2431E-02
-4.0297E-02
-2.9891E-02
-1.2434E-02
1.0484E-02
2.4047E-02
1.4518E-02
-1.1284E-02
-2.2456E-02
-1.8787E-02
-1.0683E-02
-2.4090E-04
9.6293E-03
1.0718E-02
4.3881E-03
9.4474E-03
2.8900E-02
4.0371E-02
3.0843E-02
1.4688E-02
8.5408E-03
9.5891E-03
8.6674E-03
5.8323E-03
-1.4147E-04
-8.1805E-03
-7.6600E-03
-2.3994E-03
6.1634E-03
2.0642E-02
3.3767E-02
3.1364E-02
2.0670E-02
9.3362E-03
7.5143E-05
-9.8027E-03
-1.6093E-02
-1.2889E-02
-4.0940E-03
2.6783E-03
2.4317E-03
4.9668E-03
1.7916E-02
2.9430E-02
3.7148E-02
3.2751E-02
2.4967E-02
2.3600E-02
3.2226E-02
3.4416E-02
2.3771E-02
1.1296E-02
6.7554E-03
-6.4204E-04
-1.6609E-02
-3.6295E-02
-4.6168E-02
-3.8378E-02
-1.4711E-02
5.2322E-03
1.2798E-02
1.0098E-02
1.7028E-02
3.6939E-02
4.9900E-02
3.1274E-02
-1.6140E-03
-9.5523E-03
1.6958E-02
3.7993E-02
2.4514E-02
-2.5033E-03
2.5307E-03
2.4111E-02
2.5379E-02
6.0710E-03
-1.8383E-02
-3.8117E-02
-4.5409E-02
-2.9934E-02
-6.1714E-03
5.4444E-04
-2.7147E-03
-6.6022E-03
-7.9099E-03
-6.1887E-03
-3.7678E-03
-6.3491E-03
-2.3326E-02
-6.0511E-02
-8.3879E-02
-6.3961E-02
-3.2674E-02
-3.6118E-02
-4.8058E-02
-2.9648E-02
5.9446E-03
1.8165E-02
-1.9535E-02
-6.9853E-02
-7.9110E-02
-3.4721E-02
1.4252E-02
3.2367E-02
3.2958E-02
3.6312E-02
3.6243E-02
1.8661E-02
-3.6028E-03
-2.4447E-02
-4.6831E-02
-7.0001E-02
-7.8900E-02
-5.7160E-02
-1.3412E-02
2.7505E-02
3.8227E-02
1.2019E-02
-1.6309E-02
-2.3732E-02
-2.1515E-02
-3.4246E-02
-4.1713E-02
-2.8836E-02
-1.6855E-03
5.5586E-03
-1.3003E-02
-3.1337E-02
-1.4202E-02
1.9803E-02
3.4417E-02
2.3281E-02
7.1150E-03
3.4521E-03
1.1787E-02
1.5347E-02
1.3933E-02
1.8090E-02
2.8007E-02
2.2735E-02
1.9851E-03
-2.1858E-02
-2.3811E-02
3.6494E-03
3.0210E-02
2.8377E-02
1.1837E-02
8.2229E-03
6.3658E-03
-6.3548E-03
-1.9159E-02
-1.7967E-02
-7.2997E-03
-1.1383E-02
-2.9213E-02
-3.6249E-02
-1.7792E-02
6.3678E-03
1.6103E-02
7.9795E-03
3.8571E-03
5.9557E-03
2.9541E-03
-8.7359E-03
-1.9575E-02
-3.2352E-02
-3.4249E-02
-1.3049E-02
2.1249E-02
3.3636E-02
9.5491E-03
-2.1710E-02
-2.5063E-02
-7.5326E-03
5.4876E-06
-6.7867E-03
-3.1999E-03
1.0457E-02
2.3683E-02
2.2536E-02
1.3317E-02
7.8303E-03
1.2505E-02
2.0494E-02
2.8673E-02
2.5004E-02
7.7031E-03
-8.1964E-03
-1.0794E-02
3.7424E-03
1.8101E-02
1.5373E-02
-2.7855E-03
-2.4300E-02
-3.6279E-02
-3.6664E-02
-3.4027E-02
-3.9839E-02
-4.2354E-02
-2.2694E-02
1.4454E-02
4.3759E-02
4.7510E-02
3.4866E-02
2.7056E-02
2.8213E-02
3.6092E-02
3.6573E-02
2.2177E-02
-2.3921E-03
-1.8558E-02
-1.7978E-02
-7.0565E-03
5.1451E-03
1.1500E-02
9.8273E-03
9.1143E-03
7.8710E-03
3.9654E-03
9.0529E-04
1.1181E-02
1.8650E-02
5.3746E-03
-1.0009E-02
-8.5932E-03
-2.9720E-04
9.2944E-03
2.1896E-02
2.7147E-02
1.1626E-02
-5.6325E-03
-7.2640E-03
-2.5732E-04
7.7289E-05
6.3166E-03
1.8222E-02
1.8041E-02
3.0744E-03
-5.6258E-03
2.8713E-03
1.6780E-02
1.4750E-02
3.7605E-04
-1.2225E-02
-1.7250E-02
-1.9438E-02
-1.5315E-02
-7.6839E-03
-3.5991E-03
-1.1742E-02
-1.9094E-02
-1.2780E-02
-1.0737E-02
-1.5284E-02
-5.0165E-03
1.4834E-02
2.1954E-02
7.5058E-03
-3.5342E-03
3.4983E-03
1.8442E-02
1.9881E-02
1.0453E-02
9.1032E-03
2.0564E-02
2.2004E-02
6.9787E-03
-5.3353E-03
-1.0965E-02
-1.8106E-02
-1.8375E-02
-5.3572E-03
1.6332E-02
3.4082E-02
3.4898E-02
2.0292E-02
8.3709E-03
7.3378E-03
1.3881E-02
1.6200E-02
1.5798E-02
1.8887E-02
1.9581E-02
4.1832E-03
-1.5572E-02
-2.6373E-02
-2.2063E-02
-5.7430E-03
1.1303E-02
1.7585E-02
1.2735E-02
1.7751E-03
-1.4918E-04
-1.3441E-03
-1.1334E-02
-2.1620E-02
-1.2400E-02
5.1401E-03
1.4903E-02
1.2854E-02
8.1508E-03
7.6383E-03
1.6494E-02
2.2701E-02
1.5992E-02
-3.9316E-03
-2.2146E-02
-3.2991E-02
-3.3960E-02
-2.6411E-02
-1.5302E-02
-2.5600E-03
1.1610E-02
4.1007E-03
-2.1536E-02
-3.4644E-02
-1.6225E-02
1.1834E-02
2.1434E-02
1.1367E-02
-2.6192E-03
-1.3266E-02
-1.6491E-02
-1.4726E-02
-9.2100E-03
-2.6029E-03
-8.8395E-04
-7.8346E-03
-1.5055E-02
-1.7045E-02
-6.1247E-03
1.2364E-02
2.6282E-02
2.1829E-02
9.2497E-04
-1.5330E-02
-3.6635E-03
1.4494E-02
8.8344E-03
-1.3100E-02
-3.2080E-02
-4.2696E-02
-4.0858E-02
-3.1404E-02
-2.1741E-02
-1.8922E-02
-1.6948E-02
-8.1378E-03
3.0440E-03
3.1699E-03
-9.4687E-03
-1.9738E-02
-1.2696E-02
1.2125E-03
-6.8728E-03
-3.6861E-02
-5.9243E-02
-4.9906E-02
-1.5990E-02
1.4444E-02
2.9528E-02
2.2129E-02
5.8474E-03
-4.0883E-04
3.7240E-03
1.3395E-03
-1.3840E-03
6.6188E-03
1.7035E-02
5.3626E-03
-2.1495E-02
-3.2267E-02
-1.5552E-02
7.9523E-04
5.2464E-04
-6.6881E-03
-9.8959E-03
-4.0605E-03
9.4639E-03
1.1702E-02
-1.1157E-02
-3.9109E-02
-5.0050E-02
-3.6573E-02
-1.0024E-02
2.7525E-03
-2.4644E-03
-5.7153E-03
6.6146E-03
1.9812E-02
1.5922E-02
-5.4393E-03
-2.2590E-02
-2.8730E-02
-2.0097E-02
-6.5154E-03
-7.0405E-03
-2.0743E-02
-2.3555E-02
-1.0340E-02
-6.8028E-03
-2.1499E-02
-3.2584E-02
-7.9999E-03
4.2039E-02
7.4101E-02
4.9586E-02
-1.2509E-02
-5.7997E-02
-6.6113E-02
-3.8715E-02
-9.2324E-03
6.5843E-04
-1.4204E-02
-3.5052E-02
-3.9202E-02
-1.9923E-02
5.3092E-03
2.2354E-02
2.2672E-02
4.0793E-03
-1.4971E-02
-8.4952E-03
1.8649E-02
3.2661E-02
1.9134E-02
2.2711E-03
-1.4980E-03
3.5494E-03
6.1441E-03
8.9354E-03
1.3608E-02
1.6666E-02
9.8538E-03
1.3512E-03
1.0144E-02
3.1564E-02
4.5822E-02
3.8982E-02
1.9678E-02
1.0008E-02
2.0155E-03
-8.1931E-03
-5.8912E-03
1.4876E-02
3.1000E-02
2.2923E-02
3.7965E-03
-5.5677E-03
8.9220E-03
3.6929E-02
5.1108E-02
3.6461E-02
7.7594E-03
-7.2721E-03
-5.5463E-03
-5.8413E-03
-1.6652E-02
-2.3863E-02
-2.0455E-02
-5.5254E-03
1.2553E-02
2.7653E-02
3.5298E-02
3.3407E-02
2.4041E-02
1.4002E-02
9.2965E-03
1.6759E-02
2.1362E-02
8.7505E-03
-3.2447E-03
-7.2963E-03
-1.0575E-02
-5.1760E-03
2.7191E-03
5.1002E-03
6.4236E-03
1.2378E-02
2.1276E-02
3.7601E-02
4.5650E-02
3.0418E-02
1.1761E-02
7.7101E-03
3.3616E-03
-1.0901E-02
-2.3528E-02
-1.7328E-02
-9.7219E-04
9.8289E-03
7.7796E-03
1.0395E-03
1.1742E-03
5.2423E-03
8.1212E-03
9.6299E-03
-7.6099E-04
-1.4754E-02
-1.3197E-02
1.7423E-03
1.0494E-02
1.0954E-02
1.5589E-02
2.3169E-02
1.8706E-02
8.4026E-03
2.3694E-05
-5.9953E-03
-1.5566E-02
-2.4005E-02
-1.8055E-02
-1.6050E-03
6.9872E-03
1.5480E-03
-6.0688E-03
1.3362E-03
2.0122E-02
3.1844E-02
2.3279E-02
6.2322E-03
-5.2672E-03
-8.9164E-03
-4.6373E-03
4.5214E-03
2.0667E-03
-7.0158E-03
2.0892E-04
2.2323E-02
2.8060E-02
8.8878E-03
-1.0744E-02
-8.1362E-03
6.7030E-03
1.4332E-02
1.3467E-02
1.2153E-02
8.0749E-03
4.9199E-03
5.7503E-03
3.5437E-03
-6.8895E-03
-1.5347E-02
-4.7318E-03
1.2880E-02
1.2809E-02
-3.3012E-04
-7.2986E-03
1.1176E-03
9.8579E-03
1.4927E-02
1.3776E-02
-2.4609E-03
-2.3001E-02
-2.6471E-02
-6.8954E-03
1.6340E-02
1.9397E-02
2.2304E-03
-1.5389E-02
-1.9761E-02
-1.1483E-02
-1.2183E-03
5.4228E-03
2.5713E-03
-1.0502E-02
-1.2512E-02
1.6037E-03
1.2177E-02
8.6745E-04
-1.4790E-02
-1.1918E-02
-3.2722E-05
-1.4284E-03
-7.1592E-03
2.7952E-03
1.5579E-02
1.1711E-02
5.3717E-03
8.3026E-03
1.1550E-02
9.7739E-03
6.8340E-03
8.3543E-03
1.5549E-02
1.8979E-02
1.3099E-02
3.8321E-03
-6.2672E-03
-1.6192E-02
-2.0116E-02
-1.2878E-02
1.3498E-03
1.1658E-02
1.8671E-02
2.4058E-02
1.7748E-02
2.4023E-03
-9.1298E-03
-6.0094E-03
8.6129E-03
1.1189E-02
-6.8386E-03
-2.9281E-02
-3.8794E-02
-2.9675E-02
-1.2594E-02
-1.5881E-03
1.0365E-05
-2.0023E-03
-6.2256E-03
-1.0071E-02
-3.6005E-03
6.1045E-03
5.5462E-03
-2.1447E-04
-9.7737E-04
-6.1684E-03
-1.1132E-02
-6.0769E-03
1.9633E-03
3.1980E-03
-2.4839E-04
-4.2094E-03
-7.3765E-03
-4.5532E-03
3.5089E-03
7.6003E-03
8.5820E-03
5.8441E-03
-2.1756E-04
-7.3401E-03
-1.2256E-02
-1.3976E-02
-1.7252E-02
-1.9607E-02
-1.3289E-02
9.6153E-05
7.9914E-03
1.3704E-03
-8.8785E-03
-1.0295E-02
-4.1211E-03
5.4886E-05
-7.7859E-04
-4.5504E-03
-2.4776E-03
2.1911E-03
3.7147E-03
1.9466E-03
5.5539E-03
1.2174E-02
1.1925E-02
3.2541E-03
-6.9287E-03
-7.2829E-03
-1.9952E-03
-2.2636E-03
1.9089E-03
1.3033E-02
2.0182E-02
1.7616E-02
3.7684E-03
-9.8347E-03
-1.5104E-02
-7.8844E-03
7.7024E-03
1.6942E-02
8.6273E-03
-5.6563E-03
-9.7442E-03
-7.7653E-05
8.5079E-03
4.8177E-03
-7.2602E-03
-1.0134E-02
-2.3157E-03
1.2322E-03
-4.8597E-03
-9.0303E-03
-9.7693E-03
-1.0879E-02
-6.5362E-03
5.8589E-03
1.0590E-02
-2.4044E-03
-1.9215E-02
-1.2305E-02
6.9329E-03
7.5422E-03
-4.8243E-03
-4.2682E-03
-1.0923E-03
-1.0456E-02
-1.8234E-02
-1.3752E-02
-7.6358E-03
-1.0161E-02
-1.6662E-02
-1.2051E-02
-1.0243E-03
8.1027E-03
1.3269E-02
1.3283E-02
3.8364E-03
-1.3573E-02
-2.2719E-02
-1.4503E-02
-3.0374E-04
6.1359E-03
1.5714E-03
-6.0814E-03
-1.1547E-02
-1.6845E-02
-1.9754E-02
-2.0298E-02
-2.3523E-02
-2.8141E-02
-2.3343E-02
-9.5466E-03