7.0010E+03
1.0000E-02
0.0000E+00
-2.8844E-09
-1.0418E-08
-2.1475E-08
-3.6077E-08
-5.4287E-08
-7.6089E-08
-1.0144E-07
-1.3033E-07
-1.6277E-07
-1.9878E-07
-2.3832E-07
-2.8134E-07
-3.2789E-07
-3.7796E-07
-4.3158E-07
-4.8882E-07
-5.4968E-07
-6.1414E-07
-6.8218E-07
-7.5374E-07
-8.2886E-07
-9.0756E-07
-9.8978E-07
-1.0755E-06
-1.1649E-06
-1.2577E-06
-1.3542E-06
-1.4542E-06
-1.5578E-06
-1.6649E-06
-1.7756E-06
-1.8899E-06
-2.0077E-06
-2.1290E-06
-2.2540E-06
-2.3824E-06
-2.5145E-06
-2.6500E-06
-2.7892E-06
-2.9319E-06
-3.0781E-06
-3.2278E-06
-3.3811E-06
-3.5379E-06
-3.6983E-06
-3.8622E-06
-4.0296E-06
-4.2007E-06
-4.3753E-06
-4.5533E-06
-4.7349E-06
-4.9200E-06
-5.1086E-06
-5.3008E-06
-5.4966E-06
-5.6960E-06
-5.8989E-06
-6.1054E-06
-6.3155E-06
-6.5292E-06
-6.7463E-06
-6.9670E-06
-7.1913E-06
-7.4191E-06
-7.6506E-06
-7.8855E-06
-8.1241E-06
-8.3663E-06
-8.6121E-06
-8.8615E-06
-9.1145E-06
-9.3710E-06
-9.6311E-06
-9.8947E-06
-1.0162E-05
-1.0433E-05
-1.0707E-05
-1.0985E-05
-1.1267E-05
-1.1552E-05
-1.1840E-05
-1.2133E-05
-1.2428E-05
-1.2728E-05
-1.3031E-05
-1.3337E-05
-1.3647E-05
-1.3960E-05
-1.4277E-05
-1.4598E-05
-1.4922E-05
-1.5249E-05
-1.5580E-05
-1.5915E-05
-1.6253E-05
-1.6595E-05
-1.6940E-05
-1.7289E-05
-1.7641E-05
-1.7997E-05
-1.8356E-05
-1.8719E-05
-1.9085E-05
-1.9455E-05
-1.9829E-05
-2.0206E-05
-2.0587E-05
-2.0971E-05
-2.1359E-05
-2.1750E-05
-2.2145E-05
-2.2543E-05
-2.2945E-05
-2.3350E-05
-2.3759E-05
-2.4172E-05
-2.4588E-05
-2.5008E-05
-2.5431E-05
-2.5858E-05
-2.6288E-05
-2.6722E-05
-2.7159E-05
-2.7600E-05
-2.8045E-05
-2.8493E-05
-2.8944E-05
-2.9399E-05
-2.9858E-05
-3.0320E-05
-3.0786E-05
-3.1255E-05
-3.1728E-05
-3.2205E-05
-3.2685E-05
-3.3168E-05
-3.3655E-05
-3.4146E-05
-3.4641E-05
-3.5138E-05
-3.5640E-05
-3.6145E-05
-3.6653E-05
-3.7165E-05
-3.7681E-05
-3.8200E-05
-3.8722E-05
-3.9248E-05
-3.9778E-05
-4.0311E-05
-4.0848E-05
-4.1389E-05
-4.1932E-05
-4.2480E-05
-4.3031E-05
-4.3586E-05
-4.4144E-05
-4.4706E-05
-4.5271E-05
-4.5840E-05
-4.6412E-05
-4.6988E-05
-4.7568E-05
-4.8151E-05
-4.8738E-05
-4.9328E-05
-4.9922E-05
-5.0519E-05
-5.1120E-05
-5.1725E-05
-5.2333E-05
-5.2945E-05
-5.3560E-05
-5.4179E-05
-5.4801E-05
-5.5427E-05
-5.6056E-05
-5.6689E-05
-5.7326E-05
-5.7966E-05
-5.8610E-05
-5.9258E-05
-5.9909E-05
-6.0564E-05
-6.1223E-05
-6.1886E-05
-6.2555E-05
-6.3228E-05
-6.3907E-05
-6.4592E-05
-6.5286E-05
-6.5991E-05
-6.6706E-05
-6.7425E-05
-6.8143E-05
-6.8856E-05
-6.9558E-05
-7.0249E-05
-7.0938E-05
-7.1637E-05
-7.2354E-05
-7.3090E-05
-7.3835E-05
-7.4583E-05
-7.5338E-05
-7.6112E-05
-7.6918E-05
-7.7769E-05
-7.8667E-05
-7.9593E-05
-8.0506E-05
-8.1370E-05
-8.2194E-05
-8.3034E-05
-8.3945E-05
-8.4927E-05
-8.5933E-05
-8.6929E-05
-8.7933E-05
-8.8983E-05
-9.0087E-05
-9.1206E-05
-9.2305E-05
-9.3412E-05
-9.4597E-05
-9.5902E-05
-9.7309E-05
-9.8781E-05
-1.0033E-04
-1.0201E-04
-1.0381E-04
-1.0562E-04
-1.0734E-04
-1.0896E-04
-1.1063E-04
-1.1241E-04
-1.1424E-04
-1.1599E-04
-1.1764E-04
-1.1926E-04
-1.2089E-04
-1.2252E-04
-1.2413E-04
-1.2573E-04
-1.2735E-04
-1.2900E-04
-1.3064E-04
-1.3223E-04
-1.3376E-04
-1.3533E-04
-1.3712E-04
-1.3914E-04
-1.4120E-04
-1.4313E-04
-1.4497E-04
-1.4682E-04
-1.4869E-04
-1.5045E-04
-1.5201E-04
-1.5343E-04
-1.5483E-04
-1.5621E-04
-1.5755E-04
-1.5889E-04
-1.6035E-04
-1.6203E-04
-1.6390E-04
-1.6579E-04
-1.6755E-04
-1.6919E-04
-1.7079E-04
-1.7238E-04
-1.7386E-04
-1.7503E-04
-1.7580E-04
-1.7640E-04
-1.7714E-04
-1.7814E-04
-1.7941E-04
-1.8087E-04
-1.8244E-04
-1.8399E-04
-1.8539E-04
-1.8666E-04
-1.8791E-04
-1.8931E-04
-1.9096E-04
-1.9283E-04
-1.9473E-04
-1.9648E-04
-1.9795E-04
-1.9901E-04
-1.9957E-04
-1.9971E-04
-1.9974E-04
-2.0003E-04
-2.0079E-04
-2.0194E-04
-2.0328E-04
-2.0464E-04
-2.0576E-04
-2.0647E-04
-2.0692E-04
-2.0744E-04
-2.0819E-04
-2.0922E-04
-2.1053E-04
-2.1217E-04
-2.1421E-04
-2.1662E-04
-2.1911E-04
-2.2119E-04
-2.2247E-04
-2.2296E-04
-2.2304E-04
-2.2314E-04
-2.2350E-04
-2.2420E-04
-2.2534E-04
-2.2694E-04
-2.2886E-04
-2.3070E-04
-2.3198E-04
-2.3276E-04
-2.3361E-04
-2.3503E-04
-2.3694E-04
-2.3904E-04
-2.4118E-04
-2.4348E-04
-2.4611E-04
-2.4878E-04
-2.5081E-04
-2.5175E-04
-2.5189E-04
-2.5210E-04
-2.5302E-04
-2.5457E-04
-2.5618E-04
-2.5740E-04
-2.5837E-04
-2.5940E-04
-2.6061E-04
-2.6184E-04
-2.6272E-04
-2.6310E-04
-2.6330E-04
-2.6379E-04
-2.6477E-04
-2.6620E-04
-2.6799E-04
-2.7014E-04
-2.7260E-04
-2.7508E-04
-2.7722E-04
-2.7886E-04
-2.8014E-04
-2.8142E-04
-2.8292E-04
-2.8443E-04
-2.8564E-04
-2.8645E-04
-2.8701E-04
-2.8766E-04
-2.8886E-04
-2.9085E-04
-2.9328E-04
-2.9536E-04
-2.9652E-04
-2.9697E-04
-2.9749E-04
-2.9869E-04
-3.0053E-04
-3.0246E-04
-3.0402E-04
-3.0510E-04
-3.0591E-04
-3.0663E-04
-3.0729E-04
-3.0796E-04
-3.0875E-04
-3.0968E-04
-3.1071E-04
-3.1188E-04
-3.1322E-04
-3.1479E-04
-3.1654E-04
-3.1829E-04
-3.1986E-04
-3.2115E-04
-3.2219E-04
-3.2335E-04
-3.2511E-04
-3.2752E-04
-3.3003E-04
-3.3190E-04
-3.3287E-04
-3.3329E-04
-3.3415E-04
-3.3618E-04
-3.3914E-04
-3.4209E-04
-3.4403E-04
-3.4467E-04
-3.4451E-04
-3.4419E-04
-3.4414E-04
-3.4444E-04
-3.4495E-04
-3.4575E-04
-3.4710E-04
-3.4898E-04
-3.5098E-04
-3.5242E-04
-3.5319E-04
-3.5401E-04
-3.5551E-04
-3.5751E-04
-3.5941E-04
-3.6075E-04
-3.6149E-04
-3.6219E-04
-3.6316E-04
-3.6409E-04
-3.6482E-04
-3.6567E-04
-3.6726E-04
-3.6999E-04
-3.7353E-04
-3.7698E-04
-3.7987E-04
-3.8261E-04
-3.8557E-04
-3.8845E-04
-3.9041E-04
-3.9104E-04
-3.9146E-04
-3.9297E-04
-3.9562E-04
-3.9856E-04
-4.0084E-04
-4.0265E-04
-4.0468E-04
-4.0720E-04
-4.0964E-04
-4.1116E-04
-4.1192E-04
-4.1268E-04
-4.1420E-04
-4.1666E-04
-4.1910E-04
-4.2089E-04
-4.2264E-04
-4.2444E-04
-4.2570E-04
-4.2631E-04
-4.2707E-04
-4.2935E-04
-4.3312E-04
-4.3697E-04
-4.4047E-04
-4.4412E-04
-4.4762E-04
-4.5006E-04
-4.5130E-04
-4.5237E-04
-4.5416E-04
-4.5616E-04
-4.5816E-04
-4.6098E-04
-4.6443E-04
-4.6704E-04
-4.6836E-04
-4.6965E-04
-4.7216E-04
-4.7562E-04
-4.7896E-04
-4.8201E-04
-4.8513E-04
-4.8775E-04
-4.8930E-04
-4.9008E-04
-4.9109E-04
-4.9319E-04
-4.9597E-04
-4.9888E-04
-5.0244E-04
-5.0701E-04
-5.1231E-04
-5.1688E-04
-5.1883E-04
-5.1870E-04
-5.1869E-04
-5.1956E-04
-5.2077E-04
-5.2244E-04
-5.2530E-04
-5.2917E-04
-5.3288E-04
-5.3558E-04
-5.3754E-04
-5.3943E-04
-5.4162E-04
-5.4448E-04
-5.4857E-04
-5.5347E-04
-5.5823E-04
-5.6209E-04
-5.6455E-04
-5.6628E-04
-5.6786E-04
-5.6874E-04
-5.6908E-04
-5.7073E-04
-5.7547E-04
-5.8285E-04
-5.9092E-04
-5.9747E-04
-6.0117E-04
-6.0247E-04
-6.0228E-04
-6.0152E-04
-6.0187E-04
-6.0497E-04
-6.1037E-04
-6.1543E-04
-6.1864E-04
-6.2046E-04
-6.2180E-04
-6.2406E-04
-6.2813E-04
-6.3341E-04
-6.3904E-04
-6.4391E-04
-6.4660E-04
-6.4738E-04
-6.4766E-04
-6.4784E-04
-6.4825E-04
-6.4996E-04
-6.5310E-04
-6.5696E-04
-6.6196E-04
-6.6850E-04
-6.7562E-04
-6.8175E-04
-6.8547E-04
-6.8679E-04
-6.8727E-04
-6.8830E-04
-6.8970E-04
-6.9104E-04
-6.9298E-04
-6.9580E-04
-6.9967E-04
-7.0484E-04
-7.1025E-04
-7.1523E-04
-7.2011E-04
-7.2418E-04
-7.2635E-04
-7.2651E-04
-7.2566E-04
-7.2578E-04
-7.2829E-04
-7.3295E-04
-7.3879E-04
-7.4502E-04
-7.5122E-04
-7.5668E-04
-7.6070E-04
-7.6319E-04
-7.6483E-04
-7.6627E-04
-7.6702E-04
-7.6718E-04
-7.6885E-04
-7.7331E-04
-7.7961E-04
-7.8581E-04
-7.9062E-04
-7.9472E-04
-7.9872E-04
-8.0182E-04
-8.0372E-04
-8.0541E-04
-8.0802E-04
-8.1191E-04
-8.1684E-04
-8.2315E-04
-8.3131E-04
-8.4001E-04
-8.4743E-04
-8.5265E-04
-8.5572E-04
-8.5837E-04
-8.6195E-04
-8.6653E-04
-8.7368E-04
-8.8457E-04
-8.9743E-04
-9.0953E-04
-9.1799E-04
-9.2130E-04
-9.2144E-04
-9.2240E-04
-9.2649E-04
-9.3169E-04
-9.3615E-04
-9.4214E-04
-9.5151E-04
-9.6313E-04
-9.7357E-04
-9.8012E-04
-9.8477E-04
-9.9008E-04
-9.9449E-04
-9.9688E-04
-9.9936E-04
-1.0035E-03
-1.0091E-03
-1.0150E-03
-1.0203E-03
-1.0261E-03
-1.0329E-03
-1.0393E-03
-1.0434E-03
-1.0465E-03
-1.0509E-03
-1.0557E-03
-1.0586E-03
-1.0587E-03
-1.0577E-03
-1.0587E-03
-1.0628E-03
-1.0683E-03
-1.0726E-03
-1.0760E-03
-1.0803E-03
-1.0850E-03
-1.0890E-03
-1.0927E-03
-1.0972E-03
-1.1018E-03
-1.1073E-03
-1.1160E-03
-1.1261E-03
-1.1334E-03
-1.1382E-03
-1.1426E-03
-1.1469E-03
-1.1531E-03
-1.1615E-03
-1.1689E-03
-1.1746E-03
-1.1824E-03
-1.1925E-03
-1.1998E-03
-1.2013E-03
-1.2014E-03
-1.2052E-03
-1.2127E-03
-1.2209E-03
-1.2272E-03
-1.2311E-03
-1.2334E-03
-1.2345E-03
-1.2379E-03
-1.2465E-03
-1.2570E-03
-1.2666E-03
-1.2742E-03
-1.2779E-03
-1.2785E-03
-1.2817E-03
-1.2884E-03
-1.2935E-03
-1.2970E-03
-1.3043E-03
-1.3162E-03
-1.3260E-03
-1.3283E-03
-1.3277E-03
-1.3307E-03
-1.3370E-03
-1.3442E-03
-1.3517E-03
-1.3580E-03
-1.3646E-03
-1.3754E-03
-1.3871E-03
-1.3955E-03
-1.4027E-03
-1.4099E-03
-1.4143E-03
-1.4145E-03
-1.4143E-03
-1.4167E-03
-1.4208E-03
-1.4244E-03
-1.4271E-03
-1.4297E-03
-1.4330E-03
-1.4364E-03
-1.4370E-03
-1.4346E-03
-1.4326E-03
-1.4348E-03
-1.4413E-03
-1.4486E-03
-1.4548E-03
-1.4604E-03
-1.4628E-03
-1.4596E-03
-1.4529E-03
-1.4461E-03
-1.4417E-03
-1.4401E-03
-1.4400E-03
-1.4399E-03
-1.4398E-03
-1.4416E-03
-1.4443E-03
-1.4462E-03
-1.4490E-03
-1.4532E-03
-1.4587E-03
-1.4645E-03
-1.4693E-03
-1.4729E-03
-1.4754E-03
-1.4778E-03
-1.4813E-03
-1.4863E-03
-1.4891E-03
-1.4881E-03
-1.4884E-03
-1.4915E-03
-1.4935E-03
-1.4923E-03
-1.4898E-03
-1.4869E-03
-1.4812E-03
-1.4738E-03
-1.4687E-03
-1.4677E-03
-1.4690E-03
-1.4720E-03
-1.4774E-03
-1.4836E-03
-1.4870E-03
-1.4854E-03
-1.4811E-03
-1.4779E-03
-1.4766E-03
-1.4762E-03
-1.4752E-03
-1.4722E-03
-1.4675E-03
-1.4622E-03
-1.4569E-03
-1.4515E-03
-1.4470E-03
-1.4443E-03
-1.4433E-03
-1.4422E-03
-1.4400E-03
-1.4369E-03
-1.4344E-03
-1.4330E-03
-1.4317E-03
-1.4295E-03
-1.4271E-03
-1.4247E-03
-1.4219E-03
-1.4189E-03
-1.4172E-03
-1.4179E-03
-1.4211E-03
-1.4251E-03
-1.4265E-03
-1.4249E-03
-1.4225E-03
-1.4202E-03
-1.4180E-03
-1.4158E-03
-1.4129E-03
-1.4112E-03
-1.4139E-03
-1.4199E-03
-1.4258E-03
-1.4302E-03
-1.4331E-03
-1.4356E-03
-1.4392E-03
-1.4428E-03
-1.4441E-03
-1.4435E-03
-1.4431E-03
-1.4435E-03
-1.4439E-03
-1.4427E-03
-1.4399E-03
-1.4369E-03
-1.4341E-03
-1.4314E-03
-1.4275E-03
-1.4200E-03
-1.4111E-03
-1.4060E-03
-1.4054E-03
-1.4063E-03
-1.4068E-03
-1.4053E-03
-1.4030E-03
-1.4038E-03
-1.4088E-03
-1.4146E-03
-1.4168E-03
-1.4126E-03
-1.4053E-03
-1.4009E-03
-1.4002E-03
-1.4014E-03
-1.4041E-03
-1.4076E-03
-1.4099E-03
-1.4101E-03
-1.4086E-03
-1.4051E-03
-1.4026E-03
-1.4040E-03
-1.4070E-03
-1.4086E-03
-1.4084E-03
-1.4070E-03
-1.4043E-03
-1.4006E-03
-1.3967E-03
-1.3938E-03
-1.3934E-03
-1.3943E-03
-1.3937E-03
-1.3914E-03
-1.3881E-03
-1.3858E-03
-1.3863E-03
-1.3881E-03
-1.3894E-03
-1.3905E-03
-1.3919E-03
-1.3937E-03
-1.3963E-03
-1.3984E-03
-1.3984E-03
-1.3962E-03
-1.3926E-03
-1.3904E-03
-1.3908E-03
-1.3915E-03
-1.3901E-03
-1.3864E-03
-1.3816E-03
-1.3774E-03
-1.3744E-03
-1.3720E-03
-1.3712E-03
-1.3731E-03
-1.3756E-03
-1.3760E-03
-1.3749E-03
-1.3742E-03
-1.3739E-03
-1.3733E-03
-1.3733E-03
-1.3739E-03
-1.3749E-03
-1.3768E-03
-1.3787E-03
-1.3797E-03
-1.3801E-03
-1.3785E-03
-1.3736E-03
-1.3670E-03
-1.3606E-03
-1.3563E-03
-1.3557E-03
-1.3579E-03
-1.3609E-03
-1.3630E-03
-1.3638E-03
-1.3637E-03
-1.3619E-03
-1.3571E-03
-1.3508E-03
-1.3458E-03
-1.3432E-03
-1.3415E-03
-1.3395E-03
-1.3375E-03
-1.3360E-03
-1.3352E-03
-1.3348E-03
-1.3333E-03
-1.3298E-03
-1.3251E-03
-1.3219E-03
-1.3214E-03
-1.3228E-03
-1.3249E-03
-1.3262E-03
-1.3272E-03
-1.3294E-03
-1.3315E-03
-1.3301E-03
-1.3255E-03
-1.3219E-03
-1.3218E-03
-1.3250E-03
-1.3307E-03
-1.3357E-03
-1.3360E-03
-1.3321E-03
-1.3266E-03
-1.3210E-03
-1.3168E-03
-1.3154E-03
-1.3165E-03
-1.3176E-03
-1.3170E-03
-1.3148E-03
-1.3129E-03
-1.3128E-03
-1.3121E-03
-1.3086E-03
-1.3049E-03
-1.3041E-03
-1.3056E-03
-1.3075E-03
-1.3090E-03
-1.3092E-03
-1.3086E-03
-1.3079E-03
-1.3079E-03
-1.3100E-03
-1.3144E-03
-1.3201E-03
-1.3257E-03
-1.3298E-03
-1.3319E-03
-1.3311E-03
-1.3271E-03
-1.3217E-03
-1.3177E-03
-1.3169E-03
-1.3192E-03
-1.3235E-03
-1.3284E-03
-1.3331E-03
-1.3374E-03
-1.3414E-03
-1.3451E-03
-1.3485E-03
-1.3512E-03
-1.3537E-03
-1.3563E-03
-1.3589E-03
-1.3618E-03
-1.3644E-03
-1.3654E-03
-1.3648E-03
-1.3648E-03
-1.3657E-03
-1.3659E-03
-1.3653E-03
-1.3649E-03
-1.3648E-03
-1.3659E-03
-1.3687E-03
-1.3734E-03
-1.3792E-03
-1.3854E-03
-1.3905E-03
-1.3931E-03
-1.3934E-03
-1.3927E-03
-1.3923E-03
-1.3944E-03
-1.4010E-03
-1.4100E-03
-1.4174E-03
-1.4217E-03
-1.4240E-03
-1.4253E-03
-1.4253E-03
-1.4238E-03
-1.4208E-03
-1.4183E-03
-1.4185E-03
-1.4216E-03
-1.4266E-03
-1.4310E-03
-1.4313E-03
-1.4280E-03
-1.4255E-03
-1.4265E-03
-1.4290E-03
-1.4294E-03
-1.4272E-03
-1.4247E-03
-1.4245E-03
-1.4267E-03
-1.4301E-03
-1.4342E-03
-1.4391E-03
-1.4434E-03
-1.4469E-03
-1.4504E-03
-1.4531E-03
-1.4539E-03
-1.4538E-03
-1.4539E-03
-1.4552E-03
-1.4582E-03
-1.4624E-03
-1.4674E-03
-1.4720E-03
-1.4747E-03
-1.4751E-03
-1.4753E-03
-1.4770E-03
-1.4791E-03
-1.4798E-03
-1.4807E-03
-1.4844E-03
-1.4903E-03
-1.4956E-03
-1.4989E-03
-1.5005E-03
-1.5011E-03
-1.5009E-03
-1.5004E-03
-1.5001E-03
-1.5003E-03
-1.5023E-03
-1.5061E-03
-1.5103E-03
-1.5138E-03
-1.5168E-03
-1.5196E-03
-1.5220E-03
-1.5236E-03
-1.5250E-03
-1.5269E-03
-1.5309E-03
-1.5361E-03
-1.5394E-03
-1.5394E-03
-1.5383E-03
-1.5405E-03
-1.5473E-03
-1.5558E-03
-1.5618E-03
-1.5647E-03
-1.5667E-03
-1.5681E-03
-1.5685E-03
-1.5690E-03
-1.5704E-03
-1.5734E-03
-1.5785E-03
-1.5841E-03
-1.5872E-03
-1.5870E-03
-1.5847E-03
-1.5822E-03
-1.5816E-03
-1.5831E-03
-1.5855E-03
-1.5882E-03
-1.5912E-03
-1.5943E-03
-1.5967E-03
-1.5976E-03
-1.5980E-03
-1.5994E-03
-1.6020E-03
-1.6040E-03
-1.6052E-03
-1.6083E-03
-1.6146E-03
-1.6230E-03
-1.6317E-03
-1.6378E-03
-1.6401E-03
-1.6409E-03
-1.6421E-03
-1.6429E-03
-1.6431E-03
-1.6440E-03
-1.6468E-03
-1.6508E-03
-1.6542E-03
-1.6561E-03
-1.6576E-03
-1.6592E-03
-1.6609E-03
-1.6640E-03
-1.6679E-03
-1.6708E-03
-1.6737E-03
-1.6786E-03
-1.6830E-03
-1.6852E-03
-1.6858E-03
-1.6857E-03
-1.6869E-03
-1.6897E-03
-1.6929E-03
-1.6962E-03
-1.7007E-03
-1.7060E-03
-1.7109E-03
-1.7147E-03
-1.7164E-03
-1.7156E-03
-1.7144E-03
-1.7144E-03
-1.7158E-03
-1.7184E-03
-1.7217E-03
-1.7253E-03
-1.7289E-03
-1.7328E-03
-1.7361E-03
-1.7362E-03
-1.7333E-03
-1.7311E-03
-1.7311E-03
-1.7308E-03
-1.7291E-03
-1.7274E-03
-1.7275E-03
-1.7279E-03
-1.7265E-03
-1.7241E-03
-1.7226E-03
-1.7221E-03
-1.7235E-03
-1.7275E-03
-1.7327E-03
-1.7362E-03
-1.7365E-03
-1.7341E-03
-1.7302E-03
-1.7278E-03
-1.7277E-03
-1.7280E-03
-1.7276E-03
-1.7273E-03
-1.7280E-03
-1.7297E-03
-1.7329E-03
-1.7366E-03
-1.7381E-03
-1.7369E-03
-1.7347E-03
-1.7332E-03
-1.7328E-03
-1.7325E-03
-1.7311E-03
-1.7301E-03
-1.7312E-03
-1.7336E-03
-1.7354E-03
-1.7363E-03
-1.7372E-03
-1.7385E-03
-1.7397E-03
-1.7405E-03
-1.7415E-03
-1.7430E-03
-1.7444E-03
-1.7448E-03
-1.7431E-03
-1.7398E-03
-1.7365E-03
-1.7346E-03
-1.7341E-03
-1.7348E-03
-1.7354E-03
-1.7349E-03
-1.7340E-03
-1.7339E-03
-1.7335E-03
-1.7320E-03
-1.7307E-03
-1.7311E-03
-1.7329E-03
-1.7357E-03
-1.7389E-03
-1.7419E-03
-1.7457E-03
-1.7490E-03
-1.7504E-03
-1.7509E-03
-1.7519E-03
-1.7539E-03
-1.7555E-03
-1.7557E-03
-1.7564E-03
-1.7595E-03
-1.7636E-03
-1.7661E-03
-1.7665E-03
-1.7664E-03
-1.7669E-03
-1.7687E-03
-1.7718E-03
-1.7747E-03
-1.7758E-03
-1.7760E-03
-1.7781E-03
-1.7826E-03
-1.7860E-03
-1.7867E-03
-1.7868E-03
-1.7859E-03
-1.7836E-03
-1.7815E-03
-1.7808E-03
-1.7819E-03
-1.7855E-03
-1.7901E-03
-1.7930E-03
-1.7933E-03
-1.7925E-03
-1.7924E-03
-1.7948E-03
-1.7985E-03
-1.8005E-03
-1.7990E-03
-1.7960E-03
-1.7947E-03
-1.7964E-03
-1.7995E-03
-1.8022E-03
-1.8046E-03
-1.8074E-03
-1.8102E-03
-1.8117E-03
-1.8118E-03
-1.8116E-03
-1.8125E-03
-1.8139E-03
-1.8146E-03
-1.8140E-03
-1.8138E-03
-1.8160E-03
-1.8191E-03
-1.8210E-03
-1.8221E-03
-1.8229E-03
-1.8229E-03
-1.8224E-03
-1.8220E-03
-1.8201E-03
-1.8168E-03
-1.8144E-03
-1.8131E-03
-1.8128E-03
-1.8142E-03
-1.8167E-03
-1.8185E-03
-1.8192E-03
-1.8196E-03
-1.8207E-03
-1.8228E-03
-1.8246E-03
-1.8247E-03
-1.8242E-03
-1.8242E-03
-1.8255E-03
-1.8281E-03
-1.8302E-03
-1.8310E-03
-1.8323E-03
-1.8360E-03
-1.8410E-03
-1.8440E-03
-1.8431E-03
-1.8411E-03
-1.8419E-03
-1.8457E-03
-1.8511E-03
-1.8571E-03
-1.8627E-03
-1.8670E-03
-1.8699E-03
-1.8712E-03
-1.8695E-03
-1.8657E-03
-1.8632E-03
-1.8636E-03
-1.8658E-03
-1.8690E-03
-1.8714E-03
-1.8711E-03
-1.8692E-03
-1.8674E-03
-1.8653E-03
-1.8635E-03
-1.8634E-03
-1.8649E-03
-1.8678E-03
-1.8725E-03
-1.8778E-03
-1.8822E-03
-1.8860E-03
-1.8891E-03
-1.8907E-03
-1.8913E-03
-1.8916E-03
-1.8931E-03
-1.8969E-03
-1.9021E-03
-1.9068E-03
-1.9094E-03
-1.9092E-03
-1.9074E-03
-1.9062E-03
-1.9061E-03
-1.9065E-03
-1.9069E-03
-1.9071E-03
-1.9073E-03
-1.9086E-03
-1.9110E-03
-1.9138E-03
-1.9167E-03
-1.9201E-03
-1.9242E-03
-1.9283E-03
-1.9322E-03
-1.9357E-03
-1.9386E-03
-1.9410E-03
-1.9437E-03
-1.9479E-03
-1.9520E-03
-1.9544E-03
-1.9558E-03
-1.9573E-03
-1.9588E-03
-1.9605E-03
-1.9627E-03
-1.9650E-03
-1.9667E-03
-1.9671E-03
-1.9667E-03
-1.9673E-03
-1.9689E-03
-1.9700E-03
-1.9695E-03
-1.9676E-03
-1.9659E-03
-1.9651E-03
-1.9649E-03
-1.9649E-03
-1.9651E-03
-1.9654E-03
-1.9667E-03
-1.9686E-03
-1.9698E-03
-1.9700E-03
-1.9705E-03
-1.9726E-03
-1.9764E-03
-1.9805E-03
-1.9834E-03
-1.9848E-03
-1.9856E-03
-1.9880E-03
-1.9923E-03
-1.9967E-03
-2.0007E-03
-2.0034E-03
-2.0043E-03
-2.0047E-03
-2.0064E-03
-2.0103E-03
-2.0147E-03
-2.0162E-03
-2.0147E-03
-2.0134E-03
-2.0136E-03
-2.0147E-03
-2.0164E-03
-2.0186E-03
-2.0207E-03
-2.0228E-03
-2.0263E-03
-2.0312E-03
-2.0361E-03
-2.0396E-03
-2.0416E-03
-2.0430E-03
-2.0445E-03
-2.0452E-03
-2.0443E-03
-2.0428E-03
-2.0424E-03
-2.0438E-03
-2.0462E-03
-2.0497E-03
-2.0542E-03
-2.0583E-03
-2.0612E-03
-2.0638E-03
-2.0671E-03
-2.0712E-03
-2.0755E-03
-2.0794E-03
-2.0824E-03
-2.0833E-03
-2.0817E-03
-2.0788E-03
-2.0769E-03
-2.0771E-03
-2.0782E-03
-2.0786E-03
-2.0784E-03
-2.0785E-03
-2.0795E-03
-2.0814E-03
-2.0848E-03
-2.0889E-03
-2.0919E-03
-2.0929E-03
-2.0920E-03
-2.0899E-03
-2.0883E-03
-2.0886E-03
-2.0903E-03
-2.0924E-03
-2.0959E-03
-2.1011E-03
-2.1077E-03
-2.1133E-03
-2.1155E-03
-2.1144E-03
-2.1120E-03
-2.1095E-03
-2.1081E-03
-2.1097E-03
-2.1138E-03
-2.1185E-03
-2.1220E-03
-2.1240E-03
-2.1248E-03
-2.1248E-03
-2.1250E-03
-2.1261E-03
-2.1286E-03
-2.1325E-03
-2.1361E-03
-2.1385E-03
-2.1399E-03
-2.1410E-03
-2.1425E-03
-2.1446E-03
-2.1465E-03
-2.1470E-03
-2.1471E-03
-2.1480E-03
-2.1497E-03
-2.1517E-03
-2.1538E-03
-2.1559E-03
-2.1581E-03
-2.1607E-03
-2.1634E-03
-2.1656E-03
-2.1670E-03
-2.1677E-03
-2.1676E-03
-2.1669E-03
-2.1665E-03
-2.1666E-03
-2.1667E-03
-2.1674E-03
-2.1695E-03
-2.1729E-03
-2.1768E-03
-2.1805E-03
-2.1838E-03
-2.1868E-03
-2.1895E-03
-2.1912E-03
-2.1910E-03
-2.1898E-03
-2.1901E-03
-2.1933E-03
-2.1981E-03
-2.2025E-03
-2.2053E-03
-2.2072E-03
-2.2096E-03
-2.2125E-03
-2.2151E-03
-2.2173E-03
-2.2191E-03
-2.2210E-03
-2.2230E-03
-2.2256E-03
-2.2286E-03
-2.2313E-03
-2.2329E-03
-2.2338E-03
-2.2347E-03
-2.2355E-03
-2.2360E-03
-2.2357E-03
-2.2353E-03
-2.2358E-03
-2.2373E-03
-2.2388E-03
-2.2393E-03
-2.2381E-03
-2.2355E-03
-2.2335E-03
-2.2340E-03
-2.2367E-03
-2.2407E-03
-2.2456E-03
-2.2505E-03
-2.2541E-03
-2.2555E-03
-2.2550E-03
-2.2537E-03
-2.2534E-03
-2.2550E-03
-2.2579E-03
-2.2611E-03
-2.2631E-03
-2.2637E-03
-2.2637E-03
-2.2640E-03
-2.2652E-03
-2.2673E-03
-2.2697E-03
-2.2721E-03
-2.2737E-03
-2.2746E-03
-2.2751E-03
-2.2757E-03
-2.2766E-03
-2.2774E-03
-2.2782E-03
-2.2793E-03
-2.2810E-03
-2.2823E-03
-2.2831E-03
-2.2837E-03
-2.2844E-03
-2.2860E-03
-2.2888E-03
-2.2920E-03
-2.2948E-03
-2.2976E-03
-2.3003E-03
-2.3023E-03
-2.3031E-03
-2.3028E-03
-2.3022E-03
-2.3029E-03
-2.3053E-03
-2.3087E-03
-2.3126E-03
-2.3164E-03
-2.3196E-03
-2.3216E-03
-2.3223E-03
-2.3227E-03
-2.3238E-03
-2.3256E-03
-2.3274E-03
-2.3290E-03
-2.3305E-03
-2.3325E-03
-2.3347E-03
-2.3364E-03
-2.3379E-03
-2.3398E-03
-2.3417E-03
-2.3432E-03
-2.3444E-03
-2.3444E-03
-2.3437E-03
-2.3435E-03
-2.3448E-03
-2.3471E-03
-2.3495E-03
-2.3510E-03
-2.3515E-03
-2.3517E-03
-2.3522E-03
-2.3528E-03
-2.3539E-03
-2.3559E-03
-2.3588E-03
-2.3621E-03
-2.3650E-03
-2.3664E-03
-2.3665E-03
-2.3668E-03
-2.3683E-03
-2.3708E-03
-2.3733E-03
-2.3742E-03
-2.3740E-03
-2.3740E-03
-2.3748E-03
-2.3758E-03
-2.3771E-03
-2.3786E-03
-2.3800E-03
-2.3816E-03
-2.3834E-03
-2.3849E-03
-2.3862E-03
-2.3878E-03
-2.3896E-03
-2.3915E-03
-2.3938E-03
-2.3960E-03
-2.3979E-03
-2.3994E-03
-2.4003E-03
-2.4012E-03
-2.4027E-03
-2.4043E-03
-2.4056E-03
-2.4060E-03
-2.4057E-03
-2.4057E-03
-2.4061E-03
-2.4066E-03
-2.4071E-03
-2.4079E-03
-2.4086E-03
-2.4085E-03
-2.4079E-03
-2.4076E-03
-2.4083E-03
-2.4103E-03
-2.4127E-03
-2.4146E-03
-2.4159E-03
-2.4169E-03
-2.4179E-03
-2.4192E-03
-2.4206E-03
-2.4222E-03
-2.4242E-03
-2.4270E-03
-2.4300E-03
-2.4322E-03
-2.4330E-03
-2.4321E-03
-2.4307E-03
-2.4298E-03
-2.4305E-03
-2.4328E-03
-2.4359E-03
-2.4387E-03
-2.4412E-03
-2.4439E-03
-2.4466E-03
-2.4492E-03
-2.4512E-03
-2.4524E-03
-2.4531E-03
-2.4539E-03
-2.4542E-03
-2.4535E-03
-2.4527E-03
-2.4526E-03
-2.4535E-03
-2.4554E-03
-2.4571E-03
-2.4576E-03
-2.4569E-03
-2.4558E-03
-2.4553E-03
-2.4562E-03
-2.4594E-03
-2.4643E-03
-2.4694E-03
-2.4735E-03
-2.4761E-03
-2.4771E-03
-2.4772E-03
-2.4778E-03
-2.4790E-03
-2.4804E-03
-2.4827E-03
-2.4857E-03
-2.4885E-03
-2.4906E-03
-2.4922E-03
-2.4934E-03
-2.4940E-03
-2.4942E-03
-2.4938E-03
-2.4931E-03
-2.4934E-03
-2.4955E-03
-2.4992E-03
-2.5036E-03
-2.5067E-03
-2.5078E-03
-2.5076E-03
-2.5078E-03
-2.5090E-03
-2.5107E-03
-2.5121E-03
-2.5129E-03
-2.5138E-03
-2.5149E-03
-2.5159E-03
-2.5164E-03
-2.5169E-03
-2.5175E-03
-2.5183E-03
-2.5189E-03
-2.5194E-03
-2.5202E-03
-2.5217E-03
-2.5238E-03
-2.5265E-03
-2.5292E-03
-2.5310E-03
-2.5315E-03
-2.5316E-03
-2.5326E-03
-2.5351E-03
-2.5390E-03
-2.5437E-03
-2.5482E-03
-2.5516E-03
-2.5539E-03
-2.5552E-03
-2.5558E-03
-2.5562E-03
-2.5566E-03
-2.5575E-03
-2.5592E-03
-2.5615E-03
-2.5639E-03
-2.5657E-03
-2.5670E-03
-2.5680E-03
-2.5691E-03
-2.5699E-03
-2.5704E-03
-2.5712E-03
-2.5732E-03
-2.5765E-03
-2.5802E-03
-2.5834E-03
-2.5854E-03
-2.5859E-03
-2.5854E-03
-2.5847E-03
-2.5849E-03
-2.5867E-03
-2.5897E-03
-2.5932E-03
-2.5964E-03
-2.5990E-03
-2.6014E-03
-2.6041E-03
-2.6070E-03
-2.6093E-03
-2.6100E-03
-2.6096E-03
-2.6096E-03
-2.6112E-03
-2.6142E-03
-2.6172E-03
-2.6196E-03
-2.6212E-03
-2.6225E-03
-2.6237E-03
-2.6247E-03
-2.6252E-03
-2.6254E-03
-2.6265E-03
-2.6288E-03
-2.6321E-03
-2.6353E-03
-2.6377E-03
-2.6391E-03
-2.6404E-03
-2.6425E-03
-2.6451E-03
-2.6474E-03
-2.6486E-03
-2.6492E-03
-2.6502E-03
-2.6515E-03
-2.6527E-03
-2.6532E-03
-2.6537E-03
-2.6551E-03
-2.6578E-03
-2.6610E-03
-2.6638E-03
-2.6659E-03
-2.6682E-03
-2.6710E-03
-2.6740E-03
-2.6768E-03
-2.6792E-03
-2.6817E-03
-2.6848E-03
-2.6886E-03
-2.6927E-03
-2.6971E-03
-2.7015E-03
-2.7052E-03
-2.7077E-03
-2.7091E-03
-2.7102E-03
-2.7114E-03
-2.7124E-03
-2.7131E-03
-2.7135E-03
-2.7137E-03
-2.7141E-03
-2.7152E-03
-2.7167E-03
-2.7182E-03
-2.7195E-03
-2.7205E-03
-2.7214E-03
-2.7229E-03
-2.7252E-03
-2.7280E-03
-2.7307E-03
-2.7328E-03
-2.7342E-03
-2.7354E-03
-2.7366E-03
-2.7380E-03
-2.7400E-03
-2.7425E-03
-2.7453E-03
-2.7473E-03
-2.7481E-03
-2.7482E-03
-2.7483E-03
-2.7488E-03
-2.7495E-03
-2.7500E-03
-2.7506E-03
-2.7521E-03
-2.7539E-03
-2.7553E-03
-2.7565E-03
-2.7577E-03
-2.7589E-03
-2.7606E-03
-2.7626E-03
-2.7646E-03
-2.7660E-03
-2.7664E-03
-2.7662E-03
-2.7661E-03
-2.7667E-03
-2.7679E-03
-2.7693E-03
-2.7707E-03
-2.7722E-03
-2.7738E-03
-2.7757E-03
-2.7774E-03
-2.7789E-03
-2.7806E-03
-2.7825E-03
-2.7841E-03
-2.7851E-03
-2.7858E-03
-2.7867E-03
-2.7882E-03
-2.7901E-03
-2.7921E-03
-2.7942E-03
-2.7962E-03
-2.7975E-03
-2.7981E-03
-2.7985E-03
-2.7992E-03
-2.8003E-03
-2.8018E-03
-2.8033E-03
-2.8045E-03
-2.8061E-03
-2.8082E-03
-2.8107E-03
-2.8135E-03
-2.8164E-03
-2.8191E-03
-2.8213E-03
-2.8224E-03
-2.8226E-03
-2.8223E-03
-2.8221E-03
-2.8223E-03
-2.8234E-03
-2.8256E-03
-2.8283E-03
-2.8305E-03
-2.8314E-03
-2.8315E-03
-2.8315E-03
-2.8315E-03
-2.8306E-03
-2.8283E-03
-2.8253E-03
-2.8230E-03
-2.8227E-03
-2.8242E-03
-2.8259E-03
-2.8267E-03
-2.8267E-03
-2.8266E-03
-2.8265E-03
-2.8265E-03
-2.8272E-03
-2.8291E-03
-2.8318E-03
-2.8345E-03
-2.8364E-03
-2.8373E-03
-2.8378E-03
-2.8379E-03
-2.8377E-03
-2.8377E-03
-2.8380E-03
-2.8389E-03
-2.8403E-03
-2.8421E-03
-2.8440E-03
-2.8457E-03
-2.8470E-03
-2.8479E-03
-2.8480E-03
-2.8473E-03
-2.8461E-03
-2.8450E-03
-2.8447E-03
-2.8455E-03
-2.8469E-03
-2.8482E-03
-2.8489E-03
-2.8490E-03
-2.8490E-03
-2.8487E-03
-2.8481E-03
-2.8471E-03
-2.8457E-03
-2.8443E-03
-2.8434E-03
-2.8430E-03
-2.8429E-03
-2.8427E-03
-2.8424E-03
-2.8420E-03
-2.8415E-03
-2.8406E-03
-2.8398E-03
-2.8394E-03
-2.8396E-03
-2.8401E-03
-2.8404E-03
-2.8405E-03
-2.8405E-03
-2.8407E-03
-2.8414E-03
-2.8427E-03
-2.8441E-03
-2.8452E-03
-2.8459E-03
-2.8466E-03
-2.8479E-03
-2.8492E-03
-2.8501E-03
-2.8506E-03
-2.8510E-03
-2.8514E-03
-2.8518E-03
-2.8521E-03
-2.8520E-03
-2.8521E-03
-2.8530E-03
-2.8545E-03
-2.8558E-03
-2.8563E-03
-2.8563E-03
-2.8561E-03
-2.8562E-03
-2.8573E-03
-2.8590E-03
-2.8609E-03
-2.8625E-03
-2.8632E-03
-2.8631E-03
-2.8630E-03
-2.8633E-03
-2.8638E-03
-2.8642E-03
-2.8644E-03
-2.8647E-03
-2.8650E-03
-2.8652E-03
-2.8650E-03
-2.8642E-03
-2.8632E-03
-2.8628E-03
-2.8628E-03
-2.8628E-03
-2.8626E-03
-2.8621E-03
-2.8608E-03
-2.8586E-03
-2.8559E-03
-2.8540E-03
-2.8535E-03
-2.8537E-03
-2.8537E-03
-2.8535E-03
-2.8535E-03
-2.8545E-03
-2.8567E-03
-2.8595E-03
-2.8617E-03
-2.8626E-03
-2.8620E-03
-2.8602E-03
-2.8578E-03
-2.8562E-03
-2.8565E-03
-2.8583E-03
-2.8596E-03
-2.8595E-03
-2.8584E-03
-2.8570E-03
-2.8558E-03
-2.8543E-03
-2.8527E-03
-2.8513E-03
-2.8505E-03
-2.8504E-03
-2.8510E-03
-2.8517E-03
-2.8524E-03
-2.8526E-03
-2.8523E-03
-2.8516E-03
-2.8507E-03
-2.8500E-03
-2.8496E-03
-2.8494E-03
-2.8492E-03
-2.8488E-03
-2.8480E-03
-2.8469E-03
-2.8461E-03
-2.8462E-03
-2.8469E-03
-2.8474E-03
-2.8469E-03
-2.8452E-03
-2.8431E-03
-2.8414E-03
-2.8403E-03
-2.8391E-03
-2.8372E-03
-2.8349E-03
-2.8330E-03
-2.8318E-03
-2.8311E-03
-2.8303E-03
-2.8294E-03
-2.8285E-03
-2.8277E-03
-2.8263E-03
-2.8244E-03
-2.8226E-03
-2.8213E-03
-2.8209E-03
-2.8213E-03
-2.8222E-03
-2.8224E-03
-2.8215E-03
-2.8197E-03
-2.8175E-03
-2.8156E-03
-2.8149E-03
-2.8147E-03
-2.8147E-03
-2.8151E-03
-2.8159E-03
-2.8167E-03
-2.8172E-03
-2.8168E-03
-2.8156E-03
-2.8142E-03
-2.8129E-03
-2.8113E-03
-2.8093E-03
-2.8073E-03
-2.8055E-03
-2.8039E-03
-2.8026E-03
-2.8017E-03
-2.8011E-03
-2.8008E-03
-2.8002E-03
-2.7994E-03
-2.7985E-03
-2.7980E-03
-2.7980E-03
-2.7976E-03
-2.7965E-03
-2.7952E-03
-2.7943E-03
-2.7936E-03
-2.7925E-03
-2.7906E-03
-2.7881E-03
-2.7858E-03
-2.7841E-03
-2.7830E-03
-2.7817E-03
-2.7805E-03
-2.7796E-03
-2.7788E-03
-2.7778E-03
-2.7763E-03
-2.7746E-03
-2.7727E-03
-2.7711E-03
-2.7701E-03
-2.7697E-03
-2.7690E-03
-2.7676E-03
-2.7655E-03
-2.7635E-03
-2.7626E-03
-2.7621E-03
-2.7614E-03
-2.7607E-03
-2.7601E-03
-2.7591E-03
-2.7574E-03
-2.7552E-03
-2.7524E-03
-2.7496E-03
-2.7475E-03
-2.7463E-03
-2.7454E-03
-2.7443E-03
-2.7428E-03
-2.7415E-03
-2.7408E-03
-2.7397E-03
-2.7383E-03
-2.7371E-03
-2.7366E-03
-2.7365E-03
-2.7358E-03
-2.7336E-03
-2.7304E-03
-2.7276E-03
-2.7259E-03
-2.7250E-03
-2.7241E-03
-2.7230E-03
-2.7218E-03
-2.7210E-03
-2.7204E-03
-2.7193E-03
-2.7174E-03
-2.7153E-03
-2.7136E-03
-2.7123E-03
-2.7105E-03
-2.7080E-03
-2.7057E-03
-2.7042E-03
-2.7036E-03
-2.7034E-03
-2.7035E-03
-2.7040E-03
-2.7044E-03
-2.7039E-03
-2.7023E-03
-2.7007E-03
-2.6997E-03
-2.6990E-03
-2.6981E-03
-2.6962E-03
-2.6933E-03
-2.6902E-03
-2.6877E-03
-2.6858E-03
-2.6842E-03
-2.6828E-03
-2.6808E-03
-2.6788E-03
-2.6775E-03
-2.6769E-03
-2.6762E-03
-2.6751E-03
-2.6742E-03
-2.6734E-03
-2.6729E-03
-2.6721E-03
-2.6704E-03
-2.6674E-03
-2.6633E-03
-2.6586E-03
-2.6549E-03
-2.6528E-03
-2.6519E-03
-2.6509E-03
-2.6488E-03
-2.6459E-03
-2.6435E-03
-2.6421E-03
-2.6411E-03
-2.6396E-03
-2.6377E-03
-2.6356E-03
-2.6338E-03
-2.6323E-03
-2.6309E-03
-2.6295E-03
-2.6282E-03
-2.6274E-03
-2.6268E-03
-2.6256E-03
-2.6236E-03
-2.6211E-03
-2.6187E-03
-2.6166E-03
-2.6144E-03
-2.6120E-03
-2.6096E-03
-2.6074E-03
-2.6052E-03
-2.6022E-03
-2.5985E-03
-2.5954E-03
-2.5933E-03
-2.5910E-03
-2.5877E-03
-2.5837E-03
-2.5798E-03
-2.5767E-03
-2.5738E-03
-2.5702E-03
-2.5657E-03
-2.5609E-03
-2.5567E-03
-2.5539E-03
-2.5520E-03
-2.5496E-03
-2.5454E-03
-2.5408E-03
-2.5371E-03
-2.5349E-03
-2.5334E-03
-2.5318E-03
-2.5298E-03
-2.5276E-03
-2.5264E-03
-2.5261E-03
-2.5256E-03
-2.5236E-03
-2.5202E-03
-2.5162E-03
-2.5121E-03
-2.5079E-03
-2.5035E-03
-2.4992E-03
-2.4955E-03
-2.4922E-03
-2.4892E-03
-2.4866E-03
-2.4844E-03
-2.4823E-03
-2.4799E-03
-2.4771E-03
-2.4731E-03
-2.4678E-03
-2.4625E-03
-2.4574E-03
-2.4521E-03
-2.4465E-03
-2.4415E-03
-2.4380E-03
-2.4361E-03
-2.4345E-03
-2.4322E-03
-2.4300E-03
-2.4280E-03
-2.4257E-03
-2.4227E-03
-2.4192E-03
-2.4166E-03
-2.4154E-03
-2.4144E-03
-2.4122E-03
-2.4086E-03
-2.4048E-03
-2.4013E-03
-2.3978E-03
-2.3944E-03
-2.3914E-03
-2.3873E-03
-2.3820E-03
-2.3770E-03
-2.3730E-03
-2.3697E-03
-2.3671E-03
-2.3646E-03
-2.3611E-03
-2.3570E-03
-2.3526E-03
-2.3480E-03
-2.3434E-03
-2.3390E-03
-2.3353E-03
-2.3320E-03
-2.3286E-03
-2.3251E-03
-2.3214E-03
-2.3176E-03
-2.3134E-03
-2.3084E-03
-2.3029E-03
-2.2977E-03
-2.2926E-03
-2.2874E-03
-2.2824E-03
-2.2777E-03
-2.2736E-03
-2.2705E-03
-2.2677E-03
-2.2641E-03
-2.2601E-03
-2.2568E-03
-2.2539E-03
-2.2516E-03
-2.2503E-03
-2.2492E-03
-2.2470E-03
-2.2429E-03
-2.2374E-03
-2.2314E-03
-2.2259E-03
-2.2209E-03
-2.2170E-03
-2.2141E-03
-2.2119E-03
-2.2094E-03
-2.2059E-03
-2.2021E-03
-2.1997E-03
-2.1982E-03
-2.1965E-03
-2.1939E-03
-2.1895E-03
-2.1828E-03
-2.1751E-03
-2.1682E-03
-2.1631E-03
-2.1596E-03
-2.1566E-03
-2.1533E-03
-2.1500E-03
-2.1460E-03
-2.1409E-03
-2.1355E-03
-2.1308E-03
-2.1275E-03
-2.1246E-03
-2.1207E-03
-2.1157E-03
-2.1110E-03
-2.1075E-03
-2.1039E-03
-2.0999E-03
-2.0964E-03
-2.0934E-03
-2.0899E-03
-2.0861E-03
-2.0827E-03
-2.0793E-03
-2.0762E-03
-2.0734E-03
-2.0709E-03
-2.0689E-03
-2.0668E-03
-2.0633E-03
-2.0587E-03
-2.0548E-03
-2.0515E-03
-2.0470E-03
-2.0421E-03
-2.0384E-03
-2.0357E-03
-2.0332E-03
-2.0304E-03
-2.0271E-03
-2.0243E-03
-2.0222E-03
-2.0204E-03
-2.0192E-03
-2.0188E-03
-2.0193E-03
-2.0205E-03
-2.0213E-03
-2.0199E-03
-2.0161E-03
-2.0115E-03
-2.0075E-03
-2.0043E-03
-2.0009E-03
-1.9960E-03
-1.9897E-03
-1.9845E-03
-1.9818E-03
-1.9806E-03
-1.9793E-03
-1.9771E-03
-1.9747E-03
-1.9733E-03
-1.9732E-03
-1.9731E-03
-1.9718E-03
-1.9688E-03
-1.9653E-03
-1.9632E-03
-1.9619E-03
-1.9601E-03
-1.9579E-03
-1.9558E-03
-1.9532E-03
-1.9501E-03
-1.9468E-03
-1.9440E-03
-1.9422E-03
-1.9417E-03
-1.9423E-03
-1.9426E-03
-1.9418E-03
-1.9401E-03
-1.9386E-03
-1.9378E-03
-1.9372E-03
-1.9356E-03
-1.9330E-03
-1.9305E-03
-1.9291E-03
-1.9278E-03
-1.9255E-03
-1.9226E-03
-1.9196E-03
-1.9166E-03
-1.9132E-03
-1.9101E-03
-1.9081E-03
-1.9075E-03
-1.9073E-03
-1.9069E-03
-1.9066E-03
-1.9064E-03
-1.9059E-03
-1.9040E-03
-1.9008E-03
-1.8966E-03
-1.8924E-03
-1.8890E-03
-1.8862E-03
-1.8842E-03
-1.8834E-03
-1.8836E-03
-1.8843E-03
-1.8852E-03
-1.8856E-03
-1.8846E-03
-1.8825E-03
-1.8804E-03
-1.8786E-03
-1.8775E-03
-1.8777E-03
-1.8785E-03
-1.8792E-03
-1.8791E-03
-1.8777E-03
-1.8755E-03
-1.8733E-03
-1.8712E-03
-1.8699E-03
-1.8705E-03
-1.8724E-03
-1.8742E-03
-1.8749E-03
-1.8741E-03
-1.8724E-03
-1.8707E-03
-1.8696E-03
-1.8691E-03
-1.8689E-03
-1.8682E-03
-1.8660E-03
-1.8635E-03
-1.8625E-03
-1.8631E-03
-1.8646E-03
-1.8660E-03
-1.8670E-03
-1.8675E-03
-1.8678E-03
-1.8675E-03
-1.8670E-03
-1.8677E-03
-1.8703E-03
-1.8737E-03
-1.8767E-03
-1.8788E-03
-1.8801E-03
-1.8809E-03
-1.8815E-03
-1.8816E-03
-1.8809E-03
-1.8798E-03
-1.8789E-03
-1.8785E-03
-1.8782E-03
-1.8784E-03
-1.8799E-03
-1.8825E-03
-1.8845E-03
-1.8845E-03
-1.8831E-03
-1.8820E-03
-1.8823E-03
-1.8837E-03
-1.8855E-03
-1.8873E-03
-1.8890E-03
-1.8908E-03
-1.8930E-03
-1.8947E-03
-1.8955E-03
-1.8966E-03
-1.8985E-03
-1.9003E-03
-1.9017E-03
-1.9022E-03
-1.9024E-03
-1.9029E-03
-1.9041E-03
-1.9061E-03
-1.9078E-03
-1.9083E-03
-1.9089E-03
-1.9108E-03
-1.9139E-03
-1.9181E-03
-1.9225E-03
-1.9255E-03
-1.9275E-03
-1.9293E-03
-1.9315E-03
-1.9344E-03
-1.9385E-03
-1.9431E-03
-1.9471E-03
-1.9501E-03
-1.9528E-03
-1.9563E-03
-1.9607E-03
-1.9652E-03
-1.9688E-03
-1.9722E-03
-1.9767E-03
-1.9816E-03
-1.9857E-03
-1.9889E-03
-1.9918E-03
-1.9956E-03
-2.0010E-03
-2.0065E-03
-2.0104E-03
-2.0121E-03
-2.0125E-03
-2.0131E-03
-2.0152E-03
-2.0184E-03
-2.0216E-03
-2.0250E-03
-2.0288E-03
-2.0330E-03
-2.0378E-03
-2.0432E-03
-2.0491E-03
-2.0548E-03
-2.0609E-03
-2.0675E-03
-2.0735E-03
-2.0777E-03
-2.0805E-03
-2.0823E-03
-2.0839E-03
-2.0868E-03
-2.0908E-03
-2.0957E-03
-2.1009E-03
-2.1062E-03
-2.1110E-03
-2.1153E-03
-2.1197E-03
-2.1243E-03
-2.1288E-03
-2.1327E-03
-2.1365E-03
-2.1412E-03
-2.1476E-03
-2.1553E-03
-2.1626E-03
-2.1675E-03
-2.1701E-03
-2.1723E-03
-2.1752E-03
-2.1784E-03
-2.1819E-03
-2.1849E-03
-2.1875E-03
-2.1911E-03
-2.1959E-03
-2.2002E-03
-2.2034E-03
-2.2051E-03
-2.2054E-03
-2.2060E-03
-2.2084E-03
-2.2122E-03
-2.2175E-03
-2.2237E-03
-2.2297E-03
-2.2363E-03
-2.2442E-03
-2.2510E-03
-2.2541E-03
-2.2530E-03
-2.2501E-03
-2.2481E-03
-2.2490E-03
-2.2525E-03
-2.2570E-03
-2.2611E-03
-2.2643E-03
-2.2671E-03
-2.2698E-03
-2.2730E-03
-2.2768E-03
-2.2809E-03
-2.2850E-03
-2.2890E-03
-2.2927E-03
-2.2958E-03
-2.2986E-03
-2.3010E-03
-2.3023E-03
-2.3026E-03
-2.3029E-03
-2.3037E-03
-2.3050E-03
-2.3067E-03
-2.3090E-03
-2.3129E-03
-2.3187E-03
-2.3250E-03
-2.3303E-03
-2.3343E-03
-2.3375E-03
-2.3408E-03
-2.3435E-03
-2.3456E-03
-2.3473E-03
-2.3485E-03
-2.3493E-03
-2.3506E-03
-2.3524E-03
-2.3545E-03
-2.3568E-03
-2.3594E-03
-2.3615E-03
-2.3628E-03
-2.3635E-03
-2.3636E-03
-2.3638E-03
-2.3642E-03
-2.3644E-03
-2.3643E-03
-2.3636E-03
-2.3628E-03
-2.3626E-03
-2.3628E-03
-2.3634E-03
-2.3641E-03
-2.3645E-03
-2.3652E-03
-2.3672E-03
-2.3703E-03
-2.3731E-03
-2.3748E-03
-2.3762E-03
-2.3783E-03
-2.3812E-03
-2.3843E-03
-2.3870E-03
-2.3896E-03
-2.3929E-03
-2.3964E-03
-2.3991E-03
-2.4005E-03
-2.4012E-03
-2.4025E-03
-2.4050E-03
-2.4077E-03
-2.4097E-03
-2.4110E-03
-2.4129E-03
-2.4159E-03
-2.4196E-03
-2.4234E-03
-2.4265E-03
-2.4285E-03
-2.4295E-03
-2.4297E-03
-2.4292E-03
-2.4290E-03
-2.4297E-03
-2.4305E-03
-2.4309E-03
-2.4313E-03
-2.4322E-03
-2.4334E-03
-2.4347E-03
-2.4353E-03
-2.4349E-03
-2.4342E-03
-2.4341E-03
-2.4344E-03
-2.4347E-03
-2.4355E-03
-2.4371E-03
-2.4399E-03
-2.4431E-03
-2.4454E-03
-2.4463E-03
-2.4463E-03
-2.4467E-03
-2.4482E-03
-2.4508E-03
-2.4535E-03
-2.4560E-03
-2.4587E-03
-2.4619E-03
-2.4648E-03
-2.4673E-03
-2.4697E-03
-2.4719E-03
-2.4728E-03
-2.4720E-03
-2.4708E-03
-2.4704E-03
-2.4714E-03
-2.4740E-03
-2.4775E-03
-2.4806E-03
-2.4830E-03
-2.4838E-03
-2.4832E-03
-2.4825E-03
-2.4817E-03
-2.4802E-03
-2.4788E-03
-2.4783E-03
-2.4788E-03
-2.4802E-03
-2.4820E-03
-2.4833E-03
-2.4838E-03
-2.4838E-03
-2.4838E-03
-2.4847E-03
-2.4865E-03
-2.4886E-03
-2.4903E-03
-2.4914E-03
-2.4919E-03
-2.4921E-03
-2.4927E-03
-2.4944E-03
-2.4974E-03
-2.5019E-03
-2.5073E-03
-2.5127E-03
-2.5168E-03
-2.5189E-03
-2.5194E-03
-2.5192E-03
-2.5199E-03
-2.5217E-03
-2.5242E-03
-2.5272E-03
-2.5302E-03
-2.5324E-03
-2.5340E-03
-2.5354E-03
-2.5372E-03
-2.5390E-03
-2.5405E-03
-2.5417E-03
-2.5423E-03
-2.5423E-03
-2.5424E-03
-2.5432E-03
-2.5444E-03
-2.5458E-03
-2.5474E-03
-2.5490E-03
-2.5495E-03
-2.5491E-03
-2.5490E-03
-2.5500E-03
-2.5511E-03
-2.5512E-03
-2.5510E-03
-2.5514E-03
-2.5524E-03
-2.5530E-03
-2.5527E-03
-2.5527E-03
-2.5533E-03
-2.5538E-03
-2.5530E-03
-2.5516E-03
-2.5507E-03
-2.5504E-03
-2.5497E-03
-2.5479E-03
-2.5461E-03
-2.5456E-03
-2.5461E-03
-2.5471E-03
-2.5485E-03
-2.5497E-03
-2.5504E-03
-2.5508E-03
-2.5517E-03
-2.5538E-03
-2.5564E-03
-2.5588E-03
-2.5607E-03
-2.5621E-03
-2.5629E-03
-2.5631E-03
-2.5630E-03
-2.5627E-03
-2.5628E-03
-2.5636E-03
-2.5649E-03
-2.5663E-03
-2.5674E-03
-2.5678E-03
-2.5686E-03
-2.5705E-03
-2.5727E-03
-2.5736E-03
-2.5727E-03
-2.5705E-03
-2.5683E-03
-2.5675E-03
-2.5693E-03
-2.5727E-03
-2.5764E-03
-2.5793E-03
-2.5808E-03
-2.5815E-03
-2.5822E-03
-2.5829E-03
-2.5834E-03
-2.5844E-03
-2.5859E-03
-2.5877E-03
-2.5899E-03
-2.5925E-03
-2.5946E-03
-2.5952E-03
-2.5945E-03
-2.5940E-03
-2.5947E-03
-2.5970E-03
-2.6000E-03
-2.6030E-03
-2.6059E-03
-2.6085E-03
-2.6099E-03
-2.6104E-03
-2.6112E-03
-2.6130E-03
-2.6157E-03
-2.6182E-03
-2.6198E-03
-2.6208E-03
-2.6220E-03
-2.6231E-03
-2.6232E-03
-2.6225E-03
-2.6219E-03
-2.6222E-03
-2.6235E-03
-2.6247E-03
-2.6260E-03
-2.6281E-03
-2.6313E-03
-2.6352E-03
-2.6392E-03
-2.6428E-03
-2.6461E-03
-2.6493E-03
-2.6522E-03
-2.6545E-03
-2.6567E-03
-2.6591E-03
-2.6616E-03
-2.6635E-03
-2.6641E-03
-2.6636E-03
-2.6628E-03
-2.6622E-03
-2.6623E-03
-2.6633E-03
-2.6653E-03
-2.6680E-03
-2.6706E-03
-2.6726E-03
-2.6739E-03
-2.6747E-03
-2.6748E-03
-2.6748E-03
-2.6752E-03
-2.6764E-03
-2.6780E-03
-2.6796E-03
-2.6812E-03
-2.6834E-03
-2.6860E-03
-2.6888E-03
-2.6913E-03
-2.6932E-03
-2.6951E-03
-2.6971E-03
-2.6994E-03
-2.7015E-03
-2.7032E-03
-2.7045E-03
-2.7056E-03
-2.7067E-03
-2.7074E-03
-2.7073E-03
-2.7069E-03
-2.7063E-03
-2.7056E-03
-2.7049E-03
-2.7045E-03
-2.7046E-03
-2.7054E-03
-2.7066E-03
-2.7078E-03
-2.7092E-03
-2.7108E-03
-2.7119E-03
-2.7121E-03
-2.7120E-03
-2.7124E-03
-2.7136E-03
-2.7154E-03
-2.7169E-03
-2.7178E-03
-2.7181E-03
-2.7184E-03
-2.7190E-03
-2.7196E-03
-2.7196E-03
-2.7187E-03
-2.7169E-03
-2.7149E-03
-2.7131E-03
-2.7118E-03
-2.7114E-03
-2.7118E-03
-2.7124E-03
-2.7127E-03
-2.7126E-03
-2.7119E-03
-2.7104E-03
-2.7091E-03
-2.7084E-03
-2.7078E-03
-2.7073E-03
-2.7072E-03
-2.7074E-03
-2.7077E-03
-2.7075E-03
-2.7065E-03
-2.7057E-03
-2.7056E-03
-2.7054E-03
-2.7040E-03
-2.7014E-03
-2.6980E-03
-2.6944E-03
-2.6905E-03
-2.6858E-03
-2.6811E-03
-2.6778E-03
-2.6769E-03
-2.6785E-03
-2.6820E-03
-2.6852E-03
-2.6864E-03
-2.6861E-03
-2.6856E-03
-2.6855E-03
-2.6863E-03
-2.6872E-03
-2.6871E-03
-2.6869E-03
-2.6875E-03
-2.6886E-03
-2.6891E-03
-2.6880E-03
-2.6853E-03
-2.6826E-03
-2.6812E-03
-2.6809E-03
-2.6803E-03
-2.6792E-03
-2.6778E-03
-2.6766E-03
-2.6756E-03
-2.6745E-03
-2.6734E-03
-2.6734E-03
-2.6747E-03
-2.6762E-03
-2.6771E-03
-2.6773E-03
-2.6774E-03
-2.6772E-03
-2.6765E-03
-2.6756E-03
-2.6750E-03
-2.6744E-03
-2.6739E-03
-2.6734E-03
-2.6727E-03
-2.6727E-03
-2.6733E-03
-2.6736E-03
-2.6729E-03
-2.6722E-03
-2.6727E-03
-2.6747E-03
-2.6783E-03
-2.6817E-03
-2.6832E-03
-2.6832E-03
-2.6822E-03
-2.6807E-03
-2.6790E-03
-2.6774E-03
-2.6763E-03
-2.6760E-03
-2.6767E-03
-2.6782E-03
-2.6800E-03
-2.6810E-03
-2.6805E-03
-2.6791E-03
-2.6779E-03
-2.6776E-03
-2.6777E-03
-2.6777E-03
-2.6779E-03
-2.6790E-03
-2.6804E-03
-2.6808E-03
-2.6798E-03
-2.6791E-03
-2.6793E-03
-2.6803E-03
-2.6817E-03
-2.6829E-03
-2.6831E-03
-2.6834E-03
-2.6845E-03
-2.6856E-03
-2.6852E-03
-2.6829E-03
-2.6800E-03
-2.6784E-03
-2.6795E-03
-2.6823E-03
-2.6855E-03
-2.6881E-03
-2.6894E-03
-2.6889E-03
-2.6870E-03
-2.6847E-03
-2.6828E-03
-2.6814E-03
-2.6806E-03
-2.6802E-03
-2.6807E-03
-2.6822E-03
-2.6842E-03
-2.6860E-03
-2.6871E-03
-2.6872E-03
-2.6870E-03
-2.6871E-03
-2.6875E-03
-2.6875E-03
-2.6873E-03
-2.6871E-03
-2.6873E-03
-2.6874E-03
-2.6870E-03
-2.6870E-03
-2.6882E-03
-2.6904E-03
-2.6923E-03
-2.6933E-03
-2.6940E-03
-2.6945E-03
-2.6952E-03
-2.6962E-03
-2.6982E-03
-2.7020E-03
-2.7067E-03
-2.7106E-03
-2.7123E-03
-2.7118E-03
-2.7108E-03
-2.7106E-03
-2.7108E-03
-2.7104E-03
-2.7100E-03
-2.7098E-03
-2.7101E-03
-2.7104E-03
-2.7101E-03
-2.7098E-03
-2.7101E-03
-2.7103E-03
-2.7098E-03
-2.7086E-03
-2.7069E-03
-2.7049E-03
-2.7034E-03
-2.7031E-03
-2.7042E-03
-2.7063E-03
-2.7085E-03
-2.7099E-03
-2.7099E-03
-2.7091E-03
-2.7080E-03
-2.7072E-03
-2.7072E-03
-2.7083E-03
-2.7093E-03
-2.7100E-03
-2.7108E-03
-2.7122E-03
-2.7146E-03
-2.7178E-03
-2.7216E-03
-2.7252E-03
-2.7285E-03
-2.7311E-03
-2.7323E-03
-2.7320E-03
-2.7317E-03
-2.7324E-03
-2.7340E-03
-2.7357E-03
-2.7370E-03
-2.7376E-03
-2.7370E-03
-2.7352E-03
-2.7329E-03
-2.7311E-03
-2.7301E-03
-2.7298E-03
-2.7302E-03
-2.7306E-03
-2.7310E-03
-2.7313E-03
-2.7309E-03
-2.7301E-03
-2.7298E-03
-2.7300E-03
-2.7302E-03
-2.7297E-03
-2.7288E-03
-2.7282E-03
-2.7285E-03
-2.7297E-03
-2.7311E-03
-2.7327E-03
-2.7342E-03
-2.7356E-03
-2.7371E-03
-2.7381E-03
-2.7383E-03
-2.7380E-03
-2.7369E-03
-2.7350E-03
-2.7328E-03
-2.7314E-03
-2.7318E-03
-2.7341E-03
-2.7371E-03
-2.7395E-03
-2.7412E-03
-2.7422E-03
-2.7430E-03
-2.7436E-03
-2.7431E-03
-2.7412E-03
-2.7390E-03
-2.7378E-03
-2.7382E-03
-2.7393E-03
-2.7395E-03
-2.7390E-03
-2.7390E-03
-2.7400E-03
-2.7415E-03
-2.7422E-03
-2.7413E-03
-2.7390E-03
-2.7365E-03
-2.7353E-03
-2.7353E-03
-2.7363E-03
-2.7381E-03
-2.7403E-03
-2.7423E-03
-2.7436E-03
-2.7444E-03
-2.7444E-03
-2.7437E-03
-2.7427E-03
-2.7417E-03
-2.7407E-03
-2.7400E-03
-2.7397E-03
-2.7397E-03
-2.7395E-03
-2.7389E-03
-2.7377E-03
-2.7363E-03
-2.7348E-03
-2.7332E-03
-2.7314E-03
-2.7302E-03
-2.7303E-03
-2.7318E-03
-2.7343E-03
-2.7369E-03
-2.7385E-03
-2.7390E-03
-2.7391E-03
-2.7387E-03
-2.7374E-03
-2.7353E-03
-2.7334E-03
-2.7321E-03
-2.7321E-03
-2.7330E-03
-2.7339E-03
-2.7345E-03
-2.7342E-03
-2.7321E-03
-2.7284E-03
-2.7243E-03
-2.7206E-03
-2.7185E-03
-2.7183E-03
-2.7191E-03
-2.7202E-03
-2.7215E-03
-2.7225E-03
-2.7226E-03
-2.7216E-03
-2.7195E-03
-2.7168E-03
-2.7143E-03
-2.7128E-03
-2.7124E-03
-2.7129E-03
-2.7138E-03
-2.7144E-03
-2.7139E-03
-2.7124E-03
-2.7108E-03
-2.7093E-03
-2.7084E-03
-2.7086E-03
-2.7097E-03
-2.7110E-03
-2.7125E-03
-2.7136E-03
-2.7132E-03
-2.7113E-03
-2.7086E-03
-2.7061E-03
-2.7043E-03
-2.7035E-03
-2.7032E-03
-2.7032E-03
-2.7029E-03
-2.7020E-03
-2.7003E-03
-2.6983E-03
-2.6963E-03
-2.6945E-03
-2.6927E-03
-2.6904E-03
-2.6876E-03
-2.6852E-03
-2.6843E-03
-2.6845E-03
-2.6842E-03
-2.6826E-03
-2.6801E-03
-2.6777E-03
-2.6763E-03
-2.6758E-03
-2.6759E-03
-2.6760E-03
-2.6754E-03
-2.6740E-03
-2.6728E-03
-2.6726E-03
-2.6727E-03
-2.6721E-03
-2.6704E-03
-2.6683E-03
-2.6666E-03
-2.6655E-03
-2.6650E-03
-2.6650E-03
-2.6656E-03
-2.6665E-03
-2.6674E-03
-2.6680E-03
-2.6686E-03
-2.6691E-03
-2.6690E-03
-2.6688E-03
-2.6685E-03
-2.6684E-03
-2.6693E-03
-2.6713E-03
-2.6731E-03
-2.6743E-03
-2.6751E-03
-2.6755E-03
-2.6755E-03
-2.6754E-03
-2.6749E-03
-2.6745E-03
-2.6749E-03
-2.6761E-03
-2.6772E-03
-2.6784E-03
-2.6801E-03
-2.6817E-03
-2.6823E-03
-2.6819E-03
-2.6810E-03
-2.6796E-03
-2.6783E-03
-2.6768E-03
-2.6752E-03
-2.6739E-03
-2.6743E-03
-2.6768E-03
-2.6797E-03
-2.6813E-03
-2.6808E-03
-2.6790E-03
-2.6771E-03
-2.6757E-03
-2.6742E-03
-2.6721E-03
-2.6698E-03
-2.6681E-03
-2.6672E-03
-2.6674E-03
-2.6685E-03
-2.6690E-03
-2.6678E-03
-2.6656E-03
-2.6631E-03
-2.6611E-03
-2.6605E-03
-2.6610E-03
-2.6619E-03
-2.6629E-03
-2.6641E-03
-2.6661E-03
-2.6686E-03
-2.6708E-03
-2.6719E-03
-2.6716E-03
-2.6710E-03
-2.6706E-03
-2.6705E-03
-2.6708E-03
-2.6715E-03
-2.6723E-03
-2.6734E-03
-2.6746E-03
-2.6755E-03
-2.6758E-03
-2.6751E-03
-2.6739E-03
-2.6728E-03
-2.6718E-03
-2.6711E-03
-2.6705E-03
-2.6701E-03
-2.6696E-03
-2.6691E-03
-2.6685E-03
-2.6683E-03
-2.6686E-03
-2.6690E-03
-2.6693E-03
-2.6698E-03
-2.6707E-03
-2.6723E-03
-2.6744E-03
-2.6761E-03
-2.6771E-03
-2.6778E-03
-2.6779E-03
-2.6765E-03
-2.6740E-03
-2.6709E-03
-2.6681E-03
-2.6665E-03
-2.6662E-03
-2.6665E-03
-2.6669E-03
-2.6666E-03
-2.6651E-03
-2.6622E-03
-2.6582E-03
-2.6543E-03
-2.6519E-03
-2.6513E-03
-2.6519E-03
-2.6524E-03
-2.6523E-03
-2.6512E-03
-2.6493E-03
-2.6465E-03
-2.6426E-03
-2.6383E-03
-2.6349E-03
-2.6327E-03
-2.6310E-03
-2.6290E-03
-2.6265E-03
-2.6237E-03
-2.6215E-03
-2.6202E-03
-2.6196E-03
-2.6191E-03
-2.6185E-03
-2.6177E-03
-2.6163E-03
-2.6140E-03
-2.6108E-03
-2.6073E-03
-2.6045E-03
-2.6027E-03
-2.6015E-03
-2.6001E-03
-2.5980E-03
-2.5960E-03
-2.5953E-03
-2.5960E-03
-2.5974E-03
-2.5983E-03
-2.5981E-03
-2.5974E-03
-2.5967E-03
-2.5954E-03
-2.5932E-03
-2.5903E-03
-2.5869E-03
-2.5839E-03
-2.5815E-03
-2.5792E-03
-2.5760E-03
-2.5720E-03
-2.5682E-03
-2.5654E-03
-2.5639E-03
-2.5634E-03
-2.5628E-03
-2.5612E-03
-2.5586E-03
-2.5560E-03
-2.5539E-03
-2.5529E-03
-2.5526E-03
-2.5526E-03
-2.5523E-03
-2.5509E-03
-2.5487E-03
-2.5464E-03
-2.5447E-03
-2.5431E-03
-2.5416E-03
-2.5401E-03
-2.5393E-03
-2.5398E-03
-2.5412E-03
-2.5425E-03
-2.5423E-03
-2.5408E-03
-2.5384E-03
-2.5356E-03
-2.5332E-03
-2.5314E-03
-2.5302E-03
-2.5298E-03
-2.5303E-03
-2.5310E-03
-2.5313E-03
-2.5307E-03
-2.5294E-03
-2.5282E-03
-2.5277E-03
-2.5277E-03
-2.5279E-03
-2.5280E-03
-2.5281E-03
-2.5285E-03
-2.5290E-03
-2.5296E-03
-2.5306E-03
-2.5317E-03
-2.5325E-03
-2.5327E-03
-2.5320E-03
-2.5301E-03
-2.5273E-03
-2.5247E-03
-2.5235E-03
-2.5237E-03
-2.5249E-03
-2.5262E-03
-2.5268E-03
-2.5266E-03
-2.5260E-03
-2.5253E-03
-2.5244E-03
-2.5236E-03
-2.5237E-03
-2.5248E-03
-2.5264E-03
-2.5277E-03
-2.5280E-03
-2.5271E-03
-2.5254E-03
-2.5233E-03
-2.5212E-03
-2.5194E-03
-2.5186E-03
-2.5186E-03
-2.5184E-03
-2.5169E-03
-2.5146E-03
-2.5127E-03
-2.5122E-03
-2.5122E-03
-2.5113E-03
-2.5098E-03
-2.5089E-03
-2.5094E-03
-2.5110E-03
-2.5131E-03
-2.5152E-03
-2.5177E-03
-2.5207E-03
-2.5240E-03
-2.5266E-03
-2.5284E-03
-2.5302E-03
-2.5324E-03
-2.5347E-03
-2.5360E-03
-2.5361E-03
-2.5354E-03
-2.5352E-03
-2.5359E-03
-2.5369E-03
-2.5376E-03
-2.5381E-03
-2.5391E-03
-2.5406E-03
-2.5415E-03
-2.5408E-03
-2.5391E-03
-2.5374E-03
-2.5364E-03
-2.5354E-03
-2.5343E-03
-2.5334E-03
-2.5331E-03
-2.5333E-03
-2.5340E-03
-2.5353E-03
-2.5367E-03
-2.5375E-03
-2.5369E-03
-2.5347E-03
-2.5309E-03
-2.5271E-03
-2.5248E-03
-2.5243E-03
-2.5245E-03
-2.5243E-03
-2.5233E-03
-2.5214E-03
-2.5190E-03
-2.5166E-03
-2.5146E-03
-2.5130E-03
-2.5114E-03
-2.5101E-03
-2.5095E-03
-2.5088E-03
-2.5078E-03
-2.5066E-03
-2.5054E-03
-2.5047E-03
-2.5046E-03
-2.5042E-03
-2.5031E-03
-2.5014E-03
-2.4992E-03
-2.4970E-03
-2.4950E-03
-2.4926E-03
-2.4896E-03
-2.4867E-03
-2.4847E-03
-2.4836E-03
-2.4823E-03
-2.4802E-03
-2.4780E-03
-2.4762E-03
-2.4754E-03
-2.4750E-03
-2.4744E-03
-2.4737E-03
-2.4731E-03
-2.4727E-03
-2.4725E-03
-2.4723E-03
-2.4718E-03
-2.4712E-03
-2.4713E-03
-2.4719E-03
-2.4724E-03
-2.4718E-03
-2.4701E-03
-2.4681E-03
-2.4666E-03
-2.4656E-03
-2.4648E-03
-2.4642E-03
-2.4639E-03
-2.4636E-03
-2.4627E-03
-2.4609E-03
-2.4585E-03
-2.4566E-03
-2.4555E-03
-2.4547E-03
-2.4534E-03
-2.4513E-03
-2.4484E-03
-2.4454E-03
-2.4426E-03
-2.4399E-03
-2.4372E-03
-2.4348E-03
-2.4331E-03
-2.4317E-03
-2.4296E-03
-2.4267E-03
-2.4235E-03
-2.4209E-03
-2.4196E-03
-2.4192E-03
-2.4194E-03
-2.4196E-03
-2.4198E-03
-2.4199E-03
-2.4196E-03
-2.4187E-03
-2.4171E-03
-2.4153E-03
-2.4137E-03
-2.4125E-03
-2.4115E-03
-2.4105E-03
-2.4096E-03
-2.4088E-03
-2.4083E-03
-2.4075E-03
-2.4062E-03
-2.4047E-03
-2.4030E-03
-2.4008E-03
-2.3982E-03
-2.3956E-03
-2.3939E-03
-2.3939E-03
-2.3953E-03
-2.3971E-03
-2.3982E-03
-2.3979E-03
-2.3967E-03
-2.3955E-03
-2.3945E-03
-2.3937E-03
-2.3927E-03
-2.3917E-03
-2.3910E-03
-2.3908E-03
-2.3914E-03
-2.3923E-03
-2.3931E-03
-2.3937E-03
-2.3943E-03
-2.3947E-03
-2.3943E-03
-2.3933E-03
-2.3917E-03
-2.3902E-03
-2.3890E-03
-2.3880E-03
-2.3866E-03
-2.3848E-03
-2.3834E-03
-2.3828E-03
-2.3827E-03
-2.3821E-03
-2.3808E-03
-2.3788E-03
-2.3770E-03
-2.3759E-03
-2.3753E-03
-2.3749E-03
-2.3743E-03
-2.3738E-03
-2.3739E-03
-2.3749E-03
-2.3763E-03
-2.3768E-03
-2.3756E-03
-2.3735E-03
-2.3715E-03
-2.3700E-03
-2.3684E-03
-2.3667E-03
-2.3652E-03
-2.3645E-03
-2.3640E-03
-2.3630E-03
-2.3612E-03
-2.3597E-03
-2.3594E-03
-2.3600E-03
-2.3604E-03
-2.3602E-03
-2.3598E-03
-2.3599E-03
-2.3606E-03
-2.3618E-03
-2.3635E-03
-2.3656E-03
-2.3679E-03
-2.3698E-03
-2.3711E-03
-2.3720E-03
-2.3724E-03
-2.3726E-03
-2.3729E-03
-2.3735E-03
-2.3744E-03
-2.3755E-03
-2.3765E-03
-2.3772E-03
-2.3771E-03
-2.3763E-03
-2.3753E-03
-2.3746E-03
-2.3741E-03
-2.3735E-03
-2.3728E-03
-2.3725E-03
-2.3725E-03
-2.3728E-03
-2.3734E-03
-2.3744E-03
-2.3752E-03
-2.3757E-03
-2.3754E-03
-2.3747E-03
-2.3740E-03
-2.3739E-03
-2.3745E-03
-2.3756E-03
-2.3768E-03
-2.3779E-03
-2.3788E-03
-2.3796E-03
-2.3805E-03
-2.3816E-03
-2.3825E-03
-2.3828E-03
-2.3828E-03
-2.3829E-03
-2.3839E-03
-2.3852E-03
-2.3860E-03
-2.3856E-03
-2.3845E-03
-2.3835E-03
-2.3834E-03
-2.3845E-03
-2.3861E-03
-2.3877E-03
-2.3888E-03
-2.3895E-03
-2.3903E-03
-2.3914E-03
-2.3923E-03
-2.3929E-03
-2.3929E-03
-2.3929E-03
-2.3934E-03
-2.3943E-03
-2.3952E-03
-2.3960E-03
-2.3965E-03
-2.3965E-03
-2.3962E-03
-2.3956E-03
-2.3946E-03
-2.3937E-03
-2.3931E-03
-2.3931E-03
-2.3935E-03
-2.3944E-03
-2.3955E-03
-2.3965E-03
-2.3967E-03
-2.3961E-03
-2.3952E-03
-2.3948E-03
-2.3954E-03
-2.3965E-03
-2.3978E-03
-2.3988E-03
-2.3993E-03
-2.3991E-03
-2.3986E-03
-2.3979E-03
-2.3971E-03
-2.3967E-03
-2.3969E-03
-2.3978E-03
-2.3991E-03
-2.4003E-03
-2.4009E-03
-2.4010E-03
-2.4007E-03
-2.4001E-03
-2.3992E-03
-2.3981E-03
-2.3966E-03
-2.3950E-03
-2.3937E-03
-2.3932E-03
-2.3933E-03
-2.3936E-03
-2.3934E-03
-2.3926E-03
-2.3916E-03
-2.3906E-03
-2.3895E-03
-2.3879E-03
-2.3857E-03
-2.3828E-03
-2.3799E-03
-2.3779E-03
-2.3769E-03
-2.3763E-03
-2.3759E-03
-2.3753E-03
-2.3749E-03
-2.3748E-03
-2.3754E-03
-2.3764E-03
-2.3770E-03
-2.3772E-03
-2.3774E-03
-2.3778E-03
-2.3779E-03
-2.3776E-03
-2.3774E-03
-2.3776E-03
-2.3781E-03
-2.3788E-03
-2.3793E-03
-2.3795E-03
-2.3792E-03
-2.3785E-03
-2.3774E-03
-2.3764E-03
-2.3760E-03
-2.3761E-03
-2.3766E-03
-2.3771E-03
-2.3770E-03
-2.3763E-03
-2.3753E-03
-2.3747E-03
-2.3748E-03
-2.3754E-03
-2.3759E-03
-2.3753E-03
-2.3737E-03
-2.3715E-03
-2.3697E-03
-2.3683E-03
-2.3670E-03
-2.3654E-03
-2.3636E-03
-2.3622E-03
-2.3615E-03
-2.3617E-03
-2.3623E-03
-2.3629E-03
-2.3627E-03
-2.3615E-03
-2.3596E-03
-2.3576E-03
-2.3558E-03
-2.3542E-03
-2.3533E-03
-2.3530E-03
-2.3531E-03
-2.3532E-03
-2.3526E-03
-2.3512E-03
-2.3494E-03
-2.3478E-03
-2.3465E-03
-2.3456E-03
-2.3448E-03
-2.3439E-03
-2.3429E-03
-2.3420E-03
-2.3416E-03
-2.3419E-03
-2.3423E-03
-2.3423E-03
-2.3416E-03
-2.3409E-03
-2.3411E-03
-2.3425E-03
-2.3443E-03
-2.3453E-03
-2.3450E-03
-2.3437E-03
-2.3418E-03
-2.3395E-03
-2.3371E-03
-2.3347E-03
-2.3331E-03
-2.3323E-03
-2.3317E-03
-2.3308E-03
-2.3296E-03
-2.3283E-03
-2.3273E-03
-2.3266E-03
-2.3259E-03
-2.3249E-03
-2.3237E-03
-2.3222E-03
-2.3203E-03
-2.3182E-03
-2.3158E-03
-2.3124E-03
-2.3082E-03
-2.3041E-03
-2.3011E-03
-2.2997E-03
-2.2993E-03
-2.2991E-03
-2.2982E-03
-2.2968E-03
-2.2951E-03
-2.2937E-03
-2.2924E-03
-2.2910E-03
-2.2897E-03
-2.2892E-03
-2.2898E-03
-2.2907E-03
-2.2912E-03
-2.2904E-03
-2.2886E-03
-2.2863E-03
-2.2842E-03
-2.2824E-03
-2.2808E-03
-2.2795E-03
-2.2783E-03
-2.2769E-03
-2.2754E-03
-2.2733E-03
-2.2707E-03
-2.2683E-03
-2.2664E-03
-2.2650E-03
-2.2639E-03
-2.2627E-03
-2.2613E-03
-2.2602E-03
-2.2597E-03
-2.2594E-03
-2.2590E-03
-2.2583E-03
-2.2574E-03
-2.2567E-03
-2.2563E-03
-2.2559E-03
-2.2550E-03
-2.2537E-03
-2.2524E-03
-2.2513E-03
-2.2504E-03
-2.2497E-03
-2.2495E-03
-2.2497E-03
-2.2503E-03
-2.2509E-03
-2.2513E-03
-2.2512E-03
-2.2505E-03
-2.2495E-03
-2.2487E-03
-2.2485E-03
-2.2485E-03
-2.2483E-03
-2.2477E-03
-2.2472E-03
-2.2476E-03
-2.2488E-03
-2.2500E-03
-2.2500E-03
-2.2489E-03
-2.2477E-03
-2.2471E-03
-2.2471E-03
-2.2472E-03
-2.2471E-03
-2.2471E-03
-2.2476E-03
-2.2485E-03
-2.2495E-03
-2.2501E-03
-2.2501E-03
-2.2492E-03
-2.2477E-03
-2.2461E-03
-2.2445E-03
-2.2433E-03
-2.2427E-03
-2.2430E-03
-2.2441E-03
-2.2453E-03
-2.2464E-03
-2.2474E-03
-2.2485E-03
-2.2495E-03
-2.2503E-03
-2.2511E-03
-2.2518E-03
-2.2528E-03
-2.2540E-03
-2.2546E-03
-2.2544E-03
-2.2540E-03
-2.2545E-03
-2.2563E-03
-2.2587E-03
-2.2602E-03
-2.2606E-03
-2.2603E-03
-2.2603E-03
-2.2605E-03
-2.2606E-03
-2.2603E-03
-2.2601E-03
-2.2606E-03
-2.2619E-03
-2.2634E-03
-2.2648E-03
-2.2660E-03
-2.2668E-03
-2.2672E-03
-2.2676E-03
-2.2681E-03
-2.2685E-03
-2.2691E-03
-2.2694E-03
-2.2690E-03
-2.2683E-03
-2.2677E-03
-2.2676E-03
-2.2674E-03
-2.2669E-03
-2.2659E-03
-2.2649E-03
-2.2642E-03
-2.2636E-03
-2.2627E-03
-2.2619E-03
-2.2614E-03
-2.2615E-03
-2.2622E-03
-2.2625E-03
-2.2622E-03
-2.2613E-03
-2.2604E-03
-2.2600E-03
-2.2605E-03
-2.2619E-03
-2.2638E-03
-2.2653E-03
-2.2664E-03
-2.2672E-03
-2.2682E-03
-2.2697E-03
-2.2713E-03
-2.2728E-03
-2.2740E-03
-2.2752E-03
-2.2761E-03
-2.2766E-03
-2.2769E-03
-2.2777E-03
-2.2793E-03
-2.2815E-03
-2.2837E-03
-2.2851E-03
-2.2854E-03
-2.2852E-03
-2.2856E-03
-2.2871E-03
-2.2893E-03
-2.2915E-03
-2.2930E-03
-2.2935E-03
-2.2936E-03
-2.2940E-03
-2.2948E-03
-2.2958E-03
-2.2968E-03
-2.2974E-03
-2.2979E-03
-2.2989E-03
-2.3002E-03
-2.3015E-03
-2.3024E-03
-2.3031E-03
-2.3036E-03
-2.3038E-03
-2.3037E-03
-2.3030E-03
-2.3022E-03
-2.3019E-03
-2.3023E-03
-2.3034E-03
-2.3046E-03
-2.3051E-03
-2.3047E-03
-2.3039E-03
-2.3033E-03
-2.3032E-03
-2.3034E-03
-2.3036E-03
-2.3036E-03
-2.3038E-03
-2.3040E-03
-2.3039E-03
-2.3030E-03
-2.3017E-03
-2.3004E-03
-2.2997E-03
-2.2994E-03
-2.2988E-03
-2.2978E-03
-2.2971E-03
-2.2970E-03
-2.2972E-03
-2.2969E-03
-2.2961E-03
-2.2954E-03
-2.2957E-03
-2.2971E-03
-2.2983E-03
-2.2985E-03
-2.2977E-03
-2.2965E-03
-2.2953E-03
-2.2940E-03
-2.2928E-03
-2.2924E-03
-2.2931E-03
-2.2946E-03
-2.2959E-03
-2.2967E-03
-2.2967E-03
-2.2963E-03
-2.2954E-03
-2.2944E-03
-2.2934E-03
-2.2928E-03
-2.2928E-03
-2.2934E-03
-2.2944E-03
-2.2957E-03
-2.2965E-03
-2.2964E-03
-2.2958E-03
-2.2954E-03
-2.2951E-03
-2.2950E-03
-2.2951E-03
-2.2959E-03
-2.2974E-03
-2.2993E-03
-2.3008E-03
-2.3017E-03
-2.3020E-03
-2.3024E-03
-2.3033E-03
-2.3047E-03
-2.3063E-03
-2.3081E-03
-2.3097E-03
-2.3108E-03
-2.3115E-03
-2.3119E-03
-2.3125E-03
-2.3135E-03
-2.3145E-03
-2.3150E-03
-2.3149E-03
-2.3145E-03
-2.3139E-03
-2.3133E-03
-2.3127E-03
-2.3124E-03
-2.3127E-03
-2.3139E-03
-2.3156E-03
-2.3174E-03
-2.3188E-03
-2.3193E-03
-2.3190E-03
-2.3180E-03
-2.3171E-03
-2.3168E-03
-2.3173E-03
-2.3180E-03
-2.3185E-03
-2.3186E-03
-2.3185E-03
-2.3182E-03
-2.3181E-03
-2.3183E-03
-2.3186E-03
-2.3191E-03
-2.3200E-03
-2.3208E-03
-2.3215E-03
-2.3222E-03
-2.3232E-03
-2.3242E-03
-2.3250E-03
-2.3257E-03
-2.3264E-03
-2.3270E-03
-2.3274E-03
-2.3277E-03
-2.3279E-03
-2.3279E-03
-2.3277E-03
-2.3277E-03
-2.3284E-03
-2.3295E-03
-2.3301E-03
-2.3298E-03
-2.3291E-03
-2.3288E-03
-2.3293E-03
-2.3306E-03
-2.3317E-03
-2.3324E-03
-2.3325E-03
-2.3326E-03
-2.3328E-03
-2.3333E-03
-2.3342E-03
-2.3352E-03
-2.3366E-03
-2.3381E-03
-2.3392E-03
-2.3391E-03
-2.3376E-03
-2.3357E-03
-2.3345E-03
-2.3344E-03
-2.3353E-03
-2.3364E-03
-2.3371E-03
-2.3376E-03
-2.3384E-03
-2.3397E-03
-2.3415E-03
-2.3435E-03
-2.3452E-03
-2.3462E-03
-2.3463E-03
-2.3455E-03
-2.3442E-03
-2.3433E-03
-2.3433E-03
-2.3439E-03
-2.3449E-03
-2.3461E-03
-2.3473E-03
-2.3484E-03
-2.3495E-03
-2.3504E-03
-2.3509E-03
-2.3509E-03
-2.3505E-03
-2.3502E-03
-2.3504E-03
-2.3513E-03
-2.3525E-03
-2.3537E-03
-2.3549E-03
-2.3563E-03
-2.3580E-03
-2.3595E-03
-2.3603E-03
-2.3605E-03
-2.3605E-03
-2.3608E-03
-2.3616E-03
-2.3625E-03
-2.3633E-03
-2.3640E-03
-2.3650E-03
-2.3666E-03
-2.3687E-03
-2.3712E-03
-2.3735E-03
-2.3749E-03
-2.3752E-03
-2.3745E-03
-2.3736E-03
-2.3732E-03
-2.3736E-03
-2.3744E-03
-2.3752E-03
-2.3755E-03
-2.3757E-03
-2.3763E-03
-2.3777E-03
-2.3797E-03
-2.3817E-03
-2.3833E-03
-2.3841E-03
-2.3845E-03
-2.3847E-03
-2.3845E-03
-2.3842E-03
-2.3842E-03
-2.3846E-03
-2.3850E-03
-2.3850E-03
-2.3847E-03
-2.3845E-03
-2.3848E-03
-2.3852E-03
-2.3853E-03
-2.3850E-03
-2.3845E-03
-2.3845E-03
-2.3851E-03
-2.3861E-03
-2.3870E-03
-2.3874E-03
-2.3872E-03
-2.3868E-03
-2.3867E-03
-2.3872E-03
-2.3883E-03
-2.3899E-03
-2.3919E-03
-2.3937E-03
-2.3947E-03
-2.3947E-03
-2.3941E-03
-2.3934E-03
-2.3930E-03
-2.3929E-03
-2.3932E-03
-2.3940E-03
-2.3951E-03
-2.3964E-03
-2.3970E-03
-2.3968E-03
-2.3961E-03
-2.3955E-03
-2.3952E-03
-2.3954E-03
-2.3958E-03
-2.3963E-03
-2.3971E-03
-2.3981E-03
-2.3987E-03
-2.3981E-03
-2.3964E-03
-2.3944E-03
-2.3925E-03
-2.3911E-03
-2.3898E-03
-2.3888E-03
-2.3880E-03
-2.3878E-03
-2.3879E-03
-2.3878E-03
-2.3874E-03
-2.3866E-03
-2.3860E-03
-2.3855E-03
-2.3850E-03
-2.3849E-03
-2.3853E-03
-2.3866E-03
-2.3886E-03
-2.3906E-03
-2.3918E-03
-2.3924E-03
-2.3928E-03
-2.3933E-03
-2.3938E-03
-2.3941E-03
-2.3944E-03
-2.3949E-03
-2.3956E-03
-2.3958E-03
-2.3953E-03
-2.3943E-03
-2.3936E-03
-2.3937E-03
-2.3946E-03
-2.3954E-03
-2.3958E-03
-2.3959E-03
-2.3958E-03
-2.3956E-03
-2.3954E-03
-2.3952E-03
-2.3954E-03
-2.3965E-03
-2.3986E-03
-2.4012E-03
-2.4033E-03
-2.4047E-03
-2.4059E-03
-2.4074E-03
-2.4089E-03
-2.4101E-03
-2.4107E-03
-2.4112E-03
-2.4120E-03
-2.4131E-03
-2.4142E-03
-2.4150E-03
-2.4154E-03
-2.4155E-03
-2.4159E-03
-2.4166E-03
-2.4178E-03
-2.4194E-03
-2.4210E-03
-2.4220E-03
-2.4219E-03
-2.4209E-03
-2.4192E-03
-2.4174E-03
-2.4154E-03
-2.4138E-03
-2.4126E-03
-2.4123E-03
-2.4125E-03
-2.4129E-03
-2.4135E-03
-2.4142E-03
-2.4150E-03
-2.4158E-03
-2.4167E-03
-2.4180E-03
-2.4194E-03
-2.4203E-03
-2.4204E-03
-2.4197E-03
-2.4188E-03
-2.4179E-03
-2.4170E-03
-2.4162E-03
-2.4158E-03
-2.4162E-03
-2.4172E-03
-2.4180E-03
-2.4180E-03
-2.4174E-03
-2.4168E-03
-2.4171E-03
-2.4184E-03
-2.4203E-03
-2.4217E-03
-2.4226E-03
-2.4234E-03
-2.4247E-03
-2.4262E-03
-2.4273E-03
-2.4277E-03
-2.4271E-03
-2.4261E-03
-2.4251E-03
-2.4243E-03
-2.4237E-03
-2.4232E-03
-2.4226E-03
-2.4219E-03
-2.4215E-03
-2.4218E-03
-2.4223E-03
-2.4225E-03
-2.4223E-03
-2.4220E-03
-2.4217E-03
-2.4216E-03
-2.4217E-03
-2.4216E-03
-2.4209E-03
-2.4202E-03
-2.4196E-03
-2.4195E-03
-2.4197E-03
-2.4199E-03
-2.4195E-03
-2.4186E-03
-2.4173E-03
-2.4157E-03
-2.4139E-03
-2.4123E-03
-2.4113E-03
-2.4111E-03
-2.4109E-03
-2.4104E-03
-2.4097E-03
-2.4094E-03
-2.4099E-03
-2.4112E-03
-2.4127E-03
-2.4138E-03
-2.4141E-03
-2.4140E-03
-2.4145E-03
-2.4162E-03
-2.4183E-03
-2.4200E-03
-2.4205E-03
-2.4204E-03
-2.4206E-03
-2.4218E-03
-2.4237E-03
-2.4258E-03
-2.4274E-03
-2.4284E-03
-2.4291E-03
-2.4296E-03
-2.4301E-03
-2.4307E-03
-2.4319E-03
-2.4340E-03
-2.4364E-03
-2.4385E-03
-2.4398E-03
-2.4405E-03
-2.4409E-03
-2.4414E-03
-2.4421E-03
-2.4429E-03
-2.4436E-03
-2.4442E-03
-2.4444E-03
-2.4444E-03
-2.4445E-03
-2.4450E-03
-2.4457E-03
-2.4466E-03
-2.4472E-03
-2.4471E-03
-2.4466E-03
-2.4458E-03
-2.4451E-03
-2.4450E-03
-2.4457E-03
-2.4468E-03
-2.4479E-03
-2.4491E-03
-2.4506E-03
-2.4528E-03
-2.4554E-03
-2.4579E-03
-2.4595E-03
-2.4603E-03
-2.4607E-03
-2.4615E-03
-2.4628E-03
-2.4640E-03
-2.4651E-03
-2.4660E-03
-2.4670E-03
-2.4682E-03
-2.4696E-03
-2.4707E-03
-2.4708E-03
-2.4700E-03
-2.4687E-03
-2.4675E-03
-2.4669E-03
-2.4667E-03
-2.4667E-03
-2.4670E-03
-2.4678E-03
-2.4691E-03
-2.4710E-03
-2.4729E-03
-2.4741E-03
-2.4745E-03
-2.4741E-03
-2.4735E-03
-2.4733E-03
-2.4738E-03
-2.4750E-03
-2.4767E-03
-2.4783E-03
-2.4790E-03
-2.4789E-03
-2.4782E-03
-2.4773E-03
-2.4766E-03
-2.4761E-03
-2.4760E-03
-2.4760E-03
-2.4762E-03
-2.4763E-03
-2.4763E-03
-2.4762E-03
-2.4763E-03
-2.4769E-03
-2.4774E-03
-2.4775E-03
-2.4772E-03
-2.4772E-03
-2.4778E-03
-2.4789E-03
-2.4799E-03
-2.4804E-03
-2.4802E-03
-2.4797E-03
-2.4794E-03
-2.4794E-03
-2.4797E-03
-2.4800E-03
-2.4797E-03
-2.4790E-03
-2.4785E-03
-2.4784E-03
-2.4788E-03
-2.4791E-03
-2.4789E-03
-2.4780E-03
-2.4769E-03
-2.4762E-03
-2.4759E-03
-2.4761E-03
-2.4767E-03
-2.4773E-03
-2.4776E-03
-2.4776E-03
-2.4771E-03
-2.4760E-03
-2.4746E-03
-2.4734E-03
-2.4729E-03
-2.4736E-03
-2.4751E-03
-2.4768E-03
-2.4780E-03
-2.4784E-03
-2.4782E-03
-2.4778E-03
-2.4780E-03
-2.4790E-03
-2.4802E-03
-2.4806E-03
-2.4804E-03
-2.4802E-03
-2.4804E-03
-2.4808E-03
-2.4812E-03
-2.4814E-03
-2.4812E-03
-2.4809E-03
-2.4802E-03
-2.4792E-03
-2.4783E-03
-2.4779E-03
-2.4783E-03
-2.4794E-03
-2.4805E-03
-2.4813E-03
-2.4818E-03
-2.4822E-03
-2.4827E-03
-2.4833E-03
-2.4838E-03
-2.4838E-03
-2.4832E-03
-2.4823E-03
-2.4816E-03
-2.4816E-03
-2.4823E-03
-2.4832E-03
-2.4840E-03
-2.4842E-03
-2.4839E-03
-2.4835E-03
-2.4835E-03
-2.4837E-03
-2.4841E-03
-2.4842E-03
-2.4842E-03
-2.4843E-03
-2.4846E-03
-2.4849E-03
-2.4851E-03
-2.4853E-03
-2.4852E-03
-2.4848E-03
-2.4840E-03
-2.4831E-03
-2.4825E-03
-2.4822E-03
-2.4821E-03
-2.4818E-03
-2.4812E-03
-2.4803E-03
-2.4794E-03
-2.4788E-03
-2.4787E-03
-2.4789E-03
-2.4796E-03
-2.4805E-03
-2.4818E-03
-2.4831E-03
-2.4843E-03
-2.4848E-03
-2.4850E-03
-2.4850E-03
-2.4848E-03
-2.4846E-03
-2.4846E-03
-2.4850E-03
-2.4858E-03
-2.4871E-03
-2.4887E-03
-2.4905E-03
-2.4926E-03
-2.4948E-03
-2.4966E-03
-2.4975E-03
-2.4975E-03
-2.4967E-03
-2.4957E-03
-2.4947E-03
-2.4943E-03
-2.4947E-03
-2.4958E-03
-2.4976E-03
-2.4994E-03
-2.5008E-03
-2.5015E-03
-2.5015E-03
-2.5013E-03
-2.5015E-03
-2.5023E-03
-2.5038E-03
-2.5057E-03
-2.5073E-03
-2.5083E-03
-2.5084E-03
-2.5077E-03
-2.5064E-03
-2.5050E-03
-2.5037E-03
-2.5028E-03
-2.5027E-03
-2.5035E-03
-2.5046E-03
-2.5054E-03
-2.5058E-03
-2.5055E-03
-2.5048E-03
-2.5042E-03
-2.5042E-03
-2.5045E-03
-2.5046E-03
-2.5043E-03
-2.5040E-03
-2.5039E-03
-2.5041E-03
-2.5042E-03
-2.5041E-03
-2.5036E-03
-2.5027E-03
-2.5019E-03
-2.5016E-03
-2.5023E-03
-2.5036E-03
-2.5050E-03
-2.5055E-03
-2.5050E-03
-2.5038E-03
-2.5029E-03
-2.5025E-03
-2.5025E-03
-2.5026E-03
-2.5026E-03
-2.5023E-03
-2.5023E-03
-2.5027E-03
-2.5034E-03
-2.5042E-03
-2.5046E-03
-2.5044E-03
-2.5038E-03
-2.5036E-03
-2.5041E-03
-2.5053E-03
-2.5068E-03
-2.5080E-03
-2.5085E-03
-2.5082E-03
-2.5076E-03
-2.5071E-03
-2.5068E-03
-2.5072E-03
-2.5083E-03
-2.5100E-03
-2.5121E-03
-2.5142E-03
-2.5160E-03
-2.5171E-03
-2.5175E-03
-2.5178E-03
-2.5183E-03
-2.5187E-03
-2.5188E-03
-2.5186E-03
-2.5187E-03
-2.5194E-03
-2.5202E-03
-2.5205E-03
-2.5203E-03
-2.5198E-03
-2.5196E-03
-2.5198E-03
-2.5201E-03
-2.5206E-03
-2.5214E-03
-2.5226E-03
-2.5239E-03
-2.5248E-03
-2.5253E-03
-2.5256E-03
-2.5261E-03
-2.5265E-03
-2.5266E-03
-2.5259E-03
-2.5250E-03
-2.5244E-03
-2.5244E-03
-2.5245E-03
-2.5245E-03
-2.5244E-03
-2.5246E-03
-2.5249E-03
-2.5249E-03
-2.5241E-03
-2.5229E-03
-2.5221E-03
-2.5221E-03
-2.5227E-03
-2.5233E-03
-2.5235E-03
-2.5234E-03
-2.5232E-03
-2.5232E-03
-2.5234E-03
-2.5234E-03
-2.5233E-03
-2.5232E-03
-2.5232E-03
-2.5233E-03
-2.5237E-03
-2.5245E-03
-2.5253E-03
-2.5253E-03
-2.5246E-03
-2.5234E-03
-2.5228E-03
-2.5231E-03
-2.5240E-03
-2.5246E-03
-2.5242E-03
-2.5230E-03
-2.5216E-03
-2.5209E-03
-2.5212E-03
-2.5223E-03
-2.5239E-03
-2.5253E-03
-2.5264E-03
-2.5270E-03
-2.5274E-03
-2.5276E-03
-2.5277E-03
-2.5280E-03
-2.5287E-03
-2.5298E-03
-2.5306E-03
-2.5308E-03
-2.5308E-03
-2.5312E-03
-2.5325E-03
-2.5344E-03
-2.5365E-03
-2.5383E-03
-2.5396E-03
-2.5402E-03
-2.5399E-03
-2.5391E-03
-2.5379E-03
-2.5366E-03
-2.5355E-03
-2.5346E-03
-2.5341E-03
-2.5341E-03
-2.5345E-03
-2.5349E-03
-2.5347E-03
-2.5340E-03
-2.5331E-03
-2.5321E-03
-2.5313E-03
-2.5307E-03
-2.5304E-03
-2.5307E-03
-2.5316E-03
-2.5328E-03
-2.5341E-03
-2.5354E-03
-2.5363E-03
-2.5368E-03
-2.5368E-03
-2.5366E-03
-2.5366E-03
-2.5371E-03
-2.5378E-03
-2.5381E-03
-2.5380E-03
-2.5375E-03
-2.5375E-03
-2.5382E-03
-2.5394E-03
-2.5408E-03
-2.5422E-03
-2.5437E-03
-2.5454E-03
-2.5468E-03
-2.5475E-03
-2.5472E-03
-2.5463E-03
-2.5452E-03
-2.5448E-03
-2.5452E-03
-2.5462E-03
-2.5473E-03
-2.5481E-03
-2.5486E-03
-2.5487E-03
-2.5485E-03
-2.5480E-03
-2.5474E-03
-2.5467E-03
-2.5461E-03
-2.5458E-03
-2.5463E-03
-2.5474E-03
-2.5486E-03
-2.5493E-03
-2.5488E-03
-2.5475E-03
-2.5460E-03
-2.5452E-03
-2.5451E-03
-2.5457E-03
-2.5467E-03
-2.5476E-03
-2.5484E-03
-2.5492E-03
-2.5498E-03
-2.5498E-03
-2.5494E-03
-2.5488E-03
-2.5485E-03
-2.5487E-03
-2.5492E-03
-2.5499E-03
-2.5506E-03
-2.5513E-03
-2.5522E-03
-2.5533E-03
-2.5545E-03
-2.5559E-03
-2.5573E-03
-2.5582E-03
-2.5587E-03
-2.5589E-03
-2.5594E-03
-2.5602E-03
-2.5615E-03
-2.5628E-03
-2.5636E-03
-2.5638E-03
-2.5637E-03
-2.5636E-03
-2.5637E-03
-2.5637E-03
-2.5636E-03
-2.5633E-03
-2.5633E-03
-2.5637E-03
-2.5644E-03
-2.5652E-03
-2.5658E-03
-2.5662E-03
-2.5666E-03
-2.5669E-03
-2.5671E-03
-2.5670E-03
-2.5669E-03
-2.5667E-03
-2.5666E-03
-2.5666E-03
-2.5667E-03
-2.5671E-03
-2.5674E-03
-2.5671E-03
-2.5662E-03
-2.5652E-03
-2.5649E-03
-2.5655E-03
-2.5663E-03
-2.5665E-03
-2.5658E-03
-2.5646E-03
-2.5637E-03
-2.5636E-03
-2.5642E-03
-2.5650E-03
-2.5654E-03
-2.5653E-03
-2.5648E-03
-2.5639E-03
-2.5631E-03
-2.5624E-03
-2.5618E-03
-2.5615E-03
-2.5615E-03
-2.5619E-03
-2.5628E-03
-2.5638E-03
-2.5646E-03
-2.5650E-03
-2.5650E-03
-2.5646E-03
-2.5639E-03
-2.5634E-03
-2.5633E-03
-2.5634E-03
-2.5637E-03
-2.5641E-03
-2.5646E-03
-2.5651E-03
-2.5652E-03
-2.5651E-03
-2.5649E-03
-2.5650E-03
-2.5653E-03
-2.5655E-03
-2.5655E-03
-2.5656E-03
-2.5661E-03
-2.5667E-03
-2.5669E-03
-2.5666E-03
-2.5662E-03
-2.5663E-03
-2.5669E-03
-2.5673E-03
-2.5672E-03
-2.5664E-03
-2.5656E-03
-2.5647E-03
-2.5636E-03
-2.5625E-03
-2.5618E-03
-2.5621E-03
-2.5633E-03
-2.5650E-03
-2.5663E-03
-2.5670E-03
-2.5670E-03
-2.5664E-03
-2.5655E-03
-2.5649E-03
-2.5646E-03
-2.5643E-03
-2.5638E-03
-2.5629E-03
-2.5615E-03
-2.5598E-03
-2.5577E-03
-2.5555E-03
-2.5537E-03
-2.5529E-03
-2.5531E-03
-2.5541E-03
-2.5551E-03
-2.5553E-03
-2.5544E-03
-2.5528E-03
-2.5512E-03
-2.5507E-03
-2.5512E-03
-2.5520E-03
-2.5526E-03
-2.5526E-03
-2.5520E-03
-2.5507E-03
-2.5490E-03
-2.5471E-03
-2.5457E-03
-2.5454E-03
-2.5460E-03
-2.5469E-03
-2.5472E-03
-2.5467E-03
-2.5455E-03
-2.5441E-03
-2.5428E-03
-2.5415E-03
-2.5407E-03
-2.5405E-03
-2.5411E-03
-2.5418E-03
-2.5418E-03
-2.5409E-03
-2.5397E-03
-2.5388E-03
-2.5382E-03
-2.5375E-03
-2.5365E-03
-2.5357E-03
-2.5350E-03
-2.5345E-03
-2.5340E-03
-2.5334E-03
-2.5327E-03
-2.5319E-03
-2.5312E-03
-2.5312E-03
-2.5319E-03
-2.5331E-03
-2.5343E-03
-2.5348E-03
-2.5346E-03
-2.5341E-03
-2.5333E-03
-2.5322E-03
-2.5310E-03
-2.5299E-03
-2.5293E-03
-2.5291E-03
-2.5291E-03
-2.5288E-03
-2.5281E-03
-2.5273E-03
-2.5264E-03
-2.5252E-03
-2.5235E-03
-2.5214E-03
-2.5192E-03
-2.5170E-03
-2.5152E-03
-2.5141E-03
-2.5136E-03
-2.5132E-03
-2.5128E-03
-2.5120E-03
-2.5109E-03
-2.5100E-03
-2.5096E-03
-2.5097E-03
-2.5096E-03
-2.5089E-03
-2.5078E-03
-2.5070E-03
-2.5069E-03
-2.5074E-03
-2.5076E-03
-2.5070E-03
-2.5059E-03
-2.5046E-03
-2.5039E-03
-2.5038E-03
-2.5039E-03
-2.5041E-03
-2.5041E-03
-2.5040E-03
-2.5037E-03
-2.5033E-03
-2.5029E-03
-2.5031E-03
-2.5040E-03
-2.5054E-03
-2.5069E-03
-2.5080E-03
-2.5087E-03
-2.5091E-03
-2.5094E-03
-2.5094E-03
-2.5089E-03
-2.5079E-03
-2.5065E-03
-2.5053E-03
-2.5049E-03
-2.5050E-03
-2.5052E-03
-2.5053E-03
-2.5050E-03
-2.5044E-03
-2.5038E-03
-2.5035E-03
-2.5036E-03
-2.5041E-03
-2.5047E-03
-2.5055E-03
-2.5067E-03
-2.5081E-03
-2.5095E-03
-2.5108E-03
-2.5117E-03
-2.5122E-03
-2.5123E-03
-2.5121E-03
-2.5120E-03
-2.5119E-03
-2.5118E-03
-2.5114E-03
-2.5110E-03
-2.5110E-03
-2.5114E-03
-2.5122E-03
-2.5135E-03
-2.5148E-03
-2.5162E-03
-2.5175E-03
-2.5187E-03
-2.5198E-03
-2.5205E-03
-2.5208E-03
-2.5209E-03
-2.5210E-03
-2.5209E-03
-2.5207E-03
-2.5208E-03
-2.5211E-03
-2.5215E-03
-2.5217E-03
-2.5211E-03
-2.5198E-03
-2.5183E-03
-2.5171E-03
-2.5169E-03
-2.5182E-03
-2.5204E-03
-2.5227E-03
-2.5244E-03
-2.5254E-03
-2.5259E-03
-2.5264E-03
-2.5272E-03
-2.5285E-03
-2.5304E-03
-2.5330E-03
-2.5361E-03
-2.5392E-03
-2.5417E-03
-2.5432E-03
-2.5439E-03
-2.5441E-03
-2.5442E-03
-2.5446E-03
-2.5454E-03
-2.5467E-03
-2.5484E-03
-2.5500E-03
-2.5508E-03
-2.5506E-03
-2.5497E-03
-2.5489E-03
-2.5489E-03
-2.5497E-03
-2.5509E-03
-2.5515E-03
-2.5511E-03
-2.5497E-03
-2.5479E-03
-2.5464E-03
-2.5455E-03
-2.5453E-03
-2.5455E-03
-2.5460E-03
-2.5464E-03
-2.5466E-03
-2.5465E-03
-2.5461E-03
-2.5456E-03
-2.5451E-03
-2.5446E-03
-2.5443E-03
-2.5444E-03
-2.5450E-03
-2.5459E-03
-2.5466E-03
-2.5469E-03
-2.5469E-03
-2.5472E-03
-2.5480E-03
-2.5491E-03
-2.5501E-03
-2.5503E-03
-2.5501E-03
-2.5497E-03
-2.5499E-03
-2.5509E-03
-2.5525E-03
-2.5548E-03
-2.5573E-03
-2.5595E-03
-2.5611E-03
-2.5622E-03
-2.5630E-03
-2.5639E-03
-2.5650E-03
-2.5661E-03
-2.5673E-03
-2.5688E-03
-2.5706E-03
-2.5724E-03
-2.5737E-03
-2.5741E-03
-2.5736E-03
-2.5730E-03
-2.5731E-03
-2.5743E-03
-2.5765E-03
-2.5794E-03
-2.5824E-03
-2.5852E-03
-2.5872E-03
-2.5887E-03
-2.5901E-03
-2.5919E-03
-2.5945E-03
-2.5974E-03
-2.6003E-03
-2.6027E-03
-2.6047E-03
-2.6064E-03
-2.6079E-03
-2.6091E-03
-2.6100E-03
-2.6107E-03
-2.6116E-03
-2.6127E-03
-2.6144E-03
-2.6165E-03
-2.6185E-03
-2.6202E-03
-2.6217E-03
-2.6230E-03
-2.6240E-03
-2.6248E-03
-2.6255E-03
-2.6268E-03
-2.6289E-03
-2.6317E-03
-2.6346E-03
-2.6371E-03
-2.6391E-03
-2.6407E-03
-2.6421E-03
-2.6432E-03
-2.6443E-03
-2.6455E-03
-2.6470E-03
-2.6492E-03
-2.6521E-03
-2.6552E-03
-2.6582E-03
-2.6612E-03
-2.6640E-03
-2.6668E-03
-2.6693E-03
-2.6712E-03
-2.6727E-03
-2.6741E-03
-2.6756E-03
-2.6777E-03
-2.6802E-03
-2.6825E-03
-2.6842E-03
-2.6850E-03
-2.6855E-03
-2.6862E-03
-2.6875E-03
-2.6894E-03
-2.6917E-03
-2.6943E-03
-2.6966E-03
-2.6984E-03
-2.6994E-03
-2.6999E-03
-2.7004E-03
-2.7011E-03
-2.7024E-03
-2.7038E-03
-2.7049E-03
-2.7056E-03
-2.7057E-03
-2.7060E-03
-2.7068E-03
-2.7085E-03
-2.7101E-03
-2.7111E-03
-2.7114E-03
-2.7115E-03
-2.7120E-03
-2.7133E-03
-2.7151E-03
-2.7170E-03
-2.7189E-03
-2.7209E-03
-2.7229E-03
-2.7249E-03
-2.7271E-03
-2.7291E-03
-2.7307E-03
-2.7318E-03
-2.7326E-03
-2.7337E-03
-2.7354E-03
-2.7377E-03
-2.7401E-03
-2.7422E-03
-2.7440E-03
-2.7458E-03
-2.7481E-03
-2.7507E-03
-2.7532E-03
-2.7552E-03
-2.7567E-03
-2.7579E-03
-2.7589E-03
-2.7601E-03
-2.7612E-03
-2.7625E-03
-2.7642E-03
-2.7663E-03
-2.7684E-03
-2.7703E-03
-2.7713E-03
-2.7719E-03
-2.7726E-03
-2.7740E-03
-2.7762E-03
-2.7787E-03
-2.7809E-03
-2.7827E-03
-2.7841E-03
-2.7852E-03
-2.7863E-03
-2.7874E-03
-2.7884E-03
-2.7898E-03
-2.7915E-03
-2.7934E-03
-2.7956E-03
-2.7981E-03
-2.8007E-03
-2.8034E-03
-2.8057E-03
-2.8071E-03
-2.8075E-03
-2.8075E-03
-2.8074E-03
-2.8076E-03
-2.8080E-03
-2.8082E-03
-2.8085E-03
-2.8088E-03
-2.8090E-03
-2.8090E-03
-2.8087E-03
-2.8085E-03
-2.8088E-03
-2.8097E-03
-2.8114E-03
-2.8137E-03
-2.8164E-03
-2.8191E-03
-2.8213E-03
-2.8227E-03
-2.8236E-03
-2.8245E-03
-2.8258E-03
-2.8279E-03
-2.8306E-03
-2.8337E-03
-2.8371E-03
-2.8407E-03
-2.8443E-03
-2.8473E-03
-2.8495E-03
-2.8508E-03
-2.8518E-03
-2.8528E-03
-2.8540E-03
-2.8555E-03
-2.8572E-03
-2.8591E-03
-2.8611E-03
-2.8630E-03
-2.8647E-03
-2.8658E-03
-2.8665E-03
-2.8671E-03
-2.8677E-03
-2.8686E-03
-2.8692E-03
-2.8691E-03
-2.8684E-03
-2.8672E-03
-2.8663E-03
-2.8660E-03
-2.8664E-03
-2.8674E-03
-2.8685E-03
-2.8699E-03
-2.8717E-03
-2.8735E-03
-2.8748E-03
-2.8755E-03
-2.8758E-03
-2.8766E-03
-2.8781E-03
-2.8799E-03
-2.8812E-03
-2.8813E-03
-2.8802E-03
-2.8789E-03
-2.8779E-03
-2.8775E-03
-2.8768E-03
-2.8754E-03
-2.8735E-03
-2.8720E-03
-2.8712E-03
-2.8709E-03
-2.8704E-03
-2.8694E-03
-2.8684E-03
-2.8676E-03
-2.8670E-03
-2.8666E-03
-2.8667E-03
-2.8673E-03
-2.8683E-03
-2.8689E-03
-2.8685E-03
-2.8670E-03
-2.8651E-03
-2.8637E-03
-2.8630E-03
-2.8625E-03
-2.8619E-03
-2.8611E-03
-2.8605E-03
-2.8602E-03
-2.8601E-03
-2.8597E-03
-2.8586E-03
-2.8569E-03
-2.8548E-03
-2.8526E-03
-2.8504E-03
-2.8484E-03
-2.8467E-03
-2.8450E-03
-2.8432E-03
-2.8414E-03
-2.8396E-03
-2.8380E-03
-2.8367E-03
-2.8356E-03
-2.8347E-03
-2.8341E-03
-2.8336E-03
-2.8330E-03
-2.8323E-03
-2.8315E-03
-2.8308E-03
-2.8305E-03
-2.8302E-03
-2.8298E-03
-2.8289E-03
-2.8281E-03
-2.8275E-03
-2.8274E-03
-2.8276E-03
-2.8282E-03
-2.8290E-03
-2.8300E-03
-2.8309E-03
-2.8313E-03
-2.8310E-03
-2.8299E-03
-2.8283E-03
-2.8267E-03
-2.8256E-03
-2.8250E-03
-2.8250E-03
-2.8253E-03
-2.8256E-03
-2.8256E-03
-2.8250E-03
-2.8241E-03
-2.8238E-03
-2.8244E-03
-2.8258E-03
-2.8270E-03
-2.8274E-03
-2.8266E-03
-2.8252E-03
-2.8239E-03
-2.8232E-03
-2.8232E-03
-2.8232E-03
-2.8229E-03
-2.8221E-03
-2.8213E-03
-2.8207E-03
-2.8203E-03
-2.8198E-03
-2.8190E-03
-2.8181E-03
-2.8173E-03
-2.8169E-03
-2.8168E-03
-2.8167E-03
-2.8162E-03
-2.8153E-03
-2.8138E-03
-2.8121E-03
-2.8106E-03
-2.8095E-03
-2.8092E-03
-2.8092E-03
-2.8088E-03
-2.8077E-03
-2.8063E-03
-2.8050E-03
-2.8044E-03
-2.8043E-03
-2.8041E-03
-2.8036E-03
-2.8032E-03
-2.8028E-03
-2.8028E-03
-2.8029E-03
-2.8030E-03
-2.8028E-03
-2.8024E-03
-2.8014E-03
-2.7998E-03
-2.7983E-03
-2.7973E-03
-2.7971E-03
-2.7973E-03
-2.7974E-03
-2.7972E-03
-2.7967E-03
-2.7961E-03
-2.7954E-03
-2.7945E-03
-2.7934E-03
-2.7921E-03
-2.7910E-03
-2.7901E-03
-2.7893E-03
-2.7888E-03
-2.7886E-03
-2.7886E-03
-2.7887E-03
-2.7887E-03
-2.7881E-03
-2.7871E-03
-2.7857E-03
-2.7839E-03
-2.7820E-03
-2.7803E-03
-2.7797E-03
-2.7803E-03
-2.7812E-03
-2.7815E-03
-2.7810E-03
-2.7803E-03
-2.7802E-03
-2.7806E-03
-2.7809E-03
-2.7805E-03
-2.7796E-03
-2.7789E-03
-2.7786E-03
-2.7783E-03
-2.7775E-03
-2.7764E-03
-2.7755E-03
-2.7753E-03
-2.7756E-03
-2.7762E-03
-2.7765E-03
-2.7767E-03
-2.7768E-03
-2.7766E-03
-2.7760E-03
-2.7750E-03
-2.7738E-03
-2.7730E-03
-2.7724E-03
-2.7717E-03
-2.7707E-03
-2.7694E-03
-2.7680E-03
-2.7667E-03
-2.7657E-03
-2.7645E-03
-2.7628E-03
-2.7605E-03
-2.7584E-03
-2.7569E-03
-2.7561E-03
-2.7557E-03
-2.7550E-03
-2.7538E-03
-2.7524E-03
-2.7510E-03
-2.7498E-03
-2.7487E-03
-2.7475E-03
-2.7457E-03
-2.7432E-03
-2.7406E-03
-2.7382E-03
-2.7364E-03
-2.7350E-03
-2.7336E-03
-2.7319E-03
-2.7303E-03
-2.7292E-03
-2.7290E-03
-2.7293E-03
-2.7296E-03
-2.7295E-03
-2.7287E-03
-2.7273E-03
-2.7259E-03
-2.7250E-03
-2.7247E-03
-2.7247E-03
-2.7245E-03
-2.7241E-03
-2.7234E-03
-2.7224E-03
-2.7215E-03
-2.7208E-03
-2.7204E-03
-2.7201E-03
-2.7197E-03
-2.7192E-03
-2.7189E-03
-2.7189E-03
-2.7189E-03
-2.7187E-03
-2.7177E-03
-2.7164E-03
-2.7150E-03
-2.7136E-03
-2.7122E-03
-2.7102E-03
-2.7082E-03
-2.7068E-03
-2.7062E-03
-2.7059E-03
-2.7052E-03
-2.7038E-03
-2.7021E-03
-2.7008E-03
-2.7000E-03
-2.6993E-03
-2.6985E-03
-2.6977E-03
-2.6973E-03
-2.6974E-03
-2.6978E-03
-2.6980E-03
-2.6979E-03
-2.6975E-03
-2.6970E-03
-2.6965E-03
-2.6959E-03
-2.6954E-03
-2.6952E-03
-2.6953E-03
-2.6959E-03
-2.6966E-03
-2.6974E-03
-2.6978E-03
-2.6978E-03
-2.6977E-03
-2.6981E-03
-2.6992E-03
-2.7008E-03
-2.7021E-03
-2.7027E-03
-2.7025E-03
-2.7019E-03
-2.7014E-03
-2.7010E-03
-2.7008E-03
-2.7008E-03
-2.7011E-03
-2.7019E-03
-2.7029E-03
-2.7036E-03
-2.7038E-03
-2.7036E-03
-2.7031E-03
-2.7023E-03
-2.7010E-03
-2.6995E-03
-2.6984E-03
-2.6983E-03
-2.6990E-03
-2.6997E-03
-2.6997E-03
-2.6988E-03
-2.6975E-03
-2.6964E-03
-2.6957E-03
-2.6956E-03
-2.6961E-03
-2.6970E-03
-2.6983E-03
-2.6991E-03
-2.6988E-03
-2.6976E-03
-2.6962E-03
-2.6956E-03
-2.6959E-03
-2.6967E-03
-2.6975E-03
-2.6983E-03
-2.6991E-03
-2.6999E-03
-2.7004E-03
-2.7005E-03
-2.7005E-03
-2.7010E-03
-2.7020E-03
-2.7029E-03
-2.7029E-03
-2.7022E-03
-2.7012E-03
-2.7005E-03
-2.7004E-03
-2.7005E-03
-2.7003E-03
-2.7000E-03
-2.6998E-03
-2.6998E-03
-2.6997E-03
-2.6995E-03
-2.6991E-03
-2.6985E-03
-2.6977E-03
-2.6964E-03
-2.6947E-03
-2.6927E-03
-2.6908E-03
-2.6894E-03
-2.6887E-03
-2.6886E-03
-2.6886E-03
-2.6885E-03
-2.6883E-03
-2.6882E-03
-2.6886E-03
-2.6894E-03
-2.6902E-03
-2.6907E-03
-2.6909E-03
-2.6911E-03
-2.6918E-03
-2.6927E-03
-2.6930E-03
-2.6924E-03
-2.6911E-03
-2.6895E-03
-2.6884E-03
-2.6880E-03
-2.6880E-03
-2.6879E-03
-2.6878E-03
-2.6880E-03
-2.6884E-03
-2.6889E-03
-2.6890E-03
-2.6890E-03
-2.6891E-03
-2.6891E-03
-2.6885E-03
-2.6870E-03
-2.6850E-03
-2.6833E-03
-2.6822E-03
-2.6810E-03
-2.6795E-03
-2.6778E-03
-2.6764E-03
-2.6756E-03
-2.6752E-03
-2.6752E-03
-2.6756E-03
-2.6767E-03
-2.6786E-03
-2.6808E-03
-2.6826E-03
-2.6836E-03
-2.6841E-03
-2.6846E-03
-2.6856E-03
-2.6866E-03
-2.6872E-03
-2.6872E-03
-2.6868E-03
-2.6865E-03
-2.6866E-03
-2.6872E-03
-2.6880E-03
-2.6891E-03
-2.6903E-03
-2.6915E-03
-2.6925E-03
-2.6933E-03
-2.6937E-03
-2.6936E-03
-2.6931E-03
-2.6925E-03
-2.6916E-03
-2.6904E-03
-2.6891E-03
-2.6880E-03
-2.6876E-03
-2.6877E-03
-2.6882E-03
-2.6890E-03
-2.6900E-03
-2.6911E-03
-2.6924E-03
-2.6939E-03
-2.6956E-03
-2.6976E-03
-2.6998E-03
-2.7021E-03
-2.7040E-03
-2.7053E-03
-2.7059E-03
-2.7060E-03
-2.7062E-03
-2.7070E-03
-2.7081E-03
-2.7089E-03
-2.7092E-03
-2.7090E-03
-2.7092E-03
-2.7100E-03
-2.7115E-03
-2.7130E-03
-2.7143E-03
-2.7151E-03
-2.7159E-03
-2.7170E-03
-2.7182E-03
-2.7194E-03
-2.7204E-03
-2.7211E-03
-2.7219E-03
-2.7230E-03
-2.7242E-03
-2.7249E-03
-2.7250E-03
-2.7247E-03
-2.7244E-03
-2.7245E-03
-2.7250E-03
-2.7256E-03
-2.7261E-03
-2.7268E-03
-2.7281E-03
-2.7300E-03
-2.7317E-03
-2.7327E-03
-2.7329E-03
-2.7328E-03
-2.7330E-03
-2.7336E-03
-2.7343E-03
-2.7348E-03
-2.7346E-03
-2.7339E-03
-2.7329E-03
-2.7319E-03
-2.7310E-03
-2.7303E-03
-2.7295E-03
-2.7287E-03
-2.7280E-03
-2.7275E-03
-2.7268E-03
-2.7258E-03
-2.7245E-03
-2.7234E-03
-2.7226E-03
-2.7223E-03
-2.7225E-03
-2.7229E-03
-2.7234E-03
-2.7236E-03
-2.7236E-03
-2.7235E-03
-2.7233E-03
-2.7231E-03
-2.7227E-03
-2.7221E-03
-2.7215E-03
-2.7209E-03
-2.7204E-03
-2.7203E-03
-2.7204E-03
-2.7203E-03
-2.7196E-03
-2.7186E-03
-2.7179E-03
-2.7178E-03
-2.7184E-03
-2.7191E-03
-2.7197E-03
-2.7199E-03
-2.7198E-03
-2.7195E-03
-2.7193E-03
-2.7197E-03
-2.7204E-03
-2.7206E-03
-2.7199E-03
-2.7183E-03
-2.7169E-03
-2.7165E-03
-2.7170E-03
-2.7179E-03
-2.7184E-03
-2.7184E-03
-2.7181E-03
-2.7178E-03
-2.7175E-03
-2.7174E-03
-2.7176E-03
-2.7182E-03
-2.7189E-03
-2.7192E-03
-2.7188E-03
-2.7181E-03
-2.7174E-03
-2.7171E-03
-2.7173E-03
-2.7175E-03
-2.7176E-03
-2.7173E-03
-2.7169E-03
-2.7168E-03
-2.7170E-03
-2.7172E-03
-2.7174E-03
-2.7174E-03
-2.7178E-03
-2.7188E-03
-2.7202E-03
-2.7215E-03
-2.7225E-03
-2.7234E-03
-2.7245E-03
-2.7255E-03
-2.7265E-03
-2.7273E-03
-2.7285E-03
-2.7302E-03
-2.7322E-03
-2.7339E-03
-2.7350E-03
-2.7360E-03
-2.7371E-03
-2.7385E-03
-2.7401E-03
-2.7412E-03
-2.7415E-03
-2.7415E-03
-2.7415E-03
-2.7418E-03
-2.7425E-03
-2.7433E-03
-2.7441E-03
-2.7451E-03
-2.7462E-03
-2.7469E-03
-2.7470E-03
-2.7463E-03
-2.7454E-03
-2.7449E-03
-2.7449E-03
-2.7453E-03
-2.7460E-03
-2.7468E-03
-2.7477E-03
-2.7483E-03
-2.7484E-03
-2.7480E-03
-2.7471E-03
-2.7462E-03
-2.7454E-03
-2.7448E-03
-2.7444E-03
-2.7440E-03
-2.7435E-03
-2.7433E-03
-2.7434E-03
-2.7434E-03
-2.7428E-03
-2.7418E-03
-2.7408E-03
-2.7404E-03
-2.7405E-03
-2.7406E-03
-2.7405E-03
-2.7399E-03
-2.7391E-03
-2.7388E-03
-2.7389E-03
-2.7395E-03
-2.7400E-03
-2.7399E-03
-2.7391E-03
-2.7380E-03
-2.7368E-03
-2.7360E-03
-2.7354E-03
-2.7352E-03
-2.7351E-03
-2.7351E-03
-2.7349E-03
-2.7344E-03
-2.7338E-03
-2.7331E-03
-2.7322E-03
-2.7311E-03
-2.7305E-03
-2.7306E-03
-2.7315E-03
-2.7323E-03
-2.7326E-03
-2.7319E-03
-2.7303E-03
-2.7286E-03
-2.7275E-03
-2.7271E-03
-2.7275E-03
-2.7281E-03
-2.7288E-03
-2.7297E-03
-2.7306E-03
-2.7313E-03
-2.7315E-03
-2.7312E-03
-2.7310E-03
-2.7312E-03
-2.7317E-03
-2.7324E-03
-2.7330E-03
-2.7337E-03
-2.7340E-03
-2.7337E-03
-2.7326E-03
-2.7312E-03
-2.7302E-03
-2.7299E-03
-2.7304E-03
-2.7315E-03
-2.7330E-03
-2.7343E-03
-2.7348E-03
-2.7342E-03
-2.7330E-03
-2.7321E-03
-2.7318E-03
-2.7321E-03
-2.7325E-03
-2.7327E-03
-2.7329E-03
-2.7330E-03
-2.7329E-03
-2.7323E-03
-2.7315E-03
-2.7309E-03
-2.7305E-03
-2.7302E-03
-2.7296E-03
-2.7290E-03
-2.7288E-03
-2.7288E-03
-2.7288E-03
-2.7285E-03
-2.7278E-03
-2.7273E-03
-2.7273E-03
-2.7275E-03
-2.7275E-03
-2.7272E-03
-2.7269E-03
-2.7269E-03
-2.7273E-03
-2.7280E-03
-2.7289E-03
-2.7301E-03
-2.7313E-03
-2.7321E-03
-2.7324E-03
-2.7321E-03
-2.7316E-03
-2.7310E-03
-2.7306E-03
-2.7303E-03
-2.7300E-03
-2.7296E-03
-2.7291E-03
-2.7286E-03
-2.7277E-03
-2.7263E-03
-2.7248E-03
-2.7235E-03
-2.7229E-03
-2.7227E-03
-2.7222E-03
-2.7208E-03
-2.7191E-03
-2.7177E-03
-2.7166E-03
-2.7155E-03
-2.7144E-03
-2.7136E-03
-2.7133E-03
-2.7131E-03
-2.7127E-03
-2.7117E-03
-2.7100E-03
-2.7080E-03
-2.7056E-03
-2.7034E-03
-2.7013E-03
-2.6998E-03
-2.6986E-03
-2.6976E-03
-2.6964E-03
-2.6952E-03
-2.6942E-03
-2.6936E-03
-2.6932E-03
-2.6928E-03
-2.6924E-03
-2.6920E-03
-2.6916E-03
-2.6912E-03
-2.6906E-03
-2.6905E-03
-2.6910E-03
-2.6918E-03
-2.6921E-03
-2.6912E-03
-2.6898E-03
-2.6889E-03
-2.6890E-03
-2.6894E-03
-2.6894E-03
-2.6889E-03
-2.6886E-03
-2.6891E-03
-2.6900E-03
-2.6902E-03
-2.6892E-03
-2.6877E-03
-2.6865E-03
-2.6859E-03
-2.6854E-03
-2.6845E-03
-2.6834E-03
-2.6828E-03
-2.6832E-03
-2.6839E-03
-2.6840E-03
-2.6832E-03
-2.6823E-03
-2.6821E-03
-2.6827E-03
-2.6836E-03
-2.6840E-03
-2.6841E-03
-2.6843E-03
-2.6848E-03
-2.6855E-03
-2.6859E-03
-2.6857E-03
-2.6854E-03
-2.6853E-03
-2.6853E-03
-2.6852E-03
-2.6851E-03
-2.6850E-03
-2.6851E-03
-2.6852E-03
-2.6846E-03
-2.6830E-03
-2.6808E-03
-2.6791E-03
-2.6787E-03
-2.6794E-03
-2.6806E-03
-2.6816E-03
-2.6824E-03
-2.6829E-03
-2.6834E-03
-2.6838E-03
-2.6840E-03
-2.6837E-03
-2.6828E-03
-2.6813E-03
-2.6800E-03
-2.6791E-03
-2.6788E-03
-2.6788E-03
-2.6790E-03
-2.6791E-03
-2.6792E-03
-2.6789E-03
-2.6782E-03
-2.6773E-03
-2.6765E-03
-2.6761E-03
-2.6761E-03
-2.6762E-03
-2.6760E-03
-2.6753E-03
-2.6745E-03
-2.6739E-03
-2.6737E-03
-2.6738E-03
-2.6740E-03
-2.6740E-03
-2.6738E-03
-2.6735E-03
-2.6733E-03
-2.6732E-03
-2.6730E-03
-2.6727E-03
-2.6726E-03
-2.6726E-03
-2.6724E-03
-2.6713E-03
-2.6691E-03
-2.6661E-03
-2.6632E-03
-2.6612E-03
-2.6601E-03
-2.6596E-03
-2.6591E-03
-2.6585E-03
-2.6575E-03
-2.6562E-03
-2.6549E-03
-2.6541E-03
-2.6540E-03
-2.6545E-03
-2.6549E-03
-2.6545E-03
-2.6533E-03
-2.6518E-03
-2.6505E-03
-2.6499E-03
-2.6497E-03
-2.6496E-03
-2.6490E-03
-2.6476E-03
-2.6457E-03
-2.6439E-03
-2.6426E-03
-2.6420E-03
-2.6420E-03
-2.6422E-03
-2.6424E-03
-2.6423E-03
-2.6419E-03
-2.6411E-03
-2.6402E-03
-2.6395E-03
-2.6394E-03
-2.6396E-03
-2.6393E-03
-2.6379E-03
-2.6355E-03
-2.6328E-03
-2.6306E-03
-2.6291E-03
-2.6282E-03
-2.6276E-03
-2.6274E-03
-2.6273E-03
-2.6274E-03
-2.6272E-03
-2.6267E-03
-2.6262E-03
-2.6255E-03
-2.6249E-03
-2.6240E-03
-2.6229E-03
-2.6217E-03
-2.6205E-03
-2.6193E-03
-2.6182E-03
-2.6172E-03
-2.6160E-03
-2.6144E-03
-2.6127E-03
-2.6113E-03
-2.6106E-03
-2.6106E-03
-2.6111E-03
-2.6116E-03
-2.6117E-03
-2.6113E-03
-2.6107E-03
-2.6103E-03
-2.6104E-03
-2.6107E-03
-2.6109E-03
-2.6110E-03
-2.6111E-03
-2.6110E-03
-2.6106E-03
-2.6100E-03
-2.6096E-03
-2.6098E-03
-2.6108E-03
-2.6121E-03
-2.6128E-03
-2.6121E-03
-2.6104E-03
-2.6082E-03
-2.6065E-03
-2.6056E-03
-2.6054E-03
-2.6053E-03
-2.6051E-03
-2.6050E-03
-2.6050E-03
-2.6050E-03
-2.6050E-03
-2.6048E-03
-2.6044E-03
-2.6038E-03
-2.6028E-03
-2.6013E-03
-2.5999E-03
-2.5993E-03
-2.5993E-03
-2.5994E-03
-2.5991E-03
-2.5982E-03
-2.5976E-03
-2.5977E-03
-2.5983E-03
-2.5989E-03
-2.5989E-03
-2.5982E-03
-2.5974E-03
-2.5966E-03
-2.5958E-03
-2.5951E-03
-2.5944E-03
-2.5939E-03
-2.5938E-03
-2.5936E-03
-2.5931E-03
-2.5921E-03
-2.5910E-03
-2.5902E-03
-2.5896E-03
-2.5893E-03
-2.5889E-03
-2.5883E-03
-2.5879E-03
-2.5875E-03
-2.5868E-03
-2.5855E-03
-2.5835E-03
-2.5812E-03
-2.5791E-03
-2.5778E-03
-2.5773E-03
-2.5776E-03
-2.5780E-03
-2.5781E-03
-2.5778E-03
-2.5773E-03
-2.5774E-03
-2.5782E-03
-2.5789E-03
-2.5787E-03
-2.5775E-03
-2.5759E-03
-2.5746E-03
-2.5741E-03
-2.5741E-03
-2.5741E-03
-2.5738E-03
-2.5730E-03
-2.5716E-03
-2.5694E-03
-2.5669E-03
-2.5650E-03
-2.5638E-03
-2.5633E-03
-2.5626E-03
-2.5615E-03
-2.5599E-03
-2.5583E-03
-2.5572E-03
-2.5564E-03
-2.5558E-03
-2.5553E-03
-2.5551E-03
-2.5552E-03
-2.5557E-03
-2.5561E-03
-2.5560E-03
-2.5556E-03
-2.5550E-03
-2.5545E-03
-2.5539E-03
-2.5527E-03
-2.5511E-03
-2.5495E-03
-2.5483E-03
-2.5474E-03
-2.5470E-03
-2.5469E-03
-2.5474E-03
-2.5482E-03
-2.5489E-03
-2.5494E-03
-2.5496E-03
-2.5495E-03
-2.5492E-03
-2.5490E-03
-2.5491E-03
-2.5498E-03
-2.5507E-03
-2.5511E-03
-2.5505E-03
-2.5487E-03
-2.5460E-03
-2.5428E-03
-2.5398E-03
-2.5374E-03
-2.5352E-03
-2.5331E-03
-2.5314E-03
-2.5307E-03
-2.5311E-03
-2.5322E-03
-2.5331E-03
-2.5336E-03
-2.5335E-03
-2.5331E-03
-2.5325E-03
-2.5320E-03
-2.5318E-03
-2.5316E-03
-2.5312E-03
-2.5299E-03
-2.5280E-03
-2.5260E-03
-2.5248E-03
-2.5246E-03
-2.5254E-03
-2.5264E-03
-2.5272E-03
-2.5276E-03
-2.5279E-03
-2.5285E-03
-2.5292E-03
-2.5296E-03
-2.5293E-03
-2.5279E-03
-2.5258E-03
-2.5236E-03
-2.5217E-03
-2.5204E-03
-2.5198E-03
-2.5200E-03
-2.5208E-03
-2.5219E-03
-2.5229E-03
-2.5230E-03
-2.5221E-03
-2.5209E-03
-2.5202E-03
-2.5205E-03
-2.5213E-03
-2.5218E-03
-2.5213E-03
-2.5202E-03
-2.5189E-03
-2.5178E-03
-2.5173E-03
-2.5170E-03
-2.5168E-03
-2.5163E-03
-2.5156E-03
-2.5149E-03
-2.5144E-03
-2.5142E-03
-2.5142E-03
-2.5144E-03
-2.5145E-03
-2.5143E-03
-2.5137E-03
-2.5129E-03
-2.5119E-03
-2.5109E-03
-2.5106E-03
-2.5110E-03
-2.5116E-03
-2.5117E-03
-2.5111E-03
-2.5101E-03
-2.5092E-03
-2.5083E-03
-2.5073E-03
-2.5061E-03
-2.5053E-03
-2.5055E-03
-2.5066E-03
-2.5078E-03
-2.5085E-03
-2.5084E-03
-2.5079E-03
-2.5078E-03
-2.5085E-03
-2.5095E-03
-2.5103E-03
-2.5107E-03
-2.5108E-03
-2.5104E-03
-2.5098E-03
-2.5089E-03
-2.5082E-03
-2.5080E-03
-2.5079E-03
-2.5075E-03
-2.5067E-03
-2.5059E-03
-2.5053E-03
-2.5053E-03
-2.5055E-03
-2.5056E-03
-2.5052E-03
-2.5042E-03
-2.5028E-03
-2.5013E-03
-2.5001E-03
-2.4994E-03
-2.4991E-03
-2.4996E-03
-2.5006E-03
-2.5016E-03
-2.5022E-03
-2.5020E-03
-2.5011E-03
-2.5000E-03
-2.4988E-03
-2.4975E-03
-2.4960E-03
-2.4945E-03
-2.4933E-03
-2.4927E-03
-2.4926E-03
-2.4924E-03
-2.4918E-03
-2.4907E-03
-2.4895E-03
-2.4886E-03
-2.4879E-03
-2.4873E-03
-2.4867E-03
-2.4862E-03
-2.4856E-03
-2.4849E-03
-2.4837E-03
-2.4821E-03
-2.4807E-03
-2.4798E-03
-2.4794E-03
-2.4788E-03
-2.4775E-03
-2.4757E-03
-2.4739E-03
-2.4726E-03
-2.4719E-03
-2.4717E-03
-2.4719E-03
-2.4722E-03
-2.4723E-03
-2.4719E-03
-2.4712E-03
-2.4706E-03
-2.4702E-03
-2.4699E-03
-2.4693E-03
-2.4682E-03
-2.4669E-03
-2.4658E-03
-2.4648E-03
-2.4640E-03
-2.4634E-03
-2.4634E-03
-2.4643E-03
-2.4661E-03
-2.4678E-03
-2.4685E-03
-2.4683E-03
-2.4678E-03
-2.4678E-03
-2.4681E-03
-2.4682E-03
-2.4675E-03
-2.4664E-03
-2.4654E-03
-2.4646E-03
-2.4634E-03
-2.4617E-03
-2.4599E-03
-2.4586E-03
-2.4577E-03
-2.4568E-03
-2.4560E-03
-2.4557E-03
-2.4564E-03
-2.4574E-03
-2.4579E-03
-2.4576E-03
-2.4569E-03
-2.4567E-03
-2.4569E-03
-2.4572E-03
-2.4571E-03
-2.4567E-03
-2.4562E-03
-2.4554E-03
-2.4543E-03
-2.4530E-03
-2.4522E-03
-2.4521E-03
-2.4524E-03
-2.4525E-03
-2.4518E-03
-2.4506E-03
-2.4495E-03
-2.4489E-03
-2.4484E-03
-2.4479E-03
-2.4469E-03
-2.4459E-03
-2.4452E-03
-2.4448E-03
-2.4445E-03
-2.4439E-03
-2.4431E-03
-2.4422E-03
-2.4413E-03
-2.4401E-03
-2.4385E-03
-2.4366E-03
-2.4348E-03
-2.4337E-03
-2.4332E-03
-2.4333E-03
-2.4336E-03
-2.4341E-03
-2.4344E-03
-2.4345E-03
-2.4343E-03
-2.4339E-03
-2.4334E-03
-2.4329E-03
-2.4323E-03
-2.4312E-03
-2.4295E-03
-2.4272E-03
-2.4250E-03
-2.4235E-03
-2.4231E-03
-2.4235E-03
-2.4240E-03
-2.4244E-03
-2.4246E-03
-2.4246E-03
-2.4240E-03
-2.4224E-03
-2.4199E-03
-2.4176E-03
-2.4166E-03
-2.4169E-03
-2.4176E-03
-2.4174E-03
-2.4164E-03
-2.4152E-03
-2.4144E-03
-2.4137E-03
-2.4124E-03
-2.4105E-03
-2.4087E-03
-2.4075E-03
-2.4066E-03
-2.4057E-03
-2.4045E-03
-2.4038E-03
-2.4038E-03
-2.4036E-03
-2.4023E-03
-2.4001E-03
-2.3985E-03
-2.3981E-03
-2.3985E-03
-2.3980E-03
-2.3961E-03
-2.3941E-03
-2.3933E-03
-2.3933E-03
-2.3926E-03
-2.3906E-03
-2.3886E-03
-2.3883E-03
-2.3886E-03
-2.3860E-03
-2.3789E-03
-2.3699E-03
-2.3609E-03