7.0010E+03
1.0000E-02
0.0000E+00
-5.3720E-10
-2.5575E-09
-6.4523E-09
-1.2217E-08
-1.9853E-08
-2.9322E-08
-4.0637E-08
-5.3833E-08
-6.8887E-08
-8.5783E-08
-1.0455E-07
-1.2523E-07
-1.4778E-07
-1.7211E-07
-1.9833E-07
-2.2640E-07
-2.5621E-07
-2.8782E-07
-3.2129E-07
-3.5658E-07
-3.9370E-07
-4.3269E-07
-4.7352E-07
-5.1623E-07
-5.6079E-07
-6.0713E-07
-6.5530E-07
-7.0535E-07
-7.5726E-07
-8.1102E-07
-8.6667E-07
-9.2417E-07
-9.8344E-07
-1.0445E-06
-1.1074E-06
-1.1721E-06
-1.2385E-06
-1.3069E-06
-1.3770E-06
-1.4489E-06
-1.5227E-06
-1.5984E-06
-1.6760E-06
-1.7553E-06
-1.8364E-06
-1.9193E-06
-2.0041E-06
-2.0906E-06
-2.1789E-06
-2.2691E-06
-2.3612E-06
-2.4551E-06
-2.5510E-06
-2.6487E-06
-2.7482E-06
-2.8496E-06
-2.9526E-06
-3.0576E-06
-3.1644E-06
-3.2730E-06
-3.3835E-06
-3.4958E-06
-3.6101E-06
-3.7262E-06
-3.8441E-06
-3.9638E-06
-4.0854E-06
-4.2087E-06
-4.3339E-06
-4.4610E-06
-4.5899E-06
-4.7207E-06
-4.8533E-06
-4.9877E-06
-5.1240E-06
-5.2621E-06
-5.4021E-06
-5.5438E-06
-5.6874E-06
-5.8329E-06
-5.9802E-06
-6.1293E-06
-6.2803E-06
-6.4331E-06
-6.5877E-06
-6.7443E-06
-6.9027E-06
-7.0628E-06
-7.2247E-06
-7.3884E-06
-7.5539E-06
-7.7212E-06
-7.8904E-06
-8.0613E-06
-8.2342E-06
-8.4089E-06
-8.5855E-06
-8.7638E-06
-8.9440E-06
-9.1260E-06
-9.3099E-06
-9.4956E-06
-9.6831E-06
-9.8723E-06
-1.0063E-05
-1.0256E-05
-1.0451E-05
-1.0648E-05
-1.0846E-05
-1.1046E-05
-1.1248E-05
-1.1452E-05
-1.1658E-05
-1.1865E-05
-1.2075E-05
-1.2286E-05
-1.2499E-05
-1.2713E-05
-1.2930E-05
-1.3148E-05
-1.3368E-05
-1.3590E-05
-1.3814E-05
-1.4040E-05
-1.4267E-05
-1.4497E-05
-1.4728E-05
-1.4961E-05
-1.5195E-05
-1.5432E-05
-1.5670E-05
-1.5910E-05
-1.6152E-05
-1.6396E-05
-1.6642E-05
-1.6889E-05
-1.7138E-05
-1.7389E-05
-1.7642E-05
-1.7897E-05
-1.8153E-05
-1.8411E-05
-1.8671E-05
-1.8933E-05
-1.9197E-05
-1.9462E-05
-1.9729E-05
-1.9999E-05
-2.0269E-05
-2.0542E-05
-2.0816E-05
-2.1093E-05
-2.1371E-05
-2.1651E-05
-2.1932E-05
-2.2216E-05
-2.2501E-05
-2.2789E-05
-2.3078E-05
-2.3368E-05
-2.3661E-05
-2.3955E-05
-2.4251E-05
-2.4549E-05
-2.4849E-05
-2.5150E-05
-2.5453E-05
-2.5758E-05
-2.6065E-05
-2.6374E-05
-2.6684E-05
-2.6996E-05
-2.7310E-05
-2.7626E-05
-2.7944E-05
-2.8263E-05
-2.8584E-05
-2.8907E-05
-2.9232E-05
-2.9558E-05
-2.9886E-05
-3.0216E-05
-3.0548E-05
-3.0881E-05
-3.1216E-05
-3.1553E-05
-3.1891E-05
-3.2230E-05
-3.2570E-05
-3.2910E-05
-3.3251E-05
-3.3593E-05
-3.3937E-05
-3.4280E-05
-3.4622E-05
-3.4963E-05
-3.5304E-05
-3.5648E-05
-3.5996E-05
-3.6344E-05
-3.6692E-05
-3.7038E-05
-3.7383E-05
-3.7729E-05
-3.8075E-05
-3.8423E-05
-3.8768E-05
-3.9112E-05
-3.9453E-05
-3.9794E-05
-4.0134E-05
-4.0472E-05
-4.0808E-05
-4.1143E-05
-4.1475E-05
-4.1807E-05
-4.2136E-05
-4.2461E-05
-4.2781E-05
-4.3095E-05
-4.3399E-05
-4.3689E-05
-4.3961E-05
-4.4208E-05
-4.4421E-05
-4.4592E-05
-4.4716E-05
-4.4798E-05
-4.4851E-05
-4.4893E-05
-4.4932E-05
-4.4966E-05
-4.4986E-05
-4.4980E-05
-4.4939E-05
-4.4863E-05
-4.4761E-05
-4.4646E-05
-4.4534E-05
-4.4443E-05
-4.4387E-05
-4.4371E-05
-4.4387E-05
-4.4416E-05
-4.4436E-05
-4.4448E-05
-4.4468E-05
-4.4506E-05
-4.4543E-05
-4.4549E-05
-4.4532E-05
-4.4533E-05
-4.4568E-05
-4.4603E-05
-4.4599E-05
-4.4564E-05
-4.4539E-05
-4.4534E-05
-4.4513E-05
-4.4463E-05
-4.4410E-05
-4.4383E-05
-4.4408E-05
-4.4504E-05
-4.4633E-05
-4.4710E-05
-4.4729E-05
-4.4773E-05
-4.4885E-05
-4.5042E-05
-4.5220E-05
-4.5403E-05
-4.5572E-05
-4.5720E-05
-4.5860E-05
-4.6003E-05
-4.6141E-05
-4.6295E-05
-4.6521E-05
-4.6818E-05
-4.7111E-05
-4.7368E-05
-4.7643E-05
-4.8004E-05
-4.8475E-05
-4.9006E-05
-4.9498E-05
-4.9894E-05
-5.0205E-05
-5.0498E-05
-5.0833E-05
-5.1222E-05
-5.1677E-05
-5.2231E-05
-5.2855E-05
-5.3417E-05
-5.3784E-05
-5.3946E-05
-5.3971E-05
-5.3942E-05
-5.3950E-05
-5.4033E-05
-5.4129E-05
-5.4222E-05
-5.4349E-05
-5.4452E-05
-5.4424E-05
-5.4301E-05
-5.4175E-05
-5.4014E-05
-5.3764E-05
-5.3531E-05
-5.3458E-05
-5.3526E-05
-5.3611E-05
-5.3665E-05
-5.3768E-05
-5.4033E-05
-5.4478E-05
-5.5006E-05
-5.5507E-05
-5.5984E-05
-5.6502E-05
-5.7034E-05
-5.7451E-05
-5.7626E-05
-5.7651E-05
-5.7907E-05
-5.8623E-05
-5.9553E-05
-6.0257E-05
-6.0486E-05
-6.0261E-05
-5.9818E-05
-5.9520E-05
-5.9647E-05
-6.0210E-05
-6.0972E-05
-6.1586E-05
-6.1839E-05
-6.1861E-05
-6.1887E-05
-6.1963E-05
-6.2036E-05
-6.2156E-05
-6.2418E-05
-6.2810E-05
-6.3204E-05
-6.3467E-05
-6.3634E-05
-6.3911E-05
-6.4521E-05
-6.5576E-05
-6.6898E-05
-6.8047E-05
-6.8726E-05
-6.9076E-05
-6.9464E-05
-7.0094E-05
-7.0872E-05
-7.1530E-05
-7.1865E-05
-7.1900E-05
-7.1803E-05
-7.1717E-05
-7.1658E-05
-7.1594E-05
-7.1643E-05
-7.1910E-05
-7.2193E-05
-7.2243E-05
-7.2204E-05
-7.2407E-05
-7.2911E-05
-7.3519E-05
-7.4077E-05
-7.4547E-05
-7.5003E-05
-7.5622E-05
-7.6453E-05
-7.7298E-05
-7.7965E-05
-7.8492E-05
-7.9060E-05
-7.9724E-05
-8.0348E-05
-8.0710E-05
-8.0605E-05
-8.0058E-05
-7.9434E-05
-7.9193E-05
-7.9556E-05
-8.0417E-05
-8.1459E-05
-8.2385E-05
-8.3056E-05
-8.3495E-05
-8.3845E-05
-8.4251E-05
-8.4707E-05
-8.5016E-05
-8.5033E-05
-8.4957E-05
-8.5193E-05
-8.6021E-05
-8.7448E-05
-8.9242E-05
-9.1031E-05
-9.2415E-05
-9.3032E-05
-9.2752E-05
-9.1910E-05
-9.1153E-05
-9.0809E-05
-9.0600E-05
-9.0148E-05
-8.9464E-05
-8.8801E-05
-8.8347E-05
-8.8074E-05
-8.7856E-05
-8.7773E-05
-8.8104E-05
-8.8854E-05
-8.9529E-05
-8.9678E-05
-8.9396E-05
-8.9069E-05
-8.8893E-05
-8.8749E-05
-8.8427E-05
-8.7920E-05
-8.7411E-05
-8.7036E-05
-8.6814E-05
-8.6736E-05
-8.6907E-05
-8.7459E-05
-8.8261E-05
-8.8996E-05
-8.9396E-05
-8.9184E-05
-8.8253E-05
-8.6844E-05
-8.5286E-05
-8.4048E-05
-8.3839E-05
-8.4685E-05
-8.5502E-05
-8.5717E-05
-8.6350E-05
-8.8598E-05
-9.2039E-05
-9.4952E-05
-9.6253E-05
-9.6419E-05
-9.6339E-05
-9.5922E-05
-9.4500E-05
-9.2177E-05
-9.0183E-05
-8.9531E-05
-8.9858E-05
-9.0513E-05
-9.1736E-05
-9.3678E-05
-9.5461E-05
-9.6574E-05
-9.7708E-05
-9.9233E-05
-1.0057E-04
-1.0130E-04
-1.0161E-04
-1.0124E-04
-9.9188E-05
-9.5340E-05
-9.1451E-05
-8.9430E-05
-8.9539E-05
-9.0658E-05
-9.1669E-05
-9.2542E-05
-9.3617E-05
-9.4553E-05
-9.5077E-05
-9.5621E-05
-9.6402E-05
-9.7148E-05
-9.7991E-05
-9.9580E-05
-1.0212E-04
-1.0495E-04
-1.0684E-04
-1.0677E-04
-1.0492E-04
-1.0273E-04
-1.0156E-04
-1.0137E-04
-1.0145E-04
-1.0181E-04
-1.0266E-04
-1.0343E-04
-1.0328E-04
-1.0179E-04
-9.9058E-05
-9.5801E-05
-9.3249E-05
-9.2788E-05
-9.5300E-05
-1.0024E-04
-1.0559E-04
-1.0873E-04
-1.0845E-04
-1.0577E-04
-1.0211E-04
-9.8013E-05
-9.4331E-05
-9.3461E-05
-9.6480E-05
-1.0044E-04
-1.0148E-04
-9.8997E-05
-9.5857E-05
-9.5118E-05
-9.6971E-05
-9.9248E-05
-1.0064E-04
-1.0204E-04
-1.0439E-04
-1.0667E-04
-1.0691E-04
-1.0430E-04
-1.0044E-04
-9.8171E-05
-9.8075E-05
-9.8203E-05
-9.8118E-05
-9.9387E-05
-1.0182E-04
-1.0364E-04
-1.0446E-04
-1.0495E-04
-1.0516E-04
-1.0458E-04
-1.0303E-04
-1.0091E-04
-9.8344E-05
-9.5235E-05
-9.2321E-05
-9.1037E-05
-9.2072E-05
-9.4783E-05
-9.7853E-05
-9.9743E-05
-9.9153E-05
-9.6553E-05
-9.4560E-05
-9.5764E-05
-9.9980E-05
-1.0415E-04
-1.0592E-04
-1.0604E-04
-1.0631E-04
-1.0717E-04
-1.0783E-04
-1.0789E-04
-1.0815E-04
-1.0917E-04
-1.1001E-04
-1.0934E-04
-1.0696E-04
-1.0407E-04
-1.0240E-04
-1.0267E-04
-1.0399E-04
-1.0518E-04
-1.0563E-04
-1.0497E-04
-1.0262E-04
-9.8372E-05
-9.3054E-05
-8.8339E-05
-8.5896E-05
-8.6542E-05
-8.9681E-05
-9.3311E-05
-9.4971E-05
-9.3062E-05
-8.7689E-05
-8.0059E-05
-7.1255E-05
-6.2027E-05
-5.3278E-05
-4.6796E-05
-4.4101E-05
-4.3255E-05
-4.0038E-05
-3.3584E-05
-2.7164E-05
-2.2950E-05
-1.9865E-05
-1.6779E-05
-1.4576E-05
-1.4605E-05
-1.6720E-05
-1.9176E-05
-1.9690E-05
-1.7110E-05
-1.3745E-05
-1.3406E-05
-1.5920E-05
-1.8012E-05
-1.8755E-05
-2.0427E-05
-2.4217E-05
-2.7531E-05
-2.7311E-05
-2.3896E-05
-1.9417E-05
-1.5051E-05
-1.1440E-05
-9.2032E-06
-8.4326E-06
-8.6100E-06
-8.9537E-06
-9.0907E-06
-9.8610E-06
-1.2333E-05
-1.5406E-05
-1.6312E-05
-1.4121E-05
-1.1663E-05
-1.2350E-05
-1.5251E-05
-1.6092E-05
-1.2879E-05
-7.6079E-06
-2.7004E-06
9.2743E-07
2.6681E-06
2.2922E-06
3.4930E-07
-2.3080E-06
-4.2840E-06
-4.0271E-06
-9.8720E-07
4.0103E-06
9.1100E-06
1.2375E-05
1.3072E-05
1.2786E-05
1.4601E-05
1.9237E-05
2.3633E-05
2.5399E-05
2.5668E-05
2.7066E-05
3.1242E-05
3.7493E-05
4.3077E-05
4.5242E-05
4.4689E-05
4.5757E-05
5.0159E-05
5.4774E-05
5.6385E-05
5.4742E-05
5.3002E-05
5.5655E-05
6.4500E-05
7.6820E-05
8.8403E-05
9.6460E-05
1.0041E-04
1.0437E-04
1.1376E-04
1.2842E-04
1.4487E-04
1.6124E-04
1.7809E-04
1.9706E-04
2.1685E-04
2.3365E-04
2.4549E-04
2.5288E-04
2.5813E-04
2.6323E-04
2.6932E-04
2.7815E-04
2.9134E-04
3.0765E-04
3.2360E-04
3.3772E-04
3.5012E-04
3.6092E-04
3.7028E-04
3.7843E-04
3.8724E-04
3.9882E-04
4.1417E-04
4.3224E-04
4.4963E-04
4.6524E-04
4.8043E-04
4.9517E-04
5.0883E-04
5.2276E-04
5.3867E-04
5.5655E-04
5.7631E-04
5.9831E-04
6.2263E-04
6.4745E-04
6.6789E-04
6.7817E-04
6.7660E-04
6.6834E-04
6.6128E-04
6.5933E-04
6.6156E-04
6.6461E-04
6.6544E-04
6.6181E-04
6.5309E-04
6.4273E-04
6.3527E-04
6.3382E-04
6.3833E-04
6.4442E-04
6.4624E-04
6.3999E-04
6.2623E-04
6.0827E-04
5.8751E-04
5.6479E-04
5.4410E-04
5.2925E-04
5.1973E-04
5.1205E-04
5.0387E-04
4.9494E-04
4.8645E-04
4.8093E-04
4.7899E-04
4.7965E-04
4.8203E-04
4.8455E-04
4.8633E-04
4.8755E-04
4.8921E-04
4.9212E-04
4.9423E-04
4.9286E-04
4.8900E-04
4.8597E-04
4.8646E-04
4.9199E-04
5.0248E-04
5.1622E-04
5.2931E-04
5.3902E-04
5.4730E-04
5.5741E-04
5.7010E-04
5.8370E-04
5.9618E-04
6.0558E-04
6.1043E-04
6.1170E-04
6.1184E-04
6.1282E-04
6.1641E-04
6.2361E-04
6.3359E-04
6.4497E-04
6.5760E-04
6.7247E-04
6.9074E-04
7.1221E-04
7.3439E-04
7.5391E-04
7.6786E-04
7.7416E-04
7.7305E-04
7.6790E-04
7.6296E-04
7.6010E-04
7.5847E-04
7.5718E-04
7.5761E-04
7.6220E-04
7.7091E-04
7.8089E-04
7.8965E-04
7.9672E-04
8.0258E-04
8.0757E-04
8.1136E-04
8.1354E-04
8.1424E-04
8.1325E-04
8.1074E-04
8.0938E-04
8.1287E-04
8.2177E-04
8.3246E-04
8.4041E-04
8.4398E-04
8.4504E-04
8.4659E-04
8.5050E-04
8.5660E-04
8.6284E-04
8.6735E-04
8.7086E-04
8.7532E-04
8.8113E-04
8.8629E-04
8.8840E-04
8.8746E-04
8.8602E-04
8.8724E-04
8.9255E-04
9.0048E-04
9.0784E-04
9.1240E-04
9.1516E-04
9.1920E-04
9.2594E-04
9.3453E-04
9.4428E-04
9.5494E-04
9.6514E-04
9.7355E-04
9.8034E-04
9.8650E-04
9.9375E-04
1.0039E-03
1.0172E-03
1.0314E-03
1.0455E-03
1.0600E-03
1.0745E-03
1.0882E-03
1.1011E-03
1.1134E-03
1.1257E-03
1.1381E-03
1.1503E-03
1.1624E-03
1.1753E-03
1.1891E-03
1.2026E-03
1.2154E-03
1.2289E-03
1.2450E-03
1.2636E-03
1.2839E-03
1.3054E-03
1.3266E-03
1.3447E-03
1.3599E-03
1.3746E-03
1.3906E-03
1.4080E-03
1.4251E-03
1.4402E-03
1.4533E-03
1.4676E-03
1.4872E-03
1.5131E-03
1.5412E-03
1.5663E-03
1.5872E-03
1.6054E-03
1.6226E-03
1.6384E-03
1.6532E-03
1.6688E-03
1.6857E-03
1.7028E-03
1.7189E-03
1.7348E-03
1.7508E-03
1.7650E-03
1.7751E-03
1.7821E-03
1.7909E-03
1.8055E-03
1.8241E-03
1.8416E-03
1.8556E-03
1.8663E-03
1.8738E-03
1.8777E-03
1.8793E-03
1.8819E-03
1.8880E-03
1.8974E-03
1.9083E-03
1.9202E-03
1.9330E-03
1.9464E-03
1.9609E-03
1.9762E-03
1.9893E-03
1.9970E-03
2.0002E-03
2.0035E-03
2.0098E-03
2.0184E-03
2.0276E-03
2.0373E-03
2.0486E-03
2.0627E-03
2.0800E-03
2.1001E-03
2.1214E-03
2.1421E-03
2.1599E-03
2.1732E-03
2.1819E-03
2.1870E-03
2.1902E-03
2.1940E-03
2.2005E-03
2.2107E-03
2.2249E-03
2.2406E-03
2.2535E-03
2.2624E-03
2.2704E-03
2.2816E-03
2.2975E-03
2.3173E-03
2.3378E-03
2.3562E-03
2.3716E-03
2.3837E-03
2.3931E-03
2.4015E-03
2.4100E-03
2.4191E-03
2.4290E-03
2.4393E-03
2.4491E-03
2.4584E-03
2.4676E-03
2.4769E-03
2.4865E-03
2.4961E-03
2.5047E-03
2.5134E-03
2.5251E-03
2.5418E-03
2.5625E-03
2.5848E-03
2.6080E-03
2.6321E-03
2.6569E-03
2.6817E-03
2.7063E-03
2.7291E-03
2.7478E-03
2.7626E-03
2.7762E-03
2.7899E-03
2.8023E-03
2.8124E-03
2.8217E-03
2.8320E-03
2.8433E-03
2.8551E-03
2.8666E-03
2.8773E-03
2.8869E-03
2.8965E-03
2.9068E-03
2.9175E-03
2.9283E-03
2.9401E-03
2.9536E-03
2.9680E-03
2.9826E-03
2.9983E-03
3.0154E-03
3.0325E-03
3.0485E-03
3.0642E-03
3.0818E-03
3.1019E-03
3.1235E-03
3.1456E-03
3.1675E-03
3.1889E-03
3.2092E-03
3.2271E-03
3.2408E-03
3.2497E-03
3.2553E-03
3.2609E-03
3.2684E-03
3.2782E-03
3.2906E-03
3.3064E-03
3.3271E-03
3.3527E-03
3.3787E-03
3.4004E-03
3.4180E-03
3.4352E-03
3.4546E-03
3.4759E-03
3.4972E-03
3.5162E-03
3.5314E-03
3.5426E-03
3.5510E-03
3.5586E-03
3.5677E-03
3.5797E-03
3.5953E-03
3.6148E-03
3.6357E-03
3.6536E-03
3.6660E-03
3.6751E-03
3.6849E-03
3.6968E-03
3.7086E-03
3.7170E-03
3.7205E-03
3.7201E-03
3.7193E-03
3.7213E-03
3.7278E-03
3.7380E-03
3.7491E-03
3.7593E-03
3.7693E-03
3.7807E-03
3.7935E-03
3.8054E-03
3.8145E-03
3.8207E-03
3.8265E-03
3.8348E-03
3.8473E-03
3.8638E-03
3.8832E-03
3.9035E-03
3.9231E-03
3.9411E-03
3.9583E-03
3.9760E-03
3.9952E-03
4.0150E-03
4.0327E-03
4.0465E-03
4.0573E-03
4.0665E-03
4.0742E-03
4.0793E-03
4.0815E-03
4.0828E-03
4.0860E-03
4.0916E-03
4.0986E-03
4.1060E-03
4.1160E-03
4.1300E-03
4.1464E-03
4.1625E-03
4.1775E-03
4.1912E-03
4.2027E-03
4.2120E-03
4.2205E-03
4.2299E-03
4.2403E-03
4.2506E-03
4.2595E-03
4.2667E-03
4.2715E-03
4.2743E-03
4.2768E-03
4.2808E-03
4.2871E-03
4.2946E-03
4.3016E-03
4.3089E-03
4.3183E-03
4.3299E-03
4.3429E-03
4.3567E-03
4.3709E-03
4.3861E-03
4.4022E-03
4.4174E-03
4.4311E-03
4.4443E-03
4.4573E-03
4.4686E-03
4.4780E-03
4.4870E-03
4.4976E-03
4.5093E-03
4.5189E-03
4.5241E-03
4.5256E-03
4.5255E-03
4.5248E-03
4.5244E-03
4.5253E-03
4.5285E-03
4.5357E-03
4.5471E-03
4.5620E-03
4.5784E-03
4.5946E-03
4.6098E-03
4.6237E-03
4.6363E-03
4.6475E-03
4.6572E-03
4.6642E-03
4.6674E-03
4.6674E-03
4.6661E-03
4.6648E-03
4.6632E-03
4.6622E-03
4.6642E-03
4.6714E-03
4.6828E-03
4.6948E-03
4.7040E-03
4.7104E-03
4.7179E-03
4.7304E-03
4.7476E-03
4.7650E-03
4.7782E-03
4.7857E-03
4.7899E-03
4.7949E-03
4.8037E-03
4.8172E-03
4.8337E-03
4.8487E-03
4.8591E-03
4.8656E-03
4.8703E-03
4.8749E-03
4.8796E-03
4.8844E-03
4.8901E-03
4.8974E-03
4.9062E-03
4.9165E-03
4.9287E-03
4.9423E-03
4.9557E-03
4.9670E-03
4.9760E-03
4.9826E-03
4.9883E-03
4.9955E-03
5.0063E-03
5.0196E-03
5.0324E-03
5.0425E-03
5.0507E-03
5.0599E-03
5.0704E-03
5.0812E-03
5.0912E-03
5.1000E-03
5.1079E-03
5.1152E-03
5.1227E-03
5.1309E-03
5.1388E-03
5.1447E-03
5.1487E-03
5.1527E-03
5.1581E-03
5.1652E-03
5.1736E-03
5.1829E-03
5.1931E-03
5.2043E-03
5.2165E-03
5.2305E-03
5.2462E-03
5.2621E-03
5.2761E-03
5.2883E-03
5.3001E-03
5.3117E-03
5.3210E-03
5.3274E-03
5.3331E-03
5.3405E-03
5.3492E-03
5.3575E-03
5.3647E-03
5.3715E-03
5.3786E-03
5.3862E-03
5.3934E-03
5.4010E-03
5.4108E-03
5.4226E-03
5.4344E-03
5.4453E-03
5.4565E-03
5.4691E-03
5.4830E-03
5.4963E-03
5.5070E-03
5.5153E-03
5.5236E-03
5.5342E-03
5.5472E-03
5.5607E-03
5.5725E-03
5.5818E-03
5.5896E-03
5.5974E-03
5.6060E-03
5.6153E-03
5.6242E-03
5.6314E-03
5.6369E-03
5.6426E-03
5.6516E-03
5.6656E-03
5.6828E-03
5.6986E-03
5.7099E-03
5.7178E-03
5.7260E-03
5.7361E-03
5.7466E-03
5.7552E-03
5.7613E-03
5.7664E-03
5.7726E-03
5.7819E-03
5.7937E-03
5.8066E-03
5.8198E-03
5.8337E-03
5.8490E-03
5.8647E-03
5.8790E-03
5.8916E-03
5.9032E-03
5.9137E-03
5.9215E-03
5.9258E-03
5.9274E-03
5.9277E-03
5.9281E-03
5.9300E-03
5.9349E-03
5.9432E-03
5.9546E-03
5.9679E-03
5.9814E-03
5.9934E-03
6.0030E-03
6.0094E-03
6.0128E-03
6.0147E-03
6.0176E-03
6.0229E-03
6.0303E-03
6.0392E-03
6.0484E-03
6.0567E-03
6.0637E-03
6.0704E-03
6.0777E-03
6.0856E-03
6.0945E-03
6.1042E-03
6.1142E-03
6.1240E-03
6.1330E-03
6.1408E-03
6.1474E-03
6.1537E-03
6.1597E-03
6.1656E-03
6.1730E-03
6.1829E-03
6.1940E-03
6.2039E-03
6.2101E-03
6.2118E-03
6.2113E-03
6.2129E-03
6.2186E-03
6.2260E-03
6.2322E-03
6.2382E-03
6.2469E-03
6.2588E-03
6.2728E-03
6.2875E-03
6.3017E-03
6.3152E-03
6.3284E-03
6.3406E-03
6.3513E-03
6.3612E-03
6.3710E-03
6.3802E-03
6.3876E-03
6.3925E-03
6.3965E-03
6.4022E-03
6.4109E-03
6.4215E-03
6.4315E-03
6.4391E-03
6.4440E-03
6.4483E-03
6.4556E-03
6.4671E-03
6.4811E-03
6.4952E-03
6.5083E-03
6.5202E-03
6.5311E-03
6.5403E-03
6.5458E-03
6.5467E-03
6.5440E-03
6.5404E-03
6.5389E-03
6.5417E-03
6.5488E-03
6.5575E-03
6.5652E-03
6.5723E-03
6.5812E-03
6.5934E-03
6.6069E-03
6.6187E-03
6.6277E-03
6.6340E-03
6.6372E-03
6.6376E-03
6.6382E-03
6.6426E-03
6.6509E-03
6.6610E-03
6.6702E-03
6.6772E-03
6.6827E-03
6.6884E-03
6.6951E-03
6.7023E-03
6.7094E-03
6.7170E-03
6.7274E-03
6.7413E-03
6.7565E-03
6.7694E-03
6.7781E-03
6.7842E-03
6.7901E-03
6.7969E-03
6.8046E-03
6.8115E-03
6.8162E-03
6.8188E-03
6.8203E-03
6.8223E-03
6.8274E-03
6.8367E-03
6.8483E-03
6.8588E-03
6.8666E-03
6.8739E-03
6.8832E-03
6.8943E-03
6.9047E-03
6.9126E-03
6.9184E-03
6.9238E-03
6.9309E-03
6.9404E-03
6.9517E-03
6.9632E-03
6.9745E-03
6.9864E-03
6.9995E-03
7.0133E-03
7.0269E-03
7.0401E-03
7.0529E-03
7.0656E-03
7.0786E-03
7.0922E-03
7.1056E-03
7.1170E-03
7.1257E-03
7.1328E-03
7.1403E-03
7.1485E-03
7.1565E-03
7.1635E-03
7.1692E-03
7.1734E-03
7.1764E-03
7.1801E-03
7.1863E-03
7.1947E-03
7.2027E-03
7.2085E-03
7.2130E-03
7.2187E-03
7.2269E-03
7.2364E-03
7.2454E-03
7.2518E-03
7.2546E-03
7.2547E-03
7.2555E-03
7.2601E-03
7.2678E-03
7.2768E-03
7.2858E-03
7.2948E-03
7.3038E-03
7.3130E-03
7.3231E-03
7.3340E-03
7.3445E-03
7.3526E-03
7.3591E-03
7.3667E-03
7.3771E-03
7.3890E-03
7.3993E-03
7.4057E-03
7.4094E-03
7.4134E-03
7.4196E-03
7.4267E-03
7.4333E-03
7.4393E-03
7.4463E-03
7.4547E-03
7.4634E-03
7.4708E-03
7.4761E-03
7.4801E-03
7.4846E-03
7.4908E-03
7.4987E-03
7.5078E-03
7.5172E-03
7.5262E-03
7.5337E-03
7.5384E-03
7.5396E-03
7.5383E-03
7.5360E-03
7.5334E-03
7.5314E-03
7.5310E-03
7.5333E-03
7.5383E-03
7.5460E-03
7.5562E-03
7.5679E-03
7.5789E-03
7.5876E-03
7.5940E-03
7.6002E-03
7.6078E-03
7.6166E-03
7.6248E-03
7.6310E-03
7.6359E-03
7.6417E-03
7.6494E-03
7.6585E-03
7.6680E-03
7.6770E-03
7.6856E-03
7.6943E-03
7.7034E-03
7.7132E-03
7.7226E-03
7.7308E-03
7.7379E-03
7.7453E-03
7.7531E-03
7.7605E-03
7.7674E-03
7.7749E-03
7.7828E-03
7.7892E-03
7.7922E-03
7.7930E-03
7.7944E-03
7.7982E-03
7.8031E-03
7.8077E-03
7.8125E-03
7.8189E-03
7.8272E-03
7.8363E-03
7.8448E-03
7.8520E-03
7.8576E-03
7.8622E-03
7.8672E-03
7.8740E-03
7.8818E-03
7.8884E-03
7.8926E-03
7.8958E-03
7.8997E-03
7.9051E-03
7.9120E-03
7.9196E-03
7.9276E-03
7.9357E-03
7.9444E-03
7.9538E-03
7.9628E-03
7.9694E-03
7.9731E-03
7.9759E-03
7.9810E-03
7.9892E-03
7.9981E-03
8.0047E-03
8.0079E-03
8.0091E-03
8.0106E-03
8.0139E-03
8.0189E-03
8.0246E-03
8.0312E-03
8.0392E-03
8.0484E-03
8.0580E-03
8.0663E-03
8.0723E-03
8.0765E-03
8.0801E-03
8.0845E-03
8.0899E-03
8.0951E-03
8.0992E-03
8.1025E-03
8.1062E-03
8.1114E-03
8.1179E-03
8.1248E-03
8.1317E-03
8.1389E-03
8.1466E-03
8.1548E-03
8.1633E-03
8.1715E-03
8.1787E-03
8.1848E-03
8.1905E-03
8.1964E-03
8.2027E-03
8.2084E-03
8.2127E-03
8.2156E-03
8.2179E-03
8.2203E-03
8.2235E-03
8.2280E-03
8.2335E-03
8.2388E-03
8.2437E-03
8.2489E-03
8.2557E-03
8.2641E-03
8.2734E-03
8.2825E-03
8.2907E-03
8.2985E-03
8.3065E-03
8.3149E-03
8.3234E-03
8.3320E-03
8.3412E-03
8.3512E-03
8.3610E-03
8.3689E-03
8.3742E-03
8.3774E-03
8.3799E-03
8.3832E-03
8.3880E-03
8.3947E-03
8.4022E-03
8.4088E-03
8.4140E-03
8.4188E-03
8.4244E-03
8.4302E-03
8.4358E-03
8.4414E-03
8.4474E-03
8.4535E-03
8.4592E-03
8.4643E-03
8.4686E-03
8.4724E-03
8.4761E-03
8.4802E-03
8.4859E-03
8.4935E-03
8.5019E-03
8.5092E-03
8.5147E-03
8.5197E-03
8.5253E-03
8.5310E-03
8.5358E-03
8.5394E-03
8.5431E-03
8.5480E-03
8.5544E-03
8.5621E-03
8.5708E-03
8.5801E-03
8.5891E-03
8.5971E-03
8.6037E-03
8.6091E-03
8.6137E-03
8.6177E-03
8.6220E-03
8.6273E-03
8.6339E-03
8.6412E-03
8.6485E-03
8.6556E-03
8.6627E-03
8.6701E-03
8.6776E-03
8.6852E-03
8.6920E-03
8.6976E-03
8.7023E-03
8.7071E-03
8.7130E-03
8.7200E-03
8.7270E-03
8.7332E-03
8.7388E-03
8.7447E-03
8.7511E-03
8.7570E-03
8.7618E-03
8.7658E-03
8.7696E-03
8.7740E-03
8.7796E-03
8.7865E-03
8.7945E-03
8.8029E-03
8.8108E-03
8.8180E-03
8.8247E-03
8.8309E-03
8.8364E-03
8.8410E-03
8.8445E-03
8.8472E-03
8.8499E-03
8.8534E-03
8.8578E-03
8.8623E-03
8.8664E-03
8.8700E-03
8.8735E-03
8.8772E-03
8.8816E-03
8.8864E-03
8.8914E-03
8.8967E-03
8.9023E-03
8.9081E-03
8.9135E-03
8.9183E-03
8.9233E-03
8.9297E-03
8.9386E-03
8.9497E-03
8.9614E-03
8.9720E-03
8.9808E-03
8.9882E-03
8.9947E-03
9.0008E-03
9.0061E-03
9.0105E-03
9.0142E-03
9.0180E-03
9.0228E-03
9.0288E-03
9.0356E-03
9.0419E-03
9.0464E-03
9.0495E-03
9.0525E-03
9.0563E-03
9.0605E-03
9.0642E-03
9.0672E-03
9.0701E-03
9.0739E-03
9.0785E-03
9.0828E-03
9.0864E-03
9.0900E-03
9.0953E-03
9.1035E-03
9.1136E-03
9.1243E-03
9.1345E-03
9.1439E-03
9.1521E-03
9.1594E-03
9.1660E-03
9.1721E-03
9.1772E-03
9.1809E-03
9.1839E-03
9.1869E-03
9.1907E-03
9.1954E-03
9.2007E-03
9.2061E-03
9.2115E-03
9.2172E-03
9.2241E-03
9.2320E-03
9.2396E-03
9.2460E-03
9.2512E-03
9.2558E-03
9.2600E-03
9.2636E-03
9.2665E-03
9.2693E-03
9.2725E-03
9.2765E-03
9.2810E-03
9.2859E-03
9.2915E-03
9.2986E-03
9.3067E-03
9.3142E-03
9.3190E-03
9.3207E-03
9.3205E-03
9.3199E-03
9.3198E-03
9.3209E-03
9.3232E-03
9.3267E-03
9.3313E-03
9.3367E-03
9.3420E-03
9.3463E-03
9.3493E-03
9.3523E-03
9.3564E-03
9.3620E-03
9.3687E-03
9.3764E-03
9.3853E-03
9.3943E-03
9.4023E-03
9.4085E-03
9.4132E-03
9.4168E-03
9.4199E-03
9.4225E-03
9.4247E-03
9.4263E-03
9.4279E-03
9.4298E-03
9.4325E-03
9.4361E-03
9.4409E-03
9.4475E-03
9.4551E-03
9.4625E-03
9.4683E-03
9.4724E-03
9.4761E-03
9.4805E-03
9.4859E-03
9.4913E-03
9.4959E-03
9.4997E-03
9.5028E-03
9.5058E-03
9.5087E-03
9.5110E-03
9.5127E-03
9.5143E-03
9.5164E-03
9.5192E-03
9.5222E-03
9.5255E-03
9.5291E-03
9.5334E-03
9.5389E-03
9.5455E-03
9.5529E-03
9.5605E-03
9.5674E-03
9.5726E-03
9.5763E-03
9.5796E-03
9.5842E-03
9.5906E-03
9.5981E-03
9.6046E-03
9.6085E-03
9.6109E-03
9.6143E-03
9.6201E-03
9.6274E-03
9.6348E-03
9.6416E-03
9.6480E-03
9.6541E-03
9.6595E-03
9.6638E-03
9.6664E-03
9.6672E-03
9.6665E-03
9.6662E-03
9.6678E-03
9.6717E-03
9.6769E-03
9.6822E-03
9.6875E-03
9.6934E-03
9.7001E-03
9.7071E-03
9.7138E-03
9.7201E-03
9.7266E-03
9.7336E-03
9.7409E-03
9.7475E-03
9.7524E-03
9.7558E-03
9.7586E-03
9.7617E-03
9.7655E-03
9.7692E-03
9.7720E-03
9.7732E-03
9.7738E-03
9.7751E-03
9.7779E-03
9.7821E-03
9.7867E-03
9.7915E-03
9.7966E-03
9.8023E-03
9.8086E-03
9.8149E-03
9.8205E-03
9.8251E-03
9.8290E-03
9.8328E-03
9.8364E-03
9.8393E-03
9.8413E-03
9.8429E-03
9.8453E-03
9.8490E-03
9.8539E-03
9.8593E-03
9.8649E-03
9.8706E-03
9.8763E-03
9.8817E-03
9.8867E-03
9.8916E-03
9.8968E-03
9.9028E-03
9.9092E-03
9.9153E-03
9.9206E-03
9.9253E-03
9.9310E-03
9.9383E-03
9.9460E-03
9.9525E-03
9.9574E-03
9.9615E-03
9.9654E-03
9.9693E-03
9.9734E-03
9.9779E-03
9.9830E-03
9.9887E-03
9.9950E-03
1.0001E-02
1.0008E-02
1.0013E-02
1.0017E-02
1.0019E-02
1.0023E-02
1.0028E-02
1.0035E-02
1.0043E-02
1.0049E-02
1.0055E-02
1.0060E-02
1.0065E-02
1.0069E-02
1.0073E-02
1.0076E-02
1.0080E-02
1.0083E-02
1.0088E-02
1.0093E-02
1.0099E-02
1.0106E-02
1.0114E-02
1.0121E-02
1.0127E-02
1.0131E-02
1.0134E-02
1.0138E-02
1.0141E-02
1.0144E-02
1.0145E-02
1.0148E-02
1.0150E-02
1.0154E-02
1.0158E-02
1.0162E-02
1.0166E-02
1.0171E-02
1.0177E-02
1.0183E-02
1.0190E-02
1.0197E-02
1.0205E-02
1.0210E-02
1.0214E-02
1.0217E-02
1.0219E-02
1.0221E-02
1.0224E-02
1.0228E-02
1.0233E-02
1.0238E-02
1.0243E-02
1.0248E-02
1.0253E-02
1.0256E-02
1.0258E-02
1.0260E-02
1.0262E-02
1.0265E-02
1.0269E-02
1.0273E-02
1.0277E-02
1.0281E-02
1.0285E-02
1.0288E-02
1.0293E-02
1.0297E-02
1.0303E-02
1.0309E-02
1.0314E-02
1.0318E-02
1.0322E-02
1.0327E-02
1.0333E-02
1.0340E-02
1.0348E-02
1.0355E-02
1.0363E-02
1.0371E-02
1.0378E-02
1.0384E-02
1.0389E-02
1.0393E-02
1.0396E-02
1.0401E-02
1.0406E-02
1.0413E-02
1.0419E-02
1.0425E-02
1.0429E-02
1.0433E-02
1.0437E-02
1.0442E-02
1.0448E-02
1.0453E-02
1.0458E-02
1.0464E-02
1.0469E-02
1.0472E-02
1.0476E-02
1.0479E-02
1.0483E-02
1.0488E-02
1.0493E-02
1.0497E-02
1.0502E-02
1.0506E-02
1.0511E-02
1.0516E-02
1.0521E-02
1.0526E-02
1.0531E-02
1.0537E-02
1.0543E-02
1.0551E-02
1.0558E-02
1.0566E-02
1.0574E-02
1.0581E-02
1.0589E-02
1.0597E-02
1.0604E-02
1.0609E-02
1.0614E-02
1.0618E-02
1.0624E-02
1.0631E-02
1.0638E-02
1.0645E-02
1.0651E-02
1.0656E-02
1.0661E-02
1.0667E-02
1.0674E-02
1.0681E-02
1.0687E-02
1.0692E-02
1.0695E-02
1.0699E-02
1.0703E-02
1.0708E-02
1.0714E-02
1.0721E-02
1.0730E-02
1.0740E-02
1.0751E-02
1.0761E-02
1.0769E-02
1.0776E-02
1.0784E-02
1.0792E-02
1.0800E-02
1.0807E-02
1.0812E-02
1.0816E-02
1.0820E-02
1.0823E-02
1.0826E-02
1.0830E-02
1.0834E-02
1.0839E-02
1.0844E-02
1.0850E-02
1.0856E-02
1.0863E-02
1.0871E-02
1.0879E-02
1.0886E-02
1.0894E-02
1.0900E-02
1.0906E-02
1.0912E-02
1.0918E-02
1.0925E-02
1.0933E-02
1.0940E-02
1.0946E-02
1.0952E-02
1.0959E-02
1.0967E-02
1.0976E-02
1.0983E-02
1.0989E-02
1.0994E-02
1.0998E-02
1.1002E-02
1.1006E-02
1.1011E-02
1.1016E-02
1.1021E-02
1.1026E-02
1.1032E-02
1.1036E-02
1.1040E-02
1.1043E-02
1.1048E-02
1.1053E-02
1.1059E-02
1.1065E-02
1.1071E-02
1.1078E-02
1.1085E-02
1.1094E-02
1.1103E-02
1.1112E-02
1.1119E-02
1.1126E-02
1.1133E-02
1.1140E-02
1.1147E-02
1.1155E-02
1.1162E-02
1.1169E-02
1.1176E-02
1.1183E-02
1.1191E-02
1.1200E-02
1.1209E-02
1.1216E-02
1.1224E-02
1.1231E-02
1.1238E-02
1.1245E-02
1.1251E-02
1.1258E-02
1.1265E-02
1.1273E-02
1.1281E-02
1.1289E-02
1.1299E-02
1.1308E-02
1.1316E-02
1.1323E-02
1.1329E-02
1.1334E-02
1.1341E-02
1.1348E-02
1.1357E-02
1.1365E-02
1.1372E-02
1.1378E-02
1.1383E-02
1.1390E-02
1.1397E-02
1.1404E-02
1.1412E-02
1.1421E-02
1.1430E-02
1.1438E-02
1.1447E-02
1.1455E-02
1.1463E-02
1.1471E-02
1.1477E-02
1.1484E-02
1.1491E-02
1.1500E-02
1.1509E-02
1.1518E-02
1.1526E-02
1.1533E-02
1.1539E-02
1.1545E-02
1.1551E-02
1.1559E-02
1.1566E-02
1.1574E-02
1.1582E-02
1.1590E-02
1.1599E-02
1.1608E-02
1.1618E-02
1.1629E-02
1.1640E-02
1.1652E-02
1.1664E-02
1.1674E-02
1.1682E-02
1.1689E-02
1.1697E-02
1.1706E-02
1.1716E-02
1.1725E-02
1.1734E-02
1.1743E-02
1.1753E-02
1.1763E-02
1.1773E-02
1.1783E-02
1.1791E-02
1.1799E-02
1.1807E-02
1.1815E-02
1.1825E-02
1.1836E-02
1.1847E-02
1.1857E-02
1.1866E-02
1.1874E-02
1.1882E-02
1.1888E-02
1.1895E-02
1.1902E-02
1.1910E-02
1.1918E-02
1.1928E-02
1.1937E-02
1.1948E-02
1.1959E-02
1.1970E-02
1.1982E-02
1.1994E-02
1.2006E-02
1.2016E-02
1.2024E-02
1.2033E-02
1.2041E-02
1.2050E-02
1.2059E-02
1.2067E-02
1.2075E-02
1.2083E-02
1.2092E-02
1.2102E-02
1.2113E-02
1.2125E-02
1.2137E-02
1.2150E-02
1.2162E-02
1.2173E-02
1.2185E-02
1.2195E-02
1.2205E-02
1.2215E-02
1.2225E-02
1.2234E-02
1.2243E-02
1.2252E-02
1.2262E-02
1.2273E-02
1.2284E-02
1.2296E-02
1.2308E-02
1.2321E-02
1.2334E-02
1.2348E-02
1.2361E-02
1.2374E-02
1.2385E-02
1.2397E-02
1.2409E-02
1.2421E-02
1.2432E-02
1.2442E-02
1.2452E-02
1.2462E-02
1.2473E-02
1.2486E-02
1.2499E-02
1.2513E-02
1.2527E-02
1.2539E-02
1.2550E-02
1.2562E-02
1.2574E-02
1.2586E-02
1.2598E-02
1.2607E-02
1.2616E-02
1.2623E-02
1.2632E-02
1.2642E-02
1.2653E-02
1.2665E-02
1.2677E-02
1.2691E-02
1.2706E-02
1.2722E-02
1.2738E-02
1.2753E-02
1.2767E-02
1.2779E-02
1.2791E-02
1.2802E-02
1.2812E-02
1.2823E-02
1.2836E-02
1.2849E-02
1.2862E-02
1.2876E-02
1.2890E-02
1.2905E-02
1.2920E-02
1.2935E-02
1.2948E-02
1.2960E-02
1.2972E-02
1.2983E-02
1.2993E-02
1.3004E-02
1.3014E-02
1.3025E-02
1.3037E-02
1.3050E-02
1.3062E-02
1.3075E-02
1.3088E-02
1.3101E-02
1.3114E-02
1.3127E-02
1.3140E-02
1.3153E-02
1.3164E-02
1.3173E-02
1.3181E-02
1.3190E-02
1.3199E-02
1.3210E-02
1.3221E-02
1.3233E-02
1.3244E-02
1.3256E-02
1.3268E-02
1.3281E-02
1.3293E-02
1.3305E-02
1.3317E-02
1.3328E-02
1.3340E-02
1.3352E-02
1.3363E-02
1.3374E-02
1.3382E-02
1.3391E-02
1.3399E-02
1.3408E-02
1.3418E-02
1.3429E-02
1.3439E-02
1.3448E-02
1.3456E-02
1.3464E-02
1.3473E-02
1.3484E-02
1.3495E-02
1.3505E-02
1.3514E-02
1.3522E-02
1.3532E-02
1.3544E-02
1.3557E-02
1.3570E-02
1.3583E-02
1.3594E-02
1.3607E-02
1.3620E-02
1.3635E-02
1.3649E-02
1.3662E-02
1.3672E-02
1.3680E-02
1.3688E-02
1.3696E-02
1.3706E-02
1.3716E-02
1.3724E-02
1.3731E-02
1.3739E-02
1.3748E-02
1.3758E-02
1.3769E-02
1.3780E-02
1.3791E-02
1.3801E-02
1.3810E-02
1.3819E-02
1.3828E-02
1.3840E-02
1.3853E-02
1.3867E-02
1.3881E-02
1.3893E-02
1.3903E-02
1.3913E-02
1.3924E-02
1.3936E-02
1.3949E-02
1.3960E-02
1.3969E-02
1.3979E-02
1.3989E-02
1.3998E-02
1.4006E-02
1.4014E-02
1.4021E-02
1.4029E-02
1.4038E-02
1.4048E-02
1.4058E-02
1.4067E-02
1.4078E-02
1.4091E-02
1.4106E-02
1.4120E-02
1.4133E-02
1.4144E-02
1.4155E-02
1.4166E-02
1.4178E-02
1.4188E-02
1.4196E-02
1.4202E-02
1.4207E-02
1.4211E-02
1.4216E-02
1.4221E-02
1.4224E-02
1.4226E-02
1.4227E-02
1.4230E-02
1.4236E-02
1.4243E-02
1.4252E-02
1.4262E-02
1.4273E-02
1.4284E-02
1.4294E-02
1.4304E-02
1.4312E-02
1.4318E-02
1.4322E-02
1.4325E-02
1.4325E-02
1.4327E-02
1.4331E-02
1.4338E-02
1.4347E-02
1.4357E-02
1.4366E-02
1.4374E-02
1.4384E-02
1.4393E-02
1.4402E-02
1.4410E-02
1.4417E-02
1.4425E-02
1.4433E-02
1.4441E-02
1.4446E-02
1.4451E-02
1.4457E-02
1.4464E-02
1.4472E-02
1.4479E-02
1.4484E-02
1.4488E-02
1.4492E-02
1.4496E-02
1.4500E-02
1.4505E-02
1.4512E-02
1.4519E-02
1.4527E-02
1.4534E-02
1.4542E-02
1.4551E-02
1.4559E-02
1.4566E-02
1.4574E-02
1.4582E-02
1.4590E-02
1.4599E-02
1.4609E-02
1.4619E-02
1.4628E-02
1.4636E-02
1.4645E-02
1.4657E-02
1.4672E-02
1.4688E-02
1.4702E-02
1.4714E-02
1.4724E-02
1.4734E-02
1.4745E-02
1.4756E-02
1.4766E-02
1.4775E-02
1.4785E-02
1.4796E-02
1.4807E-02
1.4817E-02
1.4827E-02
1.4839E-02
1.4852E-02
1.4864E-02
1.4876E-02
1.4886E-02
1.4896E-02
1.4904E-02
1.4911E-02
1.4917E-02
1.4923E-02
1.4929E-02
1.4933E-02
1.4934E-02
1.4934E-02
1.4936E-02
1.4940E-02
1.4947E-02
1.4954E-02
1.4961E-02
1.4969E-02
1.4977E-02
1.4987E-02
1.4996E-02
1.5007E-02
1.5017E-02
1.5027E-02
1.5035E-02
1.5044E-02
1.5051E-02
1.5058E-02
1.5064E-02
1.5069E-02
1.5075E-02
1.5084E-02
1.5094E-02
1.5107E-02
1.5121E-02
1.5134E-02
1.5145E-02
1.5154E-02
1.5164E-02
1.5175E-02
1.5187E-02
1.5198E-02
1.5208E-02
1.5216E-02
1.5224E-02
1.5232E-02
1.5242E-02
1.5252E-02
1.5263E-02
1.5274E-02
1.5287E-02
1.5300E-02
1.5314E-02
1.5327E-02
1.5340E-02
1.5353E-02
1.5366E-02
1.5377E-02
1.5387E-02
1.5395E-02
1.5402E-02
1.5410E-02
1.5419E-02
1.5430E-02
1.5442E-02
1.5455E-02
1.5469E-02
1.5483E-02
1.5496E-02
1.5508E-02
1.5518E-02
1.5529E-02
1.5540E-02
1.5552E-02
1.5566E-02
1.5579E-02
1.5589E-02
1.5598E-02
1.5608E-02
1.5620E-02
1.5634E-02
1.5649E-02
1.5663E-02
1.5677E-02
1.5690E-02
1.5703E-02
1.5716E-02
1.5729E-02
1.5740E-02
1.5749E-02
1.5756E-02
1.5761E-02
1.5766E-02
1.5772E-02
1.5777E-02
1.5783E-02
1.5790E-02
1.5798E-02
1.5810E-02
1.5823E-02
1.5839E-02
1.5856E-02
1.5873E-02
1.5890E-02
1.5907E-02
1.5920E-02
1.5931E-02
1.5940E-02
1.5948E-02
1.5953E-02
1.5959E-02
1.5967E-02
1.5979E-02
1.5992E-02
1.6007E-02
1.6021E-02
1.6035E-02
1.6050E-02
1.6067E-02
1.6087E-02
1.6108E-02
1.6129E-02
1.6148E-02
1.6165E-02
1.6182E-02
1.6197E-02
1.6210E-02
1.6219E-02
1.6224E-02
1.6229E-02
1.6235E-02
1.6242E-02
1.6250E-02
1.6259E-02
1.6270E-02
1.6282E-02
1.6298E-02
1.6315E-02
1.6332E-02
1.6347E-02
1.6363E-02
1.6378E-02
1.6393E-02
1.6410E-02
1.6428E-02
1.6447E-02
1.6466E-02
1.6483E-02
1.6498E-02
1.6511E-02
1.6522E-02
1.6530E-02
1.6536E-02
1.6542E-02
1.6550E-02
1.6559E-02
1.6572E-02
1.6588E-02
1.6605E-02
1.6622E-02
1.6637E-02
1.6653E-02
1.6670E-02
1.6690E-02
1.6709E-02
1.6726E-02
1.6741E-02
1.6756E-02
1.6771E-02
1.6786E-02
1.6802E-02
1.6819E-02
1.6835E-02
1.6851E-02
1.6864E-02
1.6876E-02
1.6888E-02
1.6901E-02
1.6914E-02
1.6929E-02
1.6945E-02
1.6961E-02
1.6975E-02
1.6987E-02
1.6998E-02
1.7011E-02
1.7026E-02
1.7041E-02
1.7056E-02
1.7070E-02
1.7086E-02
1.7102E-02
1.7117E-02
1.7131E-02
1.7144E-02
1.7156E-02
1.7169E-02
1.7182E-02
1.7195E-02
1.7209E-02
1.7224E-02
1.7238E-02
1.7251E-02
1.7264E-02
1.7275E-02
1.7287E-02
1.7298E-02
1.7310E-02
1.7323E-02
1.7337E-02
1.7353E-02
1.7369E-02
1.7386E-02
1.7402E-02
1.7418E-02
1.7436E-02
1.7456E-02
1.7476E-02
1.7493E-02
1.7508E-02
1.7523E-02
1.7538E-02
1.7553E-02
1.7565E-02
1.7576E-02
1.7586E-02
1.7597E-02
1.7611E-02
1.7626E-02
1.7642E-02
1.7658E-02
1.7676E-02
1.7695E-02
1.7716E-02
1.7735E-02
1.7753E-02
1.7769E-02
1.7783E-02
1.7796E-02
1.7808E-02
1.7822E-02
1.7838E-02
1.7856E-02
1.7874E-02
1.7891E-02
1.7908E-02
1.7925E-02
1.7944E-02
1.7962E-02
1.7979E-02
1.7994E-02
1.8005E-02
1.8015E-02
1.8025E-02
1.8037E-02
1.8051E-02
1.8068E-02
1.8085E-02
1.8101E-02
1.8115E-02
1.8129E-02
1.8144E-02
1.8161E-02
1.8178E-02
1.8194E-02
1.8209E-02
1.8223E-02
1.8238E-02
1.8254E-02
1.8270E-02
1.8286E-02
1.8301E-02
1.8316E-02
1.8330E-02
1.8342E-02
1.8354E-02
1.8365E-02
1.8377E-02
1.8390E-02
1.8404E-02
1.8420E-02
1.8436E-02
1.8452E-02
1.8465E-02
1.8477E-02
1.8487E-02
1.8497E-02
1.8505E-02
1.8514E-02
1.8524E-02
1.8534E-02
1.8545E-02
1.8556E-02
1.8569E-02
1.8583E-02
1.8600E-02
1.8620E-02
1.8640E-02
1.8660E-02
1.8678E-02
1.8695E-02
1.8712E-02
1.8728E-02
1.8746E-02
1.8763E-02
1.8780E-02
1.8796E-02
1.8814E-02
1.8832E-02
1.8851E-02
1.8869E-02
1.8885E-02
1.8901E-02
1.8916E-02
1.8933E-02
1.8952E-02
1.8971E-02
1.8990E-02
1.9008E-02
1.9025E-02
1.9043E-02
1.9061E-02
1.9080E-02
1.9098E-02
1.9115E-02
1.9130E-02
1.9144E-02
1.9156E-02
1.9167E-02
1.9179E-02
1.9191E-02
1.9203E-02
1.9215E-02
1.9227E-02
1.9239E-02
1.9251E-02
1.9264E-02
1.9278E-02
1.9293E-02
1.9309E-02
1.9326E-02
1.9343E-02
1.9359E-02
1.9372E-02
1.9384E-02
1.9397E-02
1.9412E-02
1.9426E-02
1.9437E-02
1.9448E-02
1.9459E-02
1.9472E-02
1.9485E-02
1.9499E-02
1.9513E-02
1.9529E-02
1.9545E-02
1.9564E-02
1.9582E-02
1.9600E-02
1.9618E-02
1.9636E-02
1.9653E-02
1.9669E-02
1.9685E-02
1.9700E-02
1.9717E-02
1.9733E-02
1.9749E-02
1.9763E-02
1.9777E-02
1.9792E-02
1.9808E-02
1.9825E-02
1.9841E-02
1.9859E-02
1.9880E-02
1.9903E-02
1.9927E-02
1.9949E-02
1.9969E-02
1.9988E-02
2.0007E-02
2.0028E-02
2.0048E-02
2.0068E-02
2.0086E-02
2.0103E-02
2.0119E-02
2.0135E-02
2.0149E-02
2.0162E-02
2.0175E-02
2.0189E-02
2.0204E-02
2.0221E-02
2.0239E-02
2.0256E-02
2.0273E-02
2.0290E-02
2.0307E-02
2.0323E-02
2.0339E-02
2.0354E-02
2.0370E-02
2.0385E-02
2.0401E-02
2.0415E-02
2.0429E-02
2.0442E-02
2.0456E-02
2.0470E-02
2.0484E-02
2.0497E-02
2.0508E-02
2.0518E-02
2.0528E-02
2.0538E-02
2.0549E-02
2.0561E-02
2.0573E-02
2.0587E-02
2.0603E-02
2.0620E-02
2.0636E-02
2.0651E-02
2.0664E-02
2.0677E-02
2.0690E-02
2.0703E-02
2.0717E-02
2.0732E-02
2.0746E-02
2.0761E-02
2.0776E-02
2.0791E-02
2.0807E-02
2.0823E-02
2.0840E-02
2.0856E-02
2.0871E-02
2.0886E-02
2.0902E-02
2.0920E-02
2.0939E-02
2.0957E-02
2.0975E-02
2.0992E-02
2.1009E-02
2.1026E-02
2.1043E-02
2.1061E-02
2.1078E-02
2.1094E-02
2.1109E-02
2.1124E-02
2.1141E-02
2.1157E-02
2.1174E-02
2.1190E-02
2.1204E-02
2.1219E-02
2.1233E-02
2.1248E-02
2.1262E-02
2.1274E-02
2.1287E-02
2.1299E-02
2.1313E-02
2.1327E-02
2.1341E-02
2.1357E-02
2.1374E-02
2.1393E-02
2.1413E-02
2.1434E-02
2.1454E-02
2.1474E-02
2.1492E-02
2.1510E-02
2.1527E-02
2.1544E-02
2.1562E-02
2.1581E-02
2.1600E-02
2.1617E-02
2.1633E-02
2.1650E-02
2.1668E-02
2.1687E-02
2.1707E-02
2.1727E-02
2.1747E-02
2.1767E-02
2.1785E-02
2.1801E-02
2.1814E-02
2.1828E-02
2.1842E-02
2.1857E-02
2.1871E-02
2.1886E-02
2.1900E-02
2.1914E-02
2.1928E-02
2.1941E-02
2.1952E-02
2.1963E-02
2.1974E-02
2.1984E-02
2.1996E-02
2.2009E-02
2.2024E-02
2.2041E-02
2.2058E-02
2.2076E-02
2.2093E-02
2.2108E-02
2.2121E-02
2.2131E-02
2.2141E-02
2.2150E-02
2.2160E-02
2.2172E-02
2.2186E-02
2.2202E-02
2.2220E-02
2.2239E-02
2.2260E-02
2.2280E-02
2.2300E-02
2.2316E-02
2.2331E-02
2.2345E-02
2.2359E-02
2.2371E-02
2.2383E-02
2.2396E-02
2.2411E-02
2.2429E-02
2.2450E-02
2.2471E-02
2.2492E-02
2.2513E-02
2.2533E-02
2.2552E-02
2.2571E-02
2.2588E-02
2.2603E-02
2.2616E-02
2.2631E-02
2.2647E-02
2.2663E-02
2.2680E-02
2.2697E-02
2.2716E-02
2.2737E-02
2.2760E-02
2.2784E-02
2.2807E-02
2.2829E-02
2.2848E-02
2.2865E-02
2.2881E-02
2.2896E-02
2.2912E-02
2.2928E-02
2.2946E-02
2.2966E-02
2.2986E-02
2.3005E-02
2.3023E-02
2.3040E-02
2.3058E-02
2.3076E-02
2.3094E-02
2.3112E-02
2.3128E-02
2.3143E-02
2.3158E-02
2.3173E-02
2.3188E-02
2.3202E-02
2.3216E-02
2.3231E-02
2.3247E-02
2.3266E-02
2.3286E-02
2.3304E-02
2.3322E-02
2.3342E-02
2.3363E-02
2.3386E-02
2.3409E-02
2.3430E-02
2.3451E-02
2.3471E-02
2.3493E-02
2.3515E-02
2.3539E-02
2.3563E-02
2.3586E-02
2.3609E-02
2.3631E-02
2.3651E-02
2.3671E-02
2.3692E-02
2.3714E-02
2.3736E-02
2.3757E-02
2.3777E-02
2.3796E-02
2.3815E-02
2.3833E-02
2.3854E-02
2.3876E-02
2.3900E-02
2.3925E-02
2.3952E-02
2.3979E-02
2.4004E-02
2.4025E-02
2.4043E-02
2.4059E-02
2.4074E-02
2.4088E-02
2.4103E-02
2.4120E-02
2.4136E-02
2.4154E-02
2.4171E-02
2.4189E-02
2.4209E-02
2.4231E-02
2.4254E-02
2.4276E-02
2.4296E-02
2.4314E-02
2.4330E-02
2.4347E-02
2.4367E-02
2.4387E-02
2.4409E-02
2.4430E-02
2.4451E-02
2.4471E-02
2.4490E-02
2.4508E-02
2.4524E-02
2.4539E-02
2.4553E-02
2.4568E-02
2.4584E-02
2.4601E-02
2.4616E-02
2.4632E-02
2.4647E-02
2.4665E-02
2.4683E-02
2.4701E-02
2.4720E-02
2.4738E-02
2.4759E-02
2.4782E-02
2.4806E-02
2.4829E-02
2.4851E-02
2.4873E-02
2.4894E-02
2.4913E-02
2.4929E-02
2.4944E-02
2.4958E-02
2.4974E-02
2.4991E-02
2.5009E-02
2.5027E-02
2.5046E-02
2.5064E-02
2.5082E-02
2.5099E-02
2.5115E-02
2.5130E-02
2.5143E-02
2.5154E-02
2.5165E-02
2.5178E-02
2.5194E-02
2.5212E-02
2.5232E-02
2.5251E-02
2.5272E-02
2.5292E-02
2.5311E-02
2.5328E-02
2.5345E-02
2.5362E-02
2.5380E-02
2.5399E-02
2.5418E-02
2.5435E-02
2.5452E-02
2.5469E-02
2.5486E-02
2.5502E-02
2.5519E-02
2.5538E-02
2.5557E-02
2.5576E-02
2.5592E-02
2.5605E-02
2.5616E-02
2.5628E-02
2.5641E-02
2.5655E-02
2.5671E-02
2.5689E-02
2.5709E-02
2.5730E-02
2.5752E-02
2.5772E-02
2.5791E-02
2.5806E-02
2.5817E-02
2.5826E-02
2.5834E-02
2.5845E-02
2.5858E-02
2.5870E-02
2.5881E-02
2.5891E-02
2.5900E-02
2.5908E-02
2.5917E-02
2.5926E-02
2.5937E-02
2.5949E-02
2.5963E-02
2.5979E-02
2.5995E-02
2.6009E-02
2.6021E-02
2.6033E-02
2.6045E-02
2.6058E-02
2.6071E-02
2.6084E-02
2.6098E-02
2.6112E-02
2.6127E-02
2.6145E-02
2.6166E-02
2.6187E-02
2.6206E-02
2.6222E-02
2.6236E-02
2.6249E-02
2.6263E-02
2.6278E-02
2.6293E-02
2.6309E-02
2.6324E-02
2.6339E-02
2.6354E-02
2.6368E-02
2.6383E-02
2.6395E-02
2.6406E-02
2.6416E-02
2.6427E-02
2.6441E-02
2.6459E-02
2.6478E-02
2.6495E-02
2.6510E-02
2.6520E-02
2.6527E-02
2.6532E-02
2.6536E-02
2.6541E-02
2.6549E-02
2.6559E-02
2.6572E-02
2.6588E-02
2.6603E-02
2.6616E-02
2.6629E-02
2.6641E-02
2.6653E-02
2.6667E-02
2.6682E-02
2.6697E-02
2.6709E-02
2.6719E-02
2.6729E-02
2.6738E-02
2.6749E-02
2.6761E-02
2.6775E-02
2.6790E-02
2.6805E-02
2.6821E-02
2.6837E-02
2.6854E-02
2.6871E-02
2.6889E-02
2.6907E-02
2.6923E-02
2.6937E-02
2.6949E-02
2.6959E-02
2.6969E-02
2.6979E-02
2.6989E-02
2.6998E-02
2.7006E-02
2.7011E-02
2.7014E-02
2.7015E-02
2.7017E-02
2.7021E-02
2.7026E-02
2.7033E-02
2.7040E-02
2.7047E-02
2.7054E-02
2.7061E-02
2.7065E-02
2.7068E-02
2.7070E-02
2.7073E-02
2.7077E-02
2.7083E-02
2.7091E-02
2.7102E-02
2.7113E-02
2.7126E-02
2.7138E-02
2.7150E-02
2.7161E-02
2.7171E-02
2.7180E-02
2.7187E-02
2.7193E-02
2.7200E-02
2.7208E-02
2.7218E-02
2.7228E-02
2.7238E-02
2.7247E-02
2.7254E-02
2.7260E-02
2.7265E-02
2.7271E-02
2.7278E-02
2.7286E-02
2.7298E-02
2.7310E-02
2.7323E-02
2.7338E-02
2.7353E-02
2.7368E-02
2.7382E-02
2.7394E-02
2.7406E-02
2.7417E-02
2.7429E-02
2.7441E-02
2.7452E-02
2.7464E-02
2.7477E-02
2.7491E-02
2.7505E-02
2.7521E-02
2.7535E-02
2.7549E-02
2.7562E-02
2.7575E-02
2.7588E-02
2.7602E-02
2.7616E-02
2.7628E-02
2.7638E-02
2.7646E-02
2.7652E-02
2.7657E-02
2.7663E-02
2.7669E-02
2.7678E-02
2.7688E-02
2.7701E-02
2.7715E-02
2.7730E-02
2.7744E-02
2.7758E-02
2.7771E-02
2.7782E-02
2.7790E-02
2.7798E-02
2.7805E-02
2.7812E-02
2.7820E-02
2.7827E-02
2.7835E-02
2.7843E-02
2.7852E-02
2.7860E-02
2.7867E-02
2.7875E-02
2.7883E-02
2.7891E-02
2.7899E-02
2.7909E-02
2.7921E-02
2.7935E-02
2.7949E-02
2.7964E-02
2.7979E-02
2.7995E-02
2.8011E-02
2.8027E-02
2.8044E-02
2.8061E-02
2.8076E-02
2.8090E-02
2.8103E-02
2.8116E-02
2.8127E-02
2.8137E-02
2.8146E-02
2.8154E-02
2.8160E-02
2.8165E-02
2.8172E-02
2.8180E-02
2.8190E-02
2.8202E-02
2.8215E-02
2.8229E-02
2.8243E-02
2.8256E-02
2.8268E-02
2.8278E-02
2.8287E-02
2.8296E-02
2.8304E-02
2.8311E-02
2.8317E-02
2.8323E-02
2.8332E-02
2.8343E-02
2.8356E-02
2.8369E-02
2.8382E-02
2.8395E-02
2.8408E-02
2.8422E-02
2.8435E-02
2.8449E-02
2.8463E-02
2.8477E-02
2.8491E-02
2.8503E-02
2.8514E-02
2.8524E-02
2.8531E-02
2.8535E-02
2.8539E-02
2.8543E-02
2.8550E-02
2.8559E-02
2.8567E-02
2.8574E-02
2.8580E-02
2.8586E-02
2.8592E-02
2.8598E-02
2.8604E-02
2.8610E-02
2.8617E-02
2.8624E-02
2.8631E-02
2.8638E-02
2.8644E-02
2.8652E-02
2.8659E-02
2.8667E-02
2.8676E-02
2.8685E-02
2.8695E-02
2.8704E-02
2.8713E-02
2.8722E-02
2.8730E-02
2.8739E-02
2.8748E-02
2.8757E-02
2.8765E-02
2.8773E-02
2.8781E-02
2.8789E-02
2.8798E-02
2.8807E-02
2.8816E-02
2.8825E-02
2.8834E-02
2.8844E-02
2.8855E-02
2.8867E-02
2.8879E-02
2.8891E-02
2.8903E-02
2.8916E-02
2.8927E-02
2.8938E-02
2.8949E-02
2.8961E-02
2.8973E-02
2.8985E-02
2.8998E-02
2.9011E-02
2.9022E-02
2.9030E-02
2.9037E-02
2.9043E-02
2.9050E-02
2.9058E-02
2.9067E-02
2.9077E-02
2.9086E-02
2.9095E-02
2.9103E-02
2.9111E-02
2.9118E-02
2.9126E-02
2.9135E-02
2.9146E-02
2.9158E-02
2.9171E-02
2.9183E-02
2.9194E-02
2.9205E-02
2.9216E-02
2.9226E-02
2.9236E-02
2.9245E-02
2.9253E-02
2.9262E-02
2.9272E-02
2.9284E-02
2.9296E-02
2.9310E-02
2.9323E-02
2.9336E-02
2.9350E-02
2.9365E-02
2.9382E-02
2.9397E-02
2.9411E-02
2.9422E-02
2.9433E-02
2.9444E-02
2.9457E-02
2.9471E-02
2.9486E-02
2.9501E-02
2.9517E-02
2.9533E-02
2.9548E-02
2.9561E-02
2.9572E-02
2.9582E-02
2.9592E-02
2.9601E-02
2.9608E-02
2.9612E-02
2.9614E-02
2.9614E-02
2.9614E-02
2.9615E-02
2.9619E-02
2.9623E-02
2.9628E-02
2.9632E-02
2.9637E-02
2.9640E-02
2.9643E-02
2.9647E-02
2.9651E-02
2.9656E-02
2.9661E-02
2.9667E-02
2.9674E-02
2.9681E-02
2.9686E-02
2.9691E-02
2.9695E-02
2.9701E-02
2.9709E-02
2.9717E-02
2.9726E-02
2.9736E-02
2.9748E-02
2.9760E-02
2.9774E-02
2.9787E-02
2.9798E-02
2.9808E-02
2.9816E-02
2.9824E-02
2.9831E-02
2.9839E-02
2.9847E-02
2.9855E-02
2.9861E-02
2.9869E-02
2.9878E-02
2.9888E-02
2.9898E-02
2.9909E-02
2.9920E-02
2.9931E-02
2.9941E-02
2.9950E-02
2.9959E-02
2.9968E-02
2.9976E-02
2.9985E-02
2.9994E-02
3.0004E-02
3.0014E-02
3.0023E-02
3.0032E-02
3.0039E-02
3.0046E-02
3.0053E-02
3.0061E-02
3.0071E-02
3.0082E-02
3.0093E-02
3.0105E-02
3.0116E-02
3.0127E-02
3.0138E-02
3.0149E-02
3.0160E-02
3.0171E-02
3.0180E-02
3.0188E-02
3.0195E-02
3.0203E-02
3.0211E-02
3.0221E-02
3.0231E-02
3.0240E-02
3.0248E-02
3.0255E-02
3.0261E-02
3.0267E-02
3.0277E-02
3.0287E-02
3.0298E-02
3.0308E-02
3.0317E-02
3.0327E-02
3.0337E-02
3.0347E-02
3.0356E-02
3.0365E-02
3.0373E-02
3.0381E-02
3.0390E-02
3.0400E-02
3.0411E-02
3.0422E-02
3.0432E-02
3.0441E-02
3.0449E-02
3.0459E-02
3.0470E-02
3.0481E-02
3.0490E-02
3.0498E-02
3.0505E-02
3.0513E-02
3.0520E-02
3.0528E-02
3.0536E-02
3.0545E-02
3.0555E-02
3.0566E-02
3.0577E-02
3.0588E-02
3.0597E-02
3.0607E-02
3.0616E-02
3.0626E-02
3.0635E-02
3.0643E-02
3.0650E-02
3.0656E-02
3.0662E-02
3.0671E-02
3.0681E-02
3.0693E-02
3.0704E-02
3.0716E-02
3.0728E-02
3.0739E-02
3.0750E-02
3.0762E-02
3.0772E-02
3.0781E-02
3.0789E-02
3.0796E-02
3.0804E-02
3.0810E-02
3.0816E-02
3.0821E-02
3.0828E-02
3.0835E-02
3.0844E-02
3.0854E-02
3.0864E-02
3.0874E-02
3.0884E-02
3.0893E-02
3.0902E-02
3.0909E-02
3.0917E-02
3.0925E-02
3.0932E-02
3.0937E-02
3.0943E-02
3.0947E-02
3.0952E-02
3.0957E-02
3.0962E-02
3.0969E-02
3.0979E-02
3.0990E-02
3.1001E-02
3.1011E-02
3.1021E-02
3.1029E-02
3.1038E-02
3.1046E-02
3.1054E-02
3.1060E-02
3.1067E-02
3.1074E-02
3.1083E-02
3.1094E-02
3.1105E-02
3.1115E-02
3.1125E-02
3.1134E-02
3.1143E-02
3.1151E-02
3.1158E-02
3.1164E-02
3.1172E-02
3.1181E-02
3.1191E-02
3.1202E-02
3.1213E-02
3.1225E-02
3.1238E-02
3.1252E-02
3.1268E-02
3.1282E-02
3.1294E-02
3.1304E-02
3.1313E-02
3.1321E-02
3.1330E-02
3.1339E-02
3.1347E-02
3.1356E-02
3.1364E-02
3.1372E-02
3.1380E-02
3.1389E-02
3.1397E-02
3.1406E-02
3.1415E-02
3.1424E-02
3.1434E-02
3.1444E-02
3.1455E-02
3.1465E-02
3.1473E-02
3.1479E-02
3.1485E-02
3.1491E-02
3.1497E-02
3.1504E-02
3.1511E-02
3.1520E-02
3.1529E-02
3.1538E-02
3.1547E-02
3.1558E-02
3.1570E-02
3.1581E-02
3.1590E-02
3.1598E-02
3.1606E-02
3.1614E-02
3.1624E-02
3.1634E-02
3.1643E-02
3.1653E-02
3.1662E-02
3.1673E-02
3.1683E-02
3.1694E-02
3.1704E-02
3.1713E-02
3.1720E-02
3.1726E-02
3.1731E-02
3.1737E-02
3.1745E-02
3.1753E-02
3.1761E-02
3.1769E-02
3.1776E-02
3.1784E-02
3.1794E-02
3.1803E-02
3.1812E-02
3.1820E-02
3.1826E-02
3.1833E-02
3.1840E-02
3.1848E-02
3.1856E-02
3.1866E-02
3.1875E-02
3.1884E-02
3.1894E-02
3.1903E-02
3.1913E-02
3.1924E-02
3.1936E-02
3.1948E-02
3.1959E-02
3.1969E-02
3.1977E-02
3.1985E-02
3.1992E-02
3.1999E-02
3.2007E-02
3.2014E-02
3.2021E-02
3.2029E-02
3.2036E-02
3.2043E-02
3.2050E-02
3.2056E-02
3.2062E-02
3.2068E-02
3.2074E-02
3.2081E-02
3.2089E-02
3.2097E-02
3.2106E-02
3.2115E-02
3.2125E-02
3.2134E-02
3.2143E-02
3.2151E-02
3.2158E-02
3.2165E-02
3.2172E-02
3.2179E-02
3.2186E-02
3.2192E-02
3.2199E-02
3.2204E-02
3.2210E-02
3.2217E-02
3.2224E-02
3.2233E-02
3.2241E-02
3.2250E-02
3.2259E-02
3.2268E-02
3.2277E-02
3.2286E-02
3.2296E-02
3.2305E-02
3.2313E-02
3.2321E-02
3.2329E-02
3.2338E-02
3.2347E-02
3.2356E-02
3.2365E-02
3.2372E-02
3.2380E-02
3.2387E-02
3.2396E-02
3.2406E-02
3.2416E-02
3.2425E-02
3.2433E-02
3.2441E-02
3.2450E-02
3.2459E-02
3.2467E-02
3.2474E-02
3.2481E-02
3.2488E-02
3.2494E-02
3.2499E-02
3.2503E-02
3.2507E-02
3.2511E-02
3.2516E-02
3.2520E-02
3.2525E-02
3.2532E-02
3.2539E-02
3.2548E-02
3.2557E-02
3.2566E-02
3.2574E-02
3.2582E-02
3.2590E-02
3.2596E-02
3.2602E-02
3.2609E-02
3.2615E-02
3.2622E-02
3.2630E-02
3.2639E-02
3.2649E-02
3.2660E-02
3.2672E-02
3.2685E-02
3.2697E-02
3.2707E-02
3.2716E-02
3.2725E-02
3.2734E-02
3.2744E-02
3.2754E-02
3.2763E-02
3.2770E-02
3.2777E-02
3.2784E-02
3.2791E-02
3.2799E-02
3.2807E-02
3.2814E-02
3.2823E-02
3.2832E-02
3.2843E-02
3.2853E-02
3.2864E-02
3.2874E-02
3.2883E-02
3.2891E-02
3.2898E-02
3.2905E-02
3.2913E-02
3.2922E-02
3.2932E-02
3.2942E-02
3.2953E-02
3.2965E-02
3.2976E-02
3.2986E-02
3.2994E-02
3.3001E-02
3.3008E-02
3.3015E-02
3.3022E-02
3.3029E-02
3.3035E-02
3.3042E-02
3.3049E-02
3.3058E-02
3.3067E-02
3.3078E-02
3.3089E-02
3.3100E-02
3.3110E-02
3.3119E-02
3.3128E-02
3.3136E-02
3.3144E-02
3.3153E-02
3.3163E-02
3.3172E-02
3.3181E-02
3.3190E-02
3.3199E-02
3.3208E-02
3.3216E-02
3.3224E-02
3.3232E-02
3.3240E-02
3.3249E-02
3.3258E-02
3.3266E-02
3.3274E-02
3.3282E-02
3.3289E-02
3.3296E-02
3.3303E-02
3.3309E-02
3.3314E-02
3.3321E-02
3.3328E-02
3.3337E-02
3.3347E-02
3.3357E-02
3.3368E-02
3.3380E-02
3.3392E-02
3.3404E-02
3.3416E-02
3.3427E-02
3.3437E-02
3.3445E-02
3.3452E-02
3.3459E-02
3.3466E-02
3.3473E-02
3.3481E-02
3.3489E-02
3.3498E-02
3.3507E-02
3.3516E-02
3.3526E-02
3.3537E-02
3.3547E-02
3.3557E-02
3.3566E-02
3.3574E-02
3.3583E-02
3.3592E-02
3.3601E-02
3.3610E-02
3.3619E-02
3.3629E-02
3.3640E-02
3.3652E-02
3.3663E-02
3.3673E-02
3.3684E-02
3.3694E-02
3.3703E-02
3.3712E-02
3.3719E-02
3.3726E-02
3.3734E-02
3.3742E-02
3.3751E-02
3.3761E-02
3.3772E-02
3.3784E-02
3.3795E-02
3.3805E-02
3.3815E-02
3.3825E-02
3.3835E-02
3.3844E-02
3.3851E-02
3.3858E-02
3.3864E-02
3.3871E-02
3.3879E-02
3.3889E-02
3.3899E-02
3.3909E-02
3.3919E-02
3.3929E-02
3.3938E-02
3.3946E-02
3.3954E-02
3.3964E-02
3.3974E-02
3.3984E-02
3.3993E-02
3.4001E-02
3.4007E-02
3.4013E-02
3.4018E-02
3.4025E-02
3.4032E-02
3.4041E-02
3.4051E-02
3.4061E-02
3.4071E-02
3.4081E-02
3.4091E-02
3.4101E-02
3.4110E-02
3.4120E-02
3.4130E-02
3.4139E-02
3.4147E-02
3.4154E-02
3.4161E-02
3.4168E-02
3.4175E-02
3.4183E-02
3.4190E-02
3.4197E-02
3.4204E-02
3.4212E-02
3.4221E-02
3.4231E-02
3.4240E-02
3.4248E-02
3.4256E-02
3.4263E-02
3.4271E-02
3.4278E-02
3.4285E-02
3.4291E-02
3.4298E-02
3.4305E-02
3.4313E-02
3.4321E-02
3.4329E-02
3.4337E-02
3.4344E-02
3.4351E-02
3.4357E-02
3.4363E-02
3.4370E-02
3.4379E-02
3.4388E-02
3.4397E-02
3.4407E-02
3.4416E-02
3.4426E-02
3.4435E-02
3.4444E-02
3.4453E-02
3.4461E-02
3.4469E-02
3.4476E-02
3.4483E-02
3.4490E-02
3.4497E-02
3.4503E-02
3.4508E-02
3.4514E-02
3.4520E-02
3.4527E-02
3.4535E-02
3.4543E-02
3.4552E-02
3.4559E-02
3.4567E-02
3.4574E-02
3.4581E-02
3.4587E-02
3.4592E-02
3.4597E-02
3.4602E-02
3.4606E-02
3.4611E-02
3.4617E-02
3.4623E-02
3.4629E-02
3.4636E-02
3.4643E-02
3.4652E-02
3.4662E-02
3.4672E-02
3.4682E-02
3.4691E-02
3.4699E-02
3.4705E-02
3.4712E-02
3.4718E-02
3.4725E-02
3.4731E-02
3.4738E-02
3.4745E-02
3.4752E-02
3.4760E-02
3.4767E-02
3.4775E-02
3.4783E-02
3.4791E-02
3.4800E-02
3.4810E-02
3.4819E-02
3.4827E-02
3.4835E-02
3.4843E-02
3.4852E-02
3.4861E-02
3.4871E-02
3.4881E-02
3.4891E-02
3.4900E-02
3.4908E-02
3.4915E-02
3.4923E-02
3.4931E-02
3.4940E-02
3.4948E-02
3.4957E-02
3.4964E-02
3.4971E-02
3.4977E-02
3.4984E-02
3.4990E-02
3.4997E-02
3.5005E-02
3.5014E-02
3.5024E-02
3.5035E-02
3.5047E-02
3.5058E-02
3.5068E-02
3.5077E-02
3.5085E-02
3.5093E-02
3.5100E-02
3.5107E-02
3.5114E-02
3.5120E-02
3.5126E-02
3.5132E-02
3.5138E-02
3.5145E-02
3.5153E-02
3.5162E-02
3.5173E-02
3.5184E-02
3.5195E-02
3.5205E-02
3.5215E-02
3.5224E-02
3.5232E-02
3.5241E-02
3.5249E-02
3.5259E-02
3.5270E-02
3.5281E-02
3.5291E-02
3.5301E-02
3.5310E-02
3.5318E-02
3.5326E-02
3.5333E-02
3.5341E-02
3.5347E-02
3.5354E-02
3.5360E-02
3.5366E-02
3.5371E-02
3.5376E-02
3.5382E-02
3.5389E-02
3.5397E-02
3.5405E-02
3.5413E-02
3.5421E-02
3.5430E-02
3.5440E-02
3.5450E-02
3.5461E-02
3.5471E-02
3.5480E-02
3.5487E-02
3.5493E-02
3.5498E-02
3.5503E-02
3.5511E-02
3.5519E-02
3.5529E-02
3.5539E-02
3.5549E-02
3.5561E-02
3.5572E-02
3.5584E-02
3.5595E-02
3.5605E-02
3.5614E-02
3.5623E-02
3.5630E-02
3.5636E-02
3.5641E-02
3.5644E-02
3.5647E-02
3.5651E-02
3.5657E-02
3.5665E-02
3.5675E-02
3.5685E-02
3.5696E-02
3.5708E-02
3.5720E-02
3.5731E-02
3.5741E-02
3.5749E-02
3.5755E-02
3.5759E-02
3.5763E-02
3.5766E-02
3.5770E-02
3.5773E-02
3.5776E-02
3.5782E-02
3.5789E-02
3.5798E-02
3.5808E-02
3.5818E-02
3.5828E-02
3.5836E-02
3.5845E-02
3.5853E-02
3.5860E-02
3.5867E-02
3.5872E-02
3.5877E-02
3.5881E-02
3.5887E-02
3.5892E-02
3.5898E-02
3.5905E-02
3.5913E-02
3.5922E-02
3.5933E-02
3.5946E-02
3.5959E-02
3.5972E-02
3.5984E-02
3.5995E-02
3.6005E-02
3.6014E-02
3.6022E-02
3.6029E-02
3.6036E-02
3.6043E-02
3.6049E-02
3.6055E-02
3.6061E-02
3.6068E-02
3.6075E-02
3.6083E-02
3.6092E-02
3.6100E-02
3.6109E-02
3.6118E-02
3.6127E-02
3.6136E-02
3.6145E-02
3.6152E-02
3.6158E-02
3.6164E-02
3.6170E-02
3.6177E-02
3.6185E-02
3.6194E-02
3.6203E-02
3.6212E-02
3.6220E-02
3.6227E-02
3.6233E-02
3.6237E-02
3.6241E-02
3.6245E-02
3.6250E-02
3.6254E-02
3.6260E-02
3.6266E-02
3.6274E-02
3.6282E-02
3.6292E-02
3.6304E-02
3.6316E-02
3.6330E-02
3.6343E-02
3.6355E-02
3.6367E-02
3.6378E-02
3.6389E-02
3.6399E-02
3.6408E-02
3.6414E-02
3.6420E-02
3.6425E-02
3.6429E-02
3.6433E-02
3.6436E-02
3.6441E-02
3.6446E-02
3.6454E-02
3.6462E-02
3.6471E-02
3.6479E-02
3.6487E-02
3.6496E-02
3.6504E-02
3.6512E-02
3.6520E-02
3.6527E-02
3.6534E-02
3.6542E-02
3.6550E-02
3.6559E-02
3.6568E-02
3.6578E-02
3.6589E-02
3.6599E-02
3.6608E-02
3.6615E-02
3.6621E-02
3.6625E-02
3.6628E-02
3.6630E-02
3.6633E-02
3.6637E-02
3.6641E-02
3.6646E-02
3.6651E-02
3.6657E-02
3.6664E-02
3.6671E-02
3.6678E-02
3.6685E-02
3.6692E-02
3.6701E-02
3.6710E-02
3.6721E-02
3.6732E-02
3.6742E-02
3.6753E-02
3.6762E-02
3.6771E-02
3.6779E-02
3.6788E-02
3.6796E-02
3.6805E-02
3.6813E-02
3.6821E-02
3.6830E-02
3.6839E-02
3.6849E-02
3.6859E-02
3.6870E-02
3.6881E-02
3.6892E-02
3.6902E-02
3.6911E-02
3.6920E-02
3.6927E-02
3.6935E-02
3.6943E-02
3.6950E-02
3.6957E-02
3.6963E-02
3.6968E-02
3.6974E-02
3.6980E-02
3.6986E-02
3.6994E-02
3.7002E-02
3.7010E-02
3.7019E-02
3.7028E-02
3.7037E-02
3.7045E-02
3.7053E-02
3.7059E-02
3.7066E-02
3.7071E-02
3.7077E-02
3.7081E-02
3.7085E-02
3.7090E-02
3.7096E-02
3.7103E-02
3.7110E-02
3.7117E-02
3.7125E-02
3.7132E-02
3.7140E-02
3.7149E-02
3.7157E-02
3.7164E-02
3.7170E-02
3.7176E-02
3.7184E-02
3.7193E-02
3.7202E-02
3.7212E-02
3.7222E-02
3.7232E-02
3.7241E-02
3.7249E-02
3.7257E-02
3.7266E-02
3.7274E-02
3.7283E-02
3.7293E-02
3.7302E-02
3.7311E-02
3.7320E-02
3.7328E-02
3.7336E-02
3.7344E-02
3.7351E-02
3.7359E-02
3.7365E-02
3.7371E-02
3.7378E-02
3.7386E-02
3.7395E-02
3.7405E-02
3.7416E-02
3.7427E-02
3.7438E-02
3.7448E-02
3.7456E-02
3.7463E-02
3.7469E-02
3.7475E-02
3.7482E-02
3.7488E-02
3.7493E-02
3.7497E-02
3.7502E-02
3.7506E-02
3.7511E-02
3.7516E-02
3.7521E-02
3.7526E-02
3.7532E-02
3.7537E-02
3.7543E-02
3.7550E-02
3.7559E-02
3.7569E-02
3.7578E-02
3.7587E-02
3.7595E-02
3.7603E-02
3.7610E-02
3.7617E-02
3.7624E-02
3.7629E-02
3.7634E-02
3.7639E-02
3.7645E-02
3.7651E-02
3.7658E-02
3.7664E-02
3.7672E-02
3.7680E-02
3.7687E-02
3.7693E-02
3.7699E-02
3.7704E-02
3.7711E-02
3.7717E-02
3.7723E-02
3.7730E-02
3.7738E-02
3.7746E-02
3.7756E-02
3.7765E-02
3.7774E-02
3.7782E-02
3.7790E-02
3.7798E-02
3.7805E-02
3.7813E-02
3.7821E-02
3.7829E-02
3.7838E-02
3.7844E-02
3.7848E-02
3.7851E-02
3.7855E-02
3.7860E-02
3.7866E-02
3.7873E-02
3.7881E-02
3.7889E-02
3.7898E-02
3.7906E-02
3.7914E-02
3.7921E-02
3.7928E-02
3.7935E-02
3.7941E-02
3.7948E-02
3.7954E-02
3.7960E-02
3.7966E-02
3.7972E-02
3.7977E-02
3.7983E-02
3.7989E-02
3.7996E-02
3.8003E-02
3.8010E-02
3.8016E-02
3.8022E-02
3.8029E-02
3.8037E-02
3.8044E-02
3.8050E-02
3.8056E-02
3.8061E-02
3.8066E-02
3.8070E-02
3.8074E-02
3.8080E-02
3.8087E-02
3.8094E-02
3.8100E-02
3.8104E-02
3.8108E-02
3.8113E-02
3.8118E-02
3.8124E-02
3.8130E-02
3.8136E-02
3.8143E-02
3.8151E-02
3.8159E-02
3.8167E-02
3.8173E-02
3.8179E-02
3.8185E-02
3.8191E-02
3.8197E-02
3.8203E-02
3.8209E-02
3.8215E-02
3.8220E-02
3.8225E-02
3.8231E-02
3.8238E-02
3.8247E-02
3.8256E-02
3.8265E-02
3.8273E-02
3.8279E-02
3.8285E-02
3.8290E-02
3.8294E-02
3.8298E-02
3.8302E-02
3.8307E-02
3.8313E-02
3.8318E-02
3.8323E-02
3.8328E-02
3.8332E-02
3.8335E-02
3.8339E-02
3.8342E-02
3.8346E-02
3.8351E-02
3.8357E-02
3.8363E-02
3.8371E-02
3.8380E-02
3.8389E-02
3.8398E-02
3.8406E-02
3.8414E-02
3.8422E-02
3.8429E-02
3.8437E-02
3.8445E-02
3.8452E-02
3.8458E-02
3.8465E-02
3.8472E-02
3.8478E-02
3.8483E-02
3.8488E-02
3.8494E-02
3.8500E-02
3.8506E-02
3.8512E-02
3.8518E-02
3.8523E-02
3.8529E-02
3.8537E-02
3.8546E-02
3.8554E-02
3.8563E-02
3.8570E-02
3.8578E-02
3.8584E-02
3.8589E-02
3.8595E-02
3.8600E-02
3.8607E-02
3.8612E-02
3.8617E-02
3.8620E-02
3.8623E-02
3.8627E-02
3.8631E-02
3.8635E-02
3.8638E-02
3.8641E-02
3.8646E-02
3.8652E-02
3.8659E-02
3.8666E-02
3.8673E-02
3.8679E-02
3.8685E-02
3.8690E-02
3.8697E-02
3.8704E-02
3.8711E-02
3.8717E-02
3.8723E-02
3.8728E-02
3.8733E-02
3.8737E-02
3.8742E-02
3.8747E-02
3.8754E-02
3.8762E-02
3.8770E-02
3.8777E-02
3.8783E-02
3.8789E-02
3.8795E-02
3.8801E-02
3.8807E-02
3.8813E-02
3.8818E-02
3.8823E-02
3.8827E-02
3.8832E-02
3.8836E-02
3.8840E-02
3.8843E-02
3.8847E-02
3.8852E-02
3.8856E-02
3.8860E-02
3.8865E-02
3.8870E-02
3.8876E-02
3.8883E-02
3.8891E-02
3.8899E-02
3.8905E-02
3.8911E-02
3.8916E-02
3.8922E-02
3.8929E-02
3.8937E-02
3.8945E-02
3.8951E-02
3.8957E-02
3.8962E-02
3.8966E-02
3.8970E-02
3.8975E-02
3.8982E-02
3.8989E-02
3.8997E-02
3.9003E-02
3.9009E-02
3.9014E-02
3.9019E-02
3.9024E-02
3.9028E-02
3.9033E-02
3.9039E-02
3.9047E-02
3.9055E-02
3.9064E-02
3.9071E-02
3.9076E-02
3.9079E-02
3.9083E-02
3.9088E-02
3.9093E-02
3.9098E-02
3.9103E-02
3.9107E-02
3.9112E-02
3.9117E-02
3.9122E-02
3.9127E-02
3.9131E-02
3.9136E-02
3.9140E-02
3.9145E-02
3.9151E-02
3.9157E-02
3.9163E-02
3.9169E-02
3.9175E-02
3.9181E-02
3.9187E-02
3.9192E-02
3.9196E-02
3.9200E-02
3.9205E-02
3.9210E-02
3.9215E-02
3.9219E-02
3.9222E-02
3.9226E-02
3.9231E-02
3.9237E-02
3.9242E-02
3.9248E-02
3.9253E-02
3.9258E-02
3.9264E-02
3.9269E-02
3.9273E-02
3.9277E-02
3.9280E-02
3.9283E-02
3.9286E-02
3.9290E-02
3.9294E-02
3.9298E-02
3.9303E-02
3.9308E-02
3.9314E-02
3.9321E-02
3.9328E-02
3.9334E-02
3.9340E-02
3.9345E-02
3.9349E-02
3.9355E-02
3.9361E-02
3.9367E-02
3.9373E-02
3.9377E-02
3.9381E-02
3.9385E-02
3.9389E-02
3.9394E-02
3.9398E-02
3.9402E-02
3.9406E-02
3.9409E-02
3.9413E-02
3.9417E-02
3.9422E-02
3.9429E-02
3.9435E-02
3.9441E-02
3.9447E-02
3.9453E-02
3.9459E-02
3.9465E-02
3.9472E-02
3.9478E-02
3.9484E-02
3.9489E-02
3.9495E-02
3.9499E-02
3.9503E-02
3.9507E-02
3.9511E-02
3.9514E-02
3.9518E-02
3.9522E-02
3.9525E-02
3.9529E-02
3.9533E-02
3.9537E-02
3.9541E-02
3.9545E-02
3.9549E-02
3.9554E-02
3.9559E-02
3.9564E-02
3.9570E-02
3.9575E-02
3.9580E-02
3.9585E-02
3.9589E-02
3.9594E-02
3.9599E-02
3.9603E-02
3.9607E-02
3.9611E-02
3.9615E-02
3.9619E-02
3.9624E-02
3.9628E-02
3.9633E-02
3.9637E-02
3.9642E-02
3.9648E-02
3.9654E-02
3.9660E-02
3.9664E-02
3.9669E-02
3.9675E-02
3.9682E-02
3.9689E-02
3.9697E-02
3.9703E-02
3.9708E-02
3.9712E-02
3.9717E-02
3.9721E-02
3.9726E-02
3.9731E-02
3.9737E-02
3.9743E-02
3.9749E-02
3.9754E-02
3.9759E-02
3.9764E-02
3.9769E-02
3.9776E-02
3.9784E-02
3.9792E-02
3.9799E-02
3.9807E-02
3.9813E-02
3.9818E-02
3.9822E-02
3.9825E-02
3.9829E-02
3.9833E-02
3.9838E-02
3.9843E-02
3.9848E-02
3.9853E-02
3.9858E-02
3.9863E-02
3.9868E-02
3.9872E-02
3.9876E-02
3.9880E-02
3.9883E-02
3.9886E-02
3.9890E-02
3.9896E-02
3.9902E-02
3.9909E-02
3.9915E-02
3.9921E-02
3.9926E-02
3.9932E-02
3.9937E-02
3.9943E-02
3.9948E-02
3.9954E-02
3.9959E-02
3.9966E-02
3.9972E-02
3.9978E-02
3.9984E-02
3.9990E-02
3.9995E-02
4.0000E-02
4.0005E-02
4.0010E-02
4.0016E-02
4.0022E-02
4.0026E-02
4.0031E-02
4.0034E-02
4.0038E-02
4.0042E-02
4.0046E-02
4.0050E-02
4.0055E-02
4.0060E-02
4.0065E-02
4.0070E-02
4.0076E-02
4.0083E-02
4.0090E-02
4.0098E-02
4.0106E-02
4.0112E-02
4.0119E-02
4.0126E-02
4.0133E-02
4.0142E-02
4.0149E-02
4.0156E-02
4.0162E-02
4.0168E-02
4.0173E-02
4.0177E-02
4.0181E-02
4.0186E-02
4.0191E-02
4.0197E-02
4.0204E-02
4.0210E-02
4.0217E-02
4.0224E-02
4.0230E-02
4.0236E-02
4.0242E-02
4.0247E-02
4.0252E-02
4.0256E-02
4.0259E-02
4.0262E-02
4.0266E-02
4.0271E-02
4.0277E-02
4.0283E-02
4.0289E-02
4.0295E-02
4.0303E-02
4.0311E-02
4.0319E-02
4.0325E-02
4.0331E-02
4.0336E-02
4.0339E-02
4.0343E-02
4.0346E-02
4.0349E-02
4.0353E-02
4.0357E-02
4.0363E-02
4.0370E-02
4.0378E-02
4.0385E-02
4.0391E-02
4.0397E-02
4.0402E-02
4.0408E-02
4.0415E-02
4.0421E-02
4.0427E-02
4.0431E-02
4.0435E-02
4.0439E-02
4.0443E-02
4.0448E-02
4.0454E-02
4.0461E-02
4.0468E-02
4.0475E-02
4.0481E-02
4.0488E-02
4.0494E-02
4.0501E-02
4.0508E-02
4.0514E-02
4.0521E-02
4.0527E-02
4.0532E-02
4.0536E-02
4.0541E-02
4.0545E-02
4.0550E-02
4.0554E-02
4.0559E-02
4.0564E-02
4.0569E-02
4.0574E-02
4.0580E-02
4.0585E-02
4.0590E-02
4.0596E-02
4.0603E-02
4.0611E-02
4.0618E-02
4.0626E-02
4.0632E-02
4.0638E-02
4.0644E-02
4.0650E-02
4.0656E-02
4.0662E-02
4.0666E-02
4.0670E-02
4.0674E-02
4.0679E-02
4.0683E-02
4.0688E-02
4.0693E-02
4.0697E-02
4.0701E-02
4.0706E-02
4.0711E-02
4.0716E-02
4.0721E-02
4.0726E-02
4.0730E-02
4.0735E-02
4.0741E-02
4.0747E-02
4.0753E-02
4.0759E-02
4.0765E-02
4.0772E-02
4.0778E-02
4.0784E-02
4.0789E-02
4.0795E-02
4.0800E-02
4.0806E-02
4.0813E-02
4.0820E-02
4.0828E-02
4.0837E-02
4.0845E-02
4.0851E-02
4.0856E-02
4.0860E-02
4.0864E-02
4.0868E-02
4.0873E-02
4.0878E-02
4.0884E-02
4.0890E-02
4.0895E-02
4.0901E-02
4.0906E-02
4.0911E-02
4.0917E-02
4.0922E-02
4.0928E-02
4.0934E-02
4.0940E-02
4.0945E-02
4.0950E-02
4.0955E-02
4.0960E-02
4.0965E-02
4.0970E-02
4.0975E-02
4.0979E-02
4.0985E-02
4.0991E-02
4.0998E-02
4.1005E-02
4.1012E-02
4.1019E-02
4.1026E-02
4.1033E-02
4.1039E-02
4.1046E-02
4.1053E-02
4.1060E-02
4.1067E-02
4.1074E-02
4.1080E-02
4.1087E-02
4.1094E-02
4.1100E-02
4.1106E-02
4.1111E-02
4.1116E-02
4.1122E-02
4.1127E-02
4.1131E-02
4.1135E-02
4.1139E-02
4.1144E-02
4.1150E-02
4.1157E-02
4.1164E-02
4.1171E-02
4.1178E-02
4.1185E-02
4.1190E-02
4.1194E-02
4.1199E-02
4.1203E-02
4.1207E-02
4.1213E-02
4.1219E-02
4.1226E-02
4.1233E-02
4.1240E-02
4.1246E-02
4.1253E-02
4.1260E-02
4.1266E-02
4.1272E-02
4.1278E-02
4.1283E-02
4.1287E-02
4.1292E-02
4.1297E-02
4.1303E-02
4.1309E-02
4.1315E-02
4.1322E-02
4.1330E-02
4.1337E-02
4.1344E-02
4.1350E-02
4.1355E-02
4.1360E-02
4.1365E-02
4.1370E-02
4.1374E-02
4.1378E-02
4.1382E-02
4.1387E-02
4.1393E-02
4.1400E-02
4.1407E-02
4.1413E-02
4.1419E-02
4.1424E-02
4.1429E-02
4.1435E-02
4.1441E-02
4.1446E-02
4.1452E-02
4.1457E-02
4.1463E-02
4.1469E-02
4.1477E-02
4.1484E-02
4.1493E-02
4.1501E-02
4.1508E-02
4.1514E-02
4.1519E-02
4.1525E-02
4.1530E-02
4.1536E-02
4.1540E-02
4.1545E-02
4.1551E-02
4.1556E-02
4.1562E-02
4.1568E-02
4.1574E-02
4.1581E-02
4.1589E-02
4.1596E-02
4.1602E-02
4.1609E-02
4.1616E-02
4.1623E-02
4.1631E-02
4.1640E-02
4.1648E-02
4.1656E-02
4.1664E-02
4.1671E-02
4.1677E-02
4.1682E-02
4.1686E-02
4.1691E-02
4.1697E-02
4.1703E-02
4.1710E-02
4.1717E-02
4.1723E-02
4.1730E-02
4.1737E-02
4.1744E-02
4.1750E-02
4.1755E-02
4.1760E-02
4.1765E-02
4.1771E-02
4.1777E-02
4.1784E-02
4.1790E-02
4.1798E-02
4.1805E-02
4.1813E-02
4.1821E-02
4.1828E-02
4.1836E-02
4.1844E-02
4.1852E-02
4.1859E-02
4.1867E-02
4.1874E-02
4.1882E-02
4.1891E-02
4.1899E-02
4.1907E-02
4.1913E-02
4.1920E-02
4.1926E-02
4.1933E-02
4.1939E-02
4.1945E-02
4.1950E-02
4.1954E-02
4.1958E-02
4.1961E-02
4.1965E-02
4.1970E-02
4.1975E-02
4.1981E-02
4.1985E-02
4.1990E-02
4.1993E-02
4.1997E-02
4.2000E-02
4.2003E-02
4.2006E-02
4.2008E-02
4.2009E-02
4.2011E-02
4.2012E-02
4.2014E-02
4.2016E-02
4.2019E-02
4.2021E-02
4.2022E-02
4.2024E-02
4.2025E-02
4.2026E-02
4.2028E-02
4.2029E-02
4.2030E-02
4.2031E-02
4.2033E-02
4.2035E-02
4.2038E-02
4.2042E-02
4.2046E-02
4.2049E-02
4.2052E-02
4.2055E-02
4.2058E-02
4.2060E-02
4.2062E-02
4.2065E-02
4.2067E-02
4.2070E-02
4.2073E-02
4.2076E-02
4.2079E-02
4.2082E-02
4.2087E-02
4.2091E-02
4.2095E-02
4.2099E-02
4.2103E-02
4.2106E-02
4.2110E-02
4.2114E-02
4.2118E-02
4.2124E-02
4.2130E-02
4.2136E-02
4.2141E-02
4.2147E-02
4.2152E-02
4.2158E-02
4.2164E-02
4.2171E-02
4.2180E-02
4.2188E-02
4.2197E-02
4.2206E-02
4.2214E-02
4.2222E-02
4.2229E-02
4.2238E-02
4.2248E-02
4.2260E-02
4.2271E-02
4.2281E-02
4.2291E-02
4.2300E-02
4.2308E-02
4.2315E-02
4.2322E-02
4.2330E-02
4.2339E-02
4.2348E-02
4.2359E-02
4.2369E-02
4.2379E-02
4.2388E-02
4.2397E-02
4.2406E-02
4.2413E-02
4.2420E-02
4.2426E-02
4.2432E-02
4.2439E-02
4.2447E-02
4.2456E-02
4.2465E-02
4.2474E-02
4.2482E-02
4.2489E-02
4.2495E-02
4.2502E-02
4.2508E-02
4.2516E-02
4.2526E-02
4.2536E-02
4.2546E-02
4.2555E-02
4.2564E-02
4.2571E-02
4.2579E-02
4.2587E-02
4.2595E-02
4.2603E-02
4.2612E-02
4.2620E-02
4.2628E-02
4.2636E-02
4.2642E-02
4.2648E-02
4.2652E-02
4.2655E-02
4.2658E-02
4.2662E-02
4.2667E-02
4.2675E-02
4.2684E-02
4.2693E-02
4.2701E-02
4.2707E-02
4.2712E-02
4.2716E-02
4.2720E-02
4.2724E-02
4.2727E-02
4.2729E-02
4.2732E-02
4.2735E-02
4.2737E-02
4.2739E-02
4.2742E-02
4.2744E-02
4.2748E-02
4.2752E-02
4.2756E-02
4.2761E-02
4.2767E-02
4.2771E-02
4.2775E-02
4.2777E-02
4.2779E-02
4.2781E-02
4.2782E-02
4.2784E-02
4.2786E-02
4.2787E-02
4.2787E-02
4.2787E-02
4.2787E-02
4.2788E-02
4.2789E-02
4.2791E-02
4.2795E-02
4.2799E-02
4.2803E-02
4.2807E-02
4.2811E-02
4.2816E-02
4.2821E-02
4.2825E-02
4.2829E-02
4.2832E-02
4.2835E-02
4.2837E-02
4.2839E-02
4.2840E-02
4.2840E-02
4.2839E-02
4.2839E-02
4.2840E-02
4.2841E-02
4.2844E-02
4.2847E-02
4.2850E-02
4.2854E-02
4.2858E-02
4.2863E-02
4.2867E-02
4.2871E-02
4.2876E-02
4.2881E-02
4.2886E-02
4.2891E-02
4.2894E-02
4.2898E-02
4.2901E-02
4.2905E-02
4.2907E-02
4.2909E-02
4.2911E-02
4.2913E-02
4.2915E-02
4.2918E-02
4.2921E-02
4.2924E-02
4.2927E-02
4.2930E-02
4.2935E-02
4.2939E-02
4.2944E-02
4.2949E-02
4.2954E-02
4.2957E-02
4.2961E-02
4.2964E-02
4.2968E-02
4.2972E-02
4.2975E-02
4.2979E-02
4.2982E-02
4.2986E-02
4.2989E-02
4.2994E-02
4.2999E-02
4.3006E-02
4.3012E-02
4.3019E-02
4.3025E-02
4.3031E-02
4.3037E-02
4.3042E-02
4.3048E-02
4.3054E-02
4.3059E-02
4.3064E-02
4.3067E-02
4.3071E-02
4.3075E-02
4.3080E-02
4.3084E-02
4.3089E-02
4.3094E-02
4.3099E-02
4.3104E-02
4.3110E-02
4.3117E-02
4.3124E-02
4.3131E-02
4.3138E-02
4.3145E-02
4.3150E-02
4.3155E-02
4.3160E-02
4.3165E-02
4.3170E-02
4.3176E-02
4.3183E-02
4.3190E-02
4.3198E-02
4.3204E-02
4.3210E-02
4.3216E-02
4.3220E-02
4.3226E-02
4.3231E-02
4.3236E-02
4.3242E-02
4.3249E-02
4.3256E-02
4.3264E-02
4.3273E-02
4.3282E-02
4.3291E-02
4.3298E-02
4.3306E-02
4.3312E-02
4.3318E-02
4.3324E-02
4.3329E-02
4.3335E-02
4.3340E-02
4.3346E-02
4.3350E-02
4.3354E-02
4.3357E-02
4.3361E-02
4.3366E-02
4.3371E-02
4.3377E-02
4.3382E-02
4.3386E-02
4.3390E-02
4.3394E-02
4.3397E-02
4.3401E-02
4.3404E-02
4.3409E-02
4.3414E-02
4.3421E-02
4.3428E-02
4.3436E-02
4.3445E-02
4.3452E-02
4.3458E-02
4.3463E-02
4.3467E-02
4.3470E-02
4.3475E-02
4.3481E-02
4.3487E-02
4.3493E-02
4.3498E-02
4.3501E-02
4.3504E-02
4.3506E-02
4.3509E-02
4.3511E-02
4.3514E-02
4.3517E-02
4.3520E-02
4.3524E-02
4.3528E-02
4.3531E-02
4.3534E-02
4.3538E-02
4.3541E-02
4.3544E-02
4.3547E-02
4.3550E-02
4.3553E-02
4.3556E-02
4.3560E-02
4.3564E-02
4.3568E-02
4.3571E-02
4.3574E-02
4.3577E-02
4.3580E-02
4.3583E-02
4.3585E-02
4.3588E-02
4.3591E-02
4.3596E-02
4.3601E-02
4.3606E-02
4.3611E-02
4.3614E-02
4.3617E-02
4.3621E-02
4.3625E-02
4.3629E-02
4.3632E-02
4.3636E-02
4.3640E-02
4.3645E-02
4.3650E-02
4.3655E-02
4.3660E-02
4.3665E-02
4.3670E-02
4.3675E-02
4.3680E-02
4.3685E-02
4.3691E-02
4.3696E-02
4.3703E-02
4.3709E-02
4.3716E-02
4.3723E-02
4.3730E-02
4.3737E-02
4.3744E-02
4.3752E-02
4.3759E-02
4.3766E-02
4.3773E-02
4.3780E-02
4.3788E-02
4.3795E-02
4.3803E-02
4.3810E-02
4.3816E-02
4.3821E-02
4.3825E-02
4.3828E-02
4.3832E-02
4.3837E-02
4.3843E-02
4.3849E-02
4.3855E-02
4.3861E-02
4.3867E-02
4.3873E-02
4.3880E-02
4.3886E-02
4.3893E-02
4.3900E-02
4.3908E-02
4.3915E-02
4.3922E-02
4.3927E-02
4.3932E-02
4.3936E-02
4.3941E-02
4.3946E-02
4.3950E-02
4.3955E-02
4.3960E-02
4.3966E-02
4.3972E-02
4.3978E-02
4.3985E-02
4.3993E-02
4.4001E-02
4.4008E-02
4.4016E-02
4.4023E-02
4.4030E-02
4.4035E-02
4.4039E-02
4.4042E-02
4.4045E-02
4.4049E-02
4.4054E-02
4.4061E-02
4.4068E-02
4.4074E-02
4.4078E-02
4.4082E-02
4.4085E-02
4.4089E-02
4.4094E-02
4.4099E-02
4.4104E-02
4.4109E-02
4.4113E-02
4.4118E-02
4.4123E-02
4.4128E-02
4.4134E-02
4.4139E-02
4.4143E-02
4.4147E-02
4.4151E-02
4.4156E-02
4.4161E-02
4.4166E-02
4.4172E-02
4.4178E-02
4.4184E-02
4.4189E-02
4.4194E-02
4.4199E-02
4.4202E-02
4.4206E-02
4.4210E-02
4.4214E-02
4.4218E-02
4.4221E-02
4.4224E-02
4.4227E-02
4.4230E-02
4.4233E-02
4.4237E-02
4.4240E-02
4.4243E-02
4.4246E-02
4.4248E-02
4.4251E-02
4.4254E-02
4.4258E-02
4.4263E-02
4.4267E-02
4.4270E-02
4.4273E-02
4.4276E-02
4.4279E-02
4.4283E-02
4.4286E-02
4.4289E-02
4.4292E-02
4.4293E-02
4.4295E-02
4.4297E-02
4.4299E-02
4.4302E-02
4.4307E-02
4.4312E-02
4.4317E-02
4.4322E-02
4.4327E-02
4.4334E-02
4.4341E-02
4.4349E-02
4.4357E-02
4.4362E-02
4.4367E-02
4.4372E-02
4.4376E-02
4.4380E-02
4.4383E-02
4.4385E-02
4.4388E-02
4.4391E-02
4.4395E-02
4.4399E-02
4.4404E-02
4.4409E-02
4.4414E-02
4.4419E-02
4.4423E-02
4.4427E-02
4.4431E-02
4.4436E-02
4.4441E-02
4.4445E-02
4.4448E-02
4.4451E-02
4.4454E-02
4.4457E-02
4.4460E-02
4.4464E-02
4.4469E-02
4.4474E-02
4.4479E-02
4.4484E-02
4.4488E-02
4.4493E-02
4.4497E-02
4.4502E-02
4.4508E-02
4.4513E-02
4.4517E-02
4.4521E-02
4.4525E-02
4.4529E-02
4.4533E-02
4.4537E-02
4.4542E-02
4.4547E-02
4.4552E-02
4.4557E-02
4.4562E-02
4.4567E-02
4.4573E-02
4.4578E-02
4.4583E-02
4.4588E-02
4.4593E-02
4.4597E-02
4.4602E-02
4.4607E-02
4.4612E-02
4.4618E-02
4.4624E-02
4.4630E-02
4.4636E-02
4.4640E-02
4.4643E-02
4.4647E-02
4.4652E-02
4.4658E-02
4.4664E-02
4.4671E-02
4.4678E-02
4.4684E-02
4.4689E-02
4.4696E-02
4.4703E-02
4.4711E-02
4.4718E-02
4.4725E-02
4.4731E-02
4.4737E-02
4.4742E-02
4.4747E-02
4.4752E-02
4.4757E-02
4.4761E-02
4.4765E-02
4.4770E-02
4.4775E-02
4.4781E-02
4.4787E-02
4.4793E-02
4.4798E-02
4.4803E-02
4.4809E-02
4.4815E-02
4.4820E-02
4.4825E-02
4.4829E-02
4.4833E-02
4.4836E-02
4.4839E-02
4.4843E-02
4.4846E-02
4.4850E-02
4.4853E-02
4.4857E-02
4.4861E-02
4.4865E-02
4.4870E-02
4.4874E-02
4.4877E-02
4.4881E-02
4.4885E-02
4.4889E-02
4.4894E-02
4.4899E-02
4.4905E-02
4.4910E-02
4.4915E-02
4.4920E-02
4.4923E-02
4.4926E-02
4.4929E-02
4.4932E-02
4.4937E-02
4.4941E-02
4.4945E-02
4.4949E-02
4.4953E-02
4.4957E-02
4.4962E-02
4.4967E-02
4.4971E-02
4.4975E-02
4.4978E-02
4.4981E-02
4.4984E-02
4.4987E-02
4.4990E-02
4.4994E-02
4.4998E-02
4.5002E-02
4.5006E-02
4.5009E-02
4.5012E-02
4.5014E-02
4.5017E-02
4.5020E-02
4.5024E-02
4.5028E-02
4.5033E-02
4.5038E-02
4.5043E-02
4.5048E-02
4.5053E-02
4.5056E-02
4.5059E-02
4.5062E-02
4.5064E-02
4.5066E-02
4.5069E-02
4.5073E-02
4.5077E-02
4.5081E-02
4.5086E-02
4.5091E-02
4.5096E-02
4.5100E-02
4.5104E-02
4.5109E-02
4.5114E-02
4.5119E-02
4.5123E-02
4.5127E-02
4.5130E-02
4.5132E-02
4.5135E-02
4.5137E-02
4.5139E-02
4.5141E-02
4.5143E-02
4.5146E-02
4.5149E-02
4.5152E-02
4.5155E-02
4.5158E-02
4.5160E-02
4.5163E-02
4.5166E-02
4.5169E-02
4.5173E-02
4.5176E-02
4.5180E-02
4.5183E-02
4.5186E-02
4.5190E-02
4.5195E-02
4.5201E-02
4.5207E-02
4.5213E-02
4.5219E-02
4.5224E-02
4.5230E-02
4.5235E-02
4.5239E-02
4.5242E-02
4.5245E-02
4.5247E-02
4.5250E-02
4.5252E-02
4.5253E-02
4.5255E-02
4.5258E-02
4.5260E-02
4.5264E-02
4.5267E-02
4.5271E-02
4.5276E-02
4.5280E-02
4.5285E-02
4.5289E-02
4.5292E-02
4.5294E-02
4.5298E-02
4.5302E-02
4.5307E-02
4.5313E-02
4.5318E-02
4.5324E-02
4.5328E-02
4.5332E-02
4.5335E-02
4.5339E-02
4.5344E-02
4.5349E-02
4.5355E-02
4.5361E-02
4.5368E-02
4.5376E-02
4.5384E-02
4.5390E-02
4.5396E-02
4.5401E-02
4.5405E-02
4.5409E-02
4.5412E-02
4.5416E-02
4.5419E-02
4.5423E-02
4.5426E-02
4.5430E-02
4.5433E-02
4.5437E-02
4.5440E-02
4.5444E-02
4.5448E-02
4.5452E-02
4.5456E-02
4.5460E-02
4.5465E-02
4.5470E-02
4.5475E-02
4.5480E-02
4.5485E-02
4.5490E-02
4.5495E-02
4.5500E-02
4.5505E-02
4.5510E-02
4.5515E-02
4.5520E-02
4.5525E-02
4.5530E-02
4.5536E-02
4.5543E-02
4.5549E-02
4.5555E-02
4.5561E-02
4.5566E-02
4.5572E-02
4.5577E-02
4.5583E-02
4.5589E-02
4.5595E-02
4.5600E-02
4.5604E-02
4.5607E-02
4.5611E-02
4.5615E-02
4.5620E-02
4.5625E-02
4.5631E-02
4.5636E-02
4.5640E-02
4.5645E-02
4.5649E-02
4.5652E-02
4.5656E-02
4.5662E-02
4.5668E-02
4.5676E-02
4.5684E-02
4.5692E-02
4.5699E-02
4.5707E-02
4.5714E-02
4.5721E-02
4.5727E-02
4.5732E-02
4.5737E-02
4.5741E-02
4.5745E-02
4.5749E-02
4.5753E-02
4.5758E-02
4.5762E-02
4.5766E-02
4.5770E-02
4.5774E-02
4.5779E-02
4.5783E-02
4.5788E-02
4.5792E-02
4.5796E-02
4.5799E-02
4.5803E-02
4.5807E-02
4.5812E-02
4.5817E-02
4.5822E-02
4.5826E-02
4.5830E-02
4.5834E-02
4.5837E-02
4.5840E-02
4.5843E-02
4.5847E-02
4.5851E-02
4.5857E-02
4.5864E-02
4.5871E-02
4.5877E-02
4.5881E-02
4.5885E-02
4.5888E-02
4.5892E-02
4.5896E-02
4.5900E-02
4.5904E-02
4.5907E-02
4.5910E-02
4.5913E-02
4.5916E-02
4.5919E-02
4.5922E-02
4.5926E-02
4.5930E-02
4.5934E-02
4.5939E-02
4.5945E-02
4.5950E-02
4.5955E-02
4.5961E-02
4.5967E-02
4.5974E-02
4.5979E-02
4.5984E-02
4.5987E-02
4.5990E-02
4.5993E-02
4.5996E-02
4.5998E-02
4.6001E-02
4.6003E-02
4.6006E-02
4.6011E-02
4.6016E-02
4.6020E-02
4.6024E-02
4.6027E-02
4.6030E-02
4.6033E-02
4.6037E-02
4.6041E-02
4.6046E-02
4.6050E-02
4.6054E-02
4.6058E-02
4.6062E-02
4.6067E-02
4.6071E-02
4.6076E-02
4.6080E-02
4.6085E-02
4.6090E-02
4.6094E-02
4.6099E-02
4.6103E-02
4.6106E-02
4.6109E-02
4.6111E-02
4.6113E-02
4.6115E-02
4.6117E-02
4.6120E-02
4.6124E-02
4.6128E-02
4.6133E-02
4.6138E-02
4.6142E-02
4.6145E-02
4.6148E-02
4.6152E-02
4.6156E-02
4.6161E-02
4.6166E-02
4.6170E-02
4.6174E-02
4.6178E-02
4.6182E-02
4.6187E-02
4.6193E-02
4.6199E-02
4.6204E-02
4.6210E-02
4.6215E-02
4.6222E-02
4.6228E-02
4.6234E-02
4.6239E-02
4.6244E-02
4.6248E-02
4.6250E-02
4.6252E-02
4.6254E-02
4.6257E-02
4.6261E-02
4.6265E-02
4.6270E-02
4.6275E-02
4.6280E-02
4.6284E-02
4.6289E-02
4.6294E-02
4.6299E-02
4.6304E-02
4.6309E-02
4.6314E-02
4.6318E-02
4.6322E-02
4.6326E-02
4.6330E-02
4.6334E-02
4.6337E-02
4.6340E-02
4.6345E-02
4.6350E-02
4.6355E-02
4.6359E-02
4.6362E-02
4.6365E-02
4.6368E-02
4.6372E-02
4.6377E-02
4.6383E-02
4.6389E-02
4.6395E-02
4.6401E-02
4.6407E-02
4.6411E-02
4.6415E-02
4.6418E-02
4.6422E-02
4.6425E-02
4.6430E-02
4.6434E-02
4.6439E-02
4.6443E-02
4.6447E-02
4.6452E-02
4.6456E-02
4.6461E-02
4.6466E-02
4.6470E-02
4.6472E-02
4.6475E-02
4.6478E-02
4.6481E-02
4.6485E-02
4.6489E-02
4.6493E-02
4.6498E-02
4.6504E-02
4.6509E-02
4.6515E-02
4.6520E-02
4.6525E-02
4.6530E-02
4.6535E-02
4.6539E-02
4.6543E-02
4.6547E-02
4.6550E-02
4.6554E-02
4.6559E-02
4.6564E-02
4.6569E-02
4.6575E-02
4.6580E-02
4.6586E-02
4.6592E-02
4.6598E-02
4.6604E-02
4.6610E-02
4.6615E-02
4.6621E-02
4.6626E-02
4.6631E-02
4.6636E-02
4.6642E-02
4.6648E-02
4.6655E-02
4.6661E-02
4.6667E-02
4.6672E-02
4.6677E-02
4.6683E-02
4.6689E-02
4.6694E-02
4.6698E-02
4.6701E-02
4.6704E-02
4.6706E-02
4.6707E-02
4.6710E-02
4.6713E-02
4.6719E-02
4.6725E-02
4.6732E-02
4.6738E-02
4.6744E-02
4.6750E-02
4.6756E-02
4.6762E-02
4.6768E-02
4.6773E-02
4.6777E-02
4.6781E-02
4.6784E-02
4.6787E-02
4.6791E-02
4.6794E-02
4.6798E-02
4.6803E-02
4.6809E-02
4.6815E-02
4.6822E-02
4.6828E-02
4.6835E-02
4.6841E-02
4.6847E-02
4.6853E-02
4.6858E-02
4.6863E-02
4.6868E-02
4.6873E-02
4.6878E-02
4.6883E-02
4.6888E-02
4.6893E-02
4.6897E-02
4.6902E-02
4.6908E-02
4.6913E-02
4.6917E-02
4.6920E-02
4.6924E-02
4.6928E-02
4.6934E-02
4.6941E-02
4.6947E-02
4.6953E-02
4.6957E-02
4.6962E-02
4.6967E-02
4.6971E-02
4.6976E-02
4.6980E-02
4.6984E-02
4.6987E-02
4.6990E-02
4.6994E-02
4.6998E-02
4.7003E-02
4.7008E-02
4.7013E-02
4.7018E-02
4.7022E-02
4.7026E-02
4.7031E-02
4.7037E-02
4.7043E-02
4.7049E-02
4.7054E-02
4.7059E-02
4.7064E-02
4.7069E-02
4.7074E-02
4.7078E-02
4.7082E-02
4.7086E-02
4.7090E-02
4.7095E-02
4.7099E-02
4.7104E-02
4.7109E-02
4.7114E-02
4.7118E-02
4.7120E-02
4.7122E-02
4.7124E-02
4.7128E-02
4.7133E-02
4.7138E-02
4.7143E-02
4.7147E-02
4.7151E-02
4.7156E-02
4.7160E-02
4.7163E-02
4.7167E-02
4.7170E-02
4.7173E-02
4.7175E-02
4.7177E-02
4.7178E-02
4.7180E-02
4.7183E-02
4.7187E-02
4.7191E-02
4.7196E-02
4.7200E-02
4.7205E-02
4.7210E-02
4.7215E-02
4.7219E-02
4.7223E-02
4.7226E-02
4.7229E-02
4.7232E-02
4.7235E-02
4.7239E-02
4.7244E-02
4.7249E-02
4.7255E-02
4.7261E-02
4.7266E-02
4.7271E-02
4.7275E-02
4.7278E-02
4.7280E-02
4.7282E-02
4.7285E-02
4.7289E-02
4.7292E-02
4.7296E-02
4.7299E-02
4.7303E-02
4.7308E-02
4.7313E-02
4.7316E-02
4.7318E-02
4.7320E-02
4.7322E-02
4.7325E-02
4.7328E-02
4.7332E-02
4.7335E-02
4.7339E-02
4.7342E-02
4.7345E-02
4.7347E-02
4.7350E-02
4.7352E-02
4.7354E-02
4.7356E-02
4.7358E-02
4.7361E-02
4.7366E-02
4.7371E-02
4.7376E-02
4.7380E-02
4.7383E-02
4.7387E-02
4.7390E-02
4.7394E-02
4.7397E-02
4.7400E-02
4.7403E-02
4.7407E-02
4.7411E-02
4.7416E-02
4.7422E-02
4.7428E-02
4.7433E-02
4.7437E-02
4.7440E-02
4.7442E-02
4.7445E-02
4.7449E-02
4.7453E-02
4.7456E-02
4.7460E-02
4.7463E-02
4.7467E-02
4.7470E-02
4.7475E-02
4.7479E-02
4.7483E-02
4.7486E-02
4.7490E-02
4.7493E-02
4.7497E-02
4.7500E-02
4.7503E-02
4.7505E-02
4.7507E-02
4.7511E-02
4.7514E-02
4.7518E-02
4.7522E-02
4.7526E-02
4.7531E-02
4.7536E-02
4.7541E-02
4.7546E-02
4.7550E-02
4.7555E-02
4.7558E-02
4.7561E-02
4.7564E-02
4.7567E-02
4.7570E-02
4.7574E-02
4.7579E-02
4.7583E-02
4.7585E-02
4.7588E-02
4.7591E-02
4.7594E-02
4.7599E-02
4.7603E-02
4.7608E-02
4.7612E-02
4.7615E-02
4.7618E-02
4.7620E-02
4.7622E-02
4.7625E-02
4.7630E-02
4.7635E-02
4.7641E-02
4.7647E-02
4.7653E-02
4.7658E-02
4.7662E-02
4.7666E-02
4.7670E-02
4.7674E-02
4.7677E-02
4.7679E-02
4.7682E-02
4.7685E-02
4.7689E-02
4.7694E-02
4.7700E-02
4.7705E-02
4.7709E-02
4.7714E-02
4.7718E-02
4.7722E-02
4.7726E-02
4.7731E-02
4.7736E-02
4.7741E-02
4.7747E-02
4.7753E-02
4.7758E-02
4.7763E-02
4.7767E-02
4.7770E-02
4.7771E-02
4.7773E-02
4.7775E-02
4.7778E-02
4.7781E-02
4.7784E-02
4.7787E-02
4.7790E-02
4.7793E-02
4.7797E-02
4.7801E-02
4.7807E-02
4.7812E-02
4.7816E-02
4.7819E-02
4.7822E-02
4.7825E-02
4.7828E-02
4.7830E-02
4.7832E-02
4.7834E-02
4.7836E-02
4.7838E-02
4.7842E-02
4.7847E-02
4.7851E-02
4.7855E-02
4.7859E-02
4.7862E-02
4.7866E-02
4.7870E-02
4.7874E-02
4.7877E-02
4.7880E-02
4.7882E-02
4.7884E-02
4.7886E-02
4.7887E-02
4.7889E-02
4.7891E-02
4.7894E-02
4.7897E-02
4.7901E-02
4.7904E-02
4.7908E-02
4.7912E-02
4.7916E-02
4.7919E-02
4.7923E-02
4.7927E-02
4.7931E-02
4.7935E-02
4.7938E-02
4.7940E-02
4.7943E-02
4.7945E-02
4.7947E-02
4.7950E-02
4.7952E-02
4.7955E-02
4.7958E-02
4.7962E-02
4.7965E-02
4.7969E-02
4.7972E-02
4.7975E-02
4.7978E-02
4.7982E-02
4.7986E-02
4.7991E-02
4.7996E-02
4.8001E-02
4.8005E-02
4.8008E-02
4.8010E-02
4.8012E-02
4.8014E-02
4.8017E-02
4.8019E-02
4.8022E-02
4.8026E-02
4.8031E-02
4.8036E-02
4.8042E-02
4.8047E-02
4.8053E-02
4.8057E-02
4.8062E-02
4.8066E-02
4.8070E-02
4.8073E-02
4.8075E-02
4.8077E-02
4.8078E-02
4.8080E-02
4.8082E-02
4.8084E-02
4.8088E-02
4.8091E-02
4.8095E-02
4.8098E-02
4.8102E-02
4.8107E-02
4.8111E-02
4.8115E-02
4.8118E-02
4.8121E-02
4.8125E-02
4.8129E-02
4.8134E-02
4.8138E-02
4.8142E-02
4.8145E-02
4.8149E-02
4.8153E-02
4.8158E-02
4.8162E-02
4.8166E-02
4.8169E-02
4.8172E-02
4.8175E-02
4.8179E-02
4.8185E-02
4.8191E-02
4.8198E-02
4.8204E-02
4.8209E-02
4.8214E-02
4.8218E-02
4.8221E-02
4.8222E-02
4.8224E-02
4.8225E-02
4.8226E-02
4.8228E-02
4.8231E-02
4.8235E-02
4.8238E-02
4.8241E-02
4.8245E-02
4.8249E-02
4.8254E-02
4.8258E-02
4.8263E-02
4.8268E-02
4.8273E-02
4.8278E-02
4.8282E-02
4.8286E-02
4.8289E-02
4.8292E-02
4.8296E-02
4.8301E-02
4.8305E-02
4.8309E-02
4.8313E-02
4.8316E-02
4.8319E-02
4.8322E-02
4.8325E-02
4.8328E-02
4.8332E-02
4.8336E-02
4.8340E-02
4.8345E-02
4.8349E-02
4.8354E-02
4.8359E-02
4.8364E-02
4.8370E-02
4.8376E-02
4.8382E-02
4.8387E-02
4.8392E-02
4.8395E-02
4.8397E-02
4.8399E-02
4.8400E-02
4.8400E-02
4.8401E-02
4.8402E-02
4.8405E-02
4.8409E-02
4.8413E-02
4.8417E-02
4.8422E-02
4.8426E-02
4.8430E-02
4.8434E-02
4.8438E-02
4.8442E-02
4.8447E-02
4.8452E-02
4.8456E-02
4.8459E-02
4.8462E-02
4.8465E-02
4.8469E-02
4.8474E-02
4.8479E-02
4.8484E-02
4.8488E-02
4.8491E-02
4.8494E-02
4.8498E-02
4.8502E-02
4.8505E-02
4.8509E-02
4.8512E-02
4.8515E-02
4.8518E-02
4.8522E-02
4.8525E-02
4.8529E-02
4.8533E-02
4.8536E-02
4.8539E-02
4.8543E-02
4.8546E-02
4.8550E-02
4.8554E-02
4.8559E-02
4.8564E-02
4.8569E-02
4.8573E-02
4.8577E-02
4.8580E-02
4.8584E-02
4.8587E-02
4.8590E-02
4.8592E-02
4.8596E-02
4.8599E-02
4.8604E-02
4.8608E-02
4.8612E-02
4.8616E-02
4.8620E-02
4.8625E-02
4.8629E-02
4.8633E-02
4.8637E-02
4.8640E-02
4.8644E-02
4.8649E-02
4.8653E-02
4.8657E-02
4.8660E-02
4.8663E-02
4.8666E-02
4.8670E-02
4.8675E-02
4.8680E-02
4.8683E-02
4.8686E-02
4.8689E-02
4.8692E-02
4.8696E-02
4.8701E-02
4.8706E-02
4.8711E-02
4.8716E-02
4.8722E-02
4.8727E-02
4.8732E-02
4.8737E-02
4.8741E-02
4.8746E-02
4.8749E-02
4.8753E-02
4.8756E-02
4.8759E-02
4.8762E-02
4.8765E-02
4.8768E-02
4.8770E-02
4.8772E-02
4.8775E-02
4.8778E-02
4.8783E-02
4.8787E-02
4.8793E-02
4.8798E-02
4.8802E-02
4.8806E-02
4.8809E-02
4.8811E-02
4.8813E-02
4.8816E-02
4.8819E-02
4.8824E-02
4.8828E-02
4.8832E-02
4.8835E-02
4.8838E-02
4.8841E-02
4.8844E-02
4.8848E-02
4.8851E-02
4.8853E-02
4.8856E-02
4.8859E-02
4.8863E-02
4.8868E-02
4.8873E-02
4.8877E-02
4.8881E-02
4.8885E-02
4.8891E-02
4.8896E-02
4.8902E-02
4.8907E-02
4.8911E-02
4.8915E-02
4.8918E-02
4.8921E-02
4.8925E-02
4.8929E-02
4.8934E-02
4.8938E-02
4.8943E-02
4.8947E-02
4.8951E-02
4.8956E-02
4.8960E-02
4.8963E-02
4.8966E-02
4.8968E-02
4.8971E-02
4.8974E-02
4.8977E-02
4.8981E-02
4.8985E-02
4.8989E-02
4.8992E-02
4.8995E-02
4.8997E-02
4.8999E-02
4.9001E-02
4.9003E-02
4.9006E-02
4.9010E-02
4.9015E-02
4.9020E-02
4.9024E-02
4.9028E-02
4.9032E-02
4.9035E-02
4.9038E-02
4.9041E-02
4.9043E-02
4.9046E-02
4.9049E-02
4.9053E-02
4.9057E-02
4.9061E-02
4.9066E-02
4.9071E-02
4.9075E-02
4.9079E-02
4.9082E-02
4.9085E-02
4.9086E-02
4.9087E-02
4.9087E-02
4.9088E-02
4.9091E-02
4.9095E-02
4.9100E-02
4.9105E-02
4.9109E-02
4.9112E-02
4.9116E-02
4.9121E-02
4.9125E-02
4.9126E-02
4.9126E-02
4.9124E-02
4.9122E-02
4.9121E-02
4.9121E-02
4.9124E-02
4.9131E-02
4.9136E-02
4.9134E-02
4.9121E-02
4.9100E-02
4.9077E-02
4.9054E-02