7.0010E+03
1.0000E-02
0.0000E+00
-2.8917E-09
-1.0466E-08
-2.1622E-08
-3.6350E-08
-5.4668E-08
-7.6571E-08
-1.0203E-07
-1.3107E-07
-1.6371E-07
-1.9993E-07
-2.3976E-07
-2.8313E-07
-3.3006E-07
-3.8058E-07
-4.3472E-07
-4.9256E-07
-5.5408E-07
-6.1924E-07
-6.8798E-07
-7.6026E-07
-8.3612E-07
-9.1557E-07
-9.9854E-07
-1.0851E-06
-1.1752E-06
-1.2688E-06
-1.3661E-06
-1.4670E-06
-1.5715E-06
-1.6797E-06
-1.7913E-06
-1.9065E-06
-2.0253E-06
-2.1476E-06
-2.2735E-06
-2.4030E-06
-2.5360E-06
-2.6727E-06
-2.8129E-06
-2.9566E-06
-3.1038E-06
-3.2546E-06
-3.4089E-06
-3.5667E-06
-3.7281E-06
-3.8930E-06
-4.0615E-06
-4.2336E-06
-4.4092E-06
-4.5883E-06
-4.7708E-06
-4.9570E-06
-5.1467E-06
-5.3400E-06
-5.5369E-06
-5.7375E-06
-5.9416E-06
-6.1494E-06
-6.3607E-06
-6.5755E-06
-6.7939E-06
-7.0157E-06
-7.2411E-06
-7.4701E-06
-7.7027E-06
-7.9388E-06
-8.1785E-06
-8.4218E-06
-8.6687E-06
-8.9192E-06
-9.1732E-06
-9.4308E-06
-9.6920E-06
-9.9567E-06
-1.0225E-05
-1.0497E-05
-1.0773E-05
-1.1052E-05
-1.1335E-05
-1.1621E-05
-1.1911E-05
-1.2204E-05
-1.2501E-05
-1.2802E-05
-1.3106E-05
-1.3414E-05
-1.3725E-05
-1.4040E-05
-1.4358E-05
-1.4680E-05
-1.5005E-05
-1.5334E-05
-1.5666E-05
-1.6002E-05
-1.6341E-05
-1.6684E-05
-1.7030E-05
-1.7380E-05
-1.7734E-05
-1.8090E-05
-1.8451E-05
-1.8815E-05
-1.9182E-05
-1.9553E-05
-1.9928E-05
-2.0306E-05
-2.0688E-05
-2.1073E-05
-2.1461E-05
-2.1854E-05
-2.2249E-05
-2.2649E-05
-2.3052E-05
-2.3458E-05
-2.3868E-05
-2.4282E-05
-2.4699E-05
-2.5119E-05
-2.5543E-05
-2.5971E-05
-2.6402E-05
-2.6836E-05
-2.7274E-05
-2.7716E-05
-2.8161E-05
-2.8609E-05
-2.9061E-05
-2.9517E-05
-2.9976E-05
-3.0439E-05
-3.0905E-05
-3.1375E-05
-3.1848E-05
-3.2325E-05
-3.2805E-05
-3.3289E-05
-3.3777E-05
-3.4268E-05
-3.4763E-05
-3.5261E-05
-3.5763E-05
-3.6268E-05
-3.6777E-05
-3.7289E-05
-3.7805E-05
-3.8325E-05
-3.8848E-05
-3.9375E-05
-3.9905E-05
-4.0438E-05
-4.0975E-05
-4.1516E-05
-4.2060E-05
-4.2608E-05
-4.3159E-05
-4.3714E-05
-4.4272E-05
-4.4834E-05
-4.5400E-05
-4.5969E-05
-4.6541E-05
-4.7117E-05
-4.7697E-05
-4.8280E-05
-4.8866E-05
-4.9456E-05
-5.0050E-05
-5.0647E-05
-5.1247E-05
-5.1852E-05
-5.2460E-05
-5.3071E-05
-5.3686E-05
-5.4304E-05
-5.4926E-05
-5.5551E-05
-5.6180E-05
-5.6812E-05
-5.7448E-05
-5.8088E-05
-5.8731E-05
-5.9377E-05
-6.0027E-05
-6.0681E-05
-6.1339E-05
-6.2001E-05
-6.2667E-05
-6.3339E-05
-6.4015E-05
-6.4696E-05
-6.5380E-05
-6.6068E-05
-6.6760E-05
-6.7457E-05
-6.8162E-05
-6.8872E-05
-6.9588E-05
-7.0305E-05
-7.1024E-05
-7.1744E-05
-7.2466E-05
-7.3194E-05
-7.3927E-05
-7.4662E-05
-7.5401E-05
-7.6146E-05
-7.6899E-05
-7.7655E-05
-7.8412E-05
-7.9171E-05
-7.9935E-05
-8.0706E-05
-8.1483E-05
-8.2268E-05
-8.3066E-05
-8.3880E-05
-8.4709E-05
-8.5554E-05
-8.6414E-05
-8.7288E-05
-8.8180E-05
-8.9092E-05
-9.0029E-05
-9.0994E-05
-9.1998E-05
-9.3047E-05
-9.4136E-05
-9.5233E-05
-9.6305E-05
-9.7342E-05
-9.8356E-05
-9.9360E-05
-1.0035E-04
-1.0134E-04
-1.0234E-04
-1.0335E-04
-1.0435E-04
-1.0528E-04
-1.0614E-04
-1.0695E-04
-1.0769E-04
-1.0834E-04
-1.0899E-04
-1.0973E-04
-1.1057E-04
-1.1144E-04
-1.1232E-04
-1.1325E-04
-1.1423E-04
-1.1520E-04
-1.1613E-04
-1.1702E-04
-1.1789E-04
-1.1877E-04
-1.1971E-04
-1.2075E-04
-1.2183E-04
-1.2287E-04
-1.2385E-04
-1.2481E-04
-1.2574E-04
-1.2657E-04
-1.2727E-04
-1.2794E-04
-1.2872E-04
-1.2968E-04
-1.3067E-04
-1.3156E-04
-1.3235E-04
-1.3313E-04
-1.3392E-04
-1.3466E-04
-1.3533E-04
-1.3591E-04
-1.3645E-04
-1.3707E-04
-1.3785E-04
-1.3875E-04
-1.3967E-04
-1.4056E-04
-1.4140E-04
-1.4209E-04
-1.4253E-04
-1.4288E-04
-1.4340E-04
-1.4423E-04
-1.4536E-04
-1.4667E-04
-1.4795E-04
-1.4914E-04
-1.5032E-04
-1.5150E-04
-1.5258E-04
-1.5353E-04
-1.5440E-04
-1.5534E-04
-1.5649E-04
-1.5787E-04
-1.5931E-04
-1.6074E-04
-1.6216E-04
-1.6345E-04
-1.6448E-04
-1.6531E-04
-1.6612E-04
-1.6712E-04
-1.6833E-04
-1.6969E-04
-1.7117E-04
-1.7271E-04
-1.7418E-04
-1.7535E-04
-1.7610E-04
-1.7663E-04
-1.7724E-04
-1.7794E-04
-1.7853E-04
-1.7905E-04
-1.7980E-04
-1.8105E-04
-1.8272E-04
-1.8444E-04
-1.8584E-04
-1.8703E-04
-1.8838E-04
-1.8992E-04
-1.9127E-04
-1.9234E-04
-1.9345E-04
-1.9491E-04
-1.9679E-04
-1.9886E-04
-2.0075E-04
-2.0217E-04
-2.0295E-04
-2.0302E-04
-2.0279E-04
-2.0294E-04
-2.0387E-04
-2.0544E-04
-2.0735E-04
-2.0926E-04
-2.1088E-04
-2.1213E-04
-2.1301E-04
-2.1349E-04
-2.1371E-04
-2.1394E-04
-2.1449E-04
-2.1567E-04
-2.1749E-04
-2.1959E-04
-2.2153E-04
-2.2306E-04
-2.2431E-04
-2.2546E-04
-2.2657E-04
-2.2773E-04
-2.2892E-04
-2.2996E-04
-2.3087E-04
-2.3219E-04
-2.3440E-04
-2.3740E-04
-2.4064E-04
-2.4360E-04
-2.4616E-04
-2.4835E-04
-2.5002E-04
-2.5102E-04
-2.5155E-04
-2.5202E-04
-2.5267E-04
-2.5351E-04
-2.5462E-04
-2.5617E-04
-2.5813E-04
-2.6019E-04
-2.6203E-04
-2.6363E-04
-2.6525E-04
-2.6716E-04
-2.6943E-04
-2.7204E-04
-2.7477E-04
-2.7729E-04
-2.7927E-04
-2.8069E-04
-2.8190E-04
-2.8314E-04
-2.8434E-04
-2.8557E-04
-2.8701E-04
-2.8883E-04
-2.9109E-04
-2.9353E-04
-2.9570E-04
-2.9741E-04
-2.9898E-04
-3.0068E-04
-3.0215E-04
-3.0288E-04
-3.0272E-04
-3.0191E-04
-3.0103E-04
-3.0056E-04
-3.0062E-04
-3.0138E-04
-3.0306E-04
-3.0562E-04
-3.0861E-04
-3.1160E-04
-3.1482E-04
-3.1867E-04
-3.2294E-04
-3.2679E-04
-3.2949E-04
-3.3147E-04
-3.3366E-04
-3.3595E-04
-3.3687E-04
-3.3567E-04
-3.3339E-04
-3.3153E-04
-3.3067E-04
-3.3012E-04
-3.2965E-04
-3.3063E-04
-3.3427E-04
-3.3989E-04
-3.4573E-04
-3.5090E-04
-3.5534E-04
-3.5853E-04
-3.5945E-04
-3.5769E-04
-3.5468E-04
-3.5258E-04
-3.5176E-04
-3.5149E-04
-3.5155E-04
-3.5318E-04
-3.5741E-04
-3.6253E-04
-3.6630E-04
-3.6849E-04
-3.7030E-04
-3.7201E-04
-3.7222E-04
-3.7012E-04
-3.6604E-04
-3.6113E-04
-3.5675E-04
-3.5325E-04
-3.5116E-04
-3.5217E-04
-3.5746E-04
-3.6660E-04
-3.7769E-04
-3.8852E-04
-3.9803E-04
-4.0449E-04
-4.0573E-04
-4.0292E-04
-4.0015E-04
-3.9975E-04
-4.0051E-04
-4.0162E-04
-4.0480E-04
-4.1077E-04
-4.1636E-04
-4.1822E-04
-4.1772E-04
-4.1878E-04
-4.2236E-04
-4.2586E-04
-4.2735E-04
-4.2808E-04
-4.2949E-04
-4.3000E-04
-4.2814E-04
-4.2606E-04
-4.2784E-04
-4.3589E-04
-4.4828E-04
-4.6075E-04
-4.7040E-04
-4.7512E-04
-4.7314E-04
-4.6431E-04
-4.5167E-04
-4.4135E-04
-4.3786E-04
-4.4167E-04
-4.5108E-04
-4.6341E-04
-4.7522E-04
-4.8353E-04
-4.8739E-04
-4.8790E-04
-4.8773E-04
-4.9063E-04
-4.9951E-04
-5.1426E-04
-5.3143E-04
-5.4425E-04
-5.4617E-04
-5.3705E-04
-5.2386E-04
-5.1503E-04
-5.1421E-04
-5.2150E-04
-5.3796E-04
-5.6256E-04
-5.8864E-04
-6.0787E-04
-6.1658E-04
-6.1601E-04
-6.0978E-04
-6.0217E-04
-5.9541E-04
-5.9044E-04
-5.8954E-04
-5.9416E-04
-6.0198E-04
-6.0921E-04
-6.1499E-04
-6.2140E-04
-6.2955E-04
-6.3912E-04
-6.4935E-04
-6.5943E-04
-6.7071E-04
-6.8352E-04
-6.9374E-04
-6.9656E-04
-6.9074E-04
-6.7946E-04
-6.6816E-04
-6.6042E-04
-6.5701E-04
-6.5905E-04
-6.6933E-04
-6.8816E-04
-7.1104E-04
-7.3184E-04
-7.4636E-04
-7.5539E-04
-7.6225E-04
-7.6694E-04
-7.6742E-04
-7.6507E-04
-7.6410E-04
-7.6604E-04
-7.6973E-04
-7.7415E-04
-7.7745E-04
-7.7892E-04
-7.8024E-04
-7.8088E-04
-7.7825E-04
-7.7202E-04
-7.6401E-04
-7.5578E-04
-7.4740E-04
-7.3921E-04
-7.3316E-04
-7.3121E-04
-7.3391E-04
-7.3905E-04
-7.4248E-04
-7.4172E-04
-7.3766E-04
-7.3233E-04
-7.2634E-04
-7.1978E-04
-7.1439E-04
-7.1333E-04
-7.1943E-04
-7.3238E-04
-7.4688E-04
-7.5662E-04
-7.5797E-04
-7.4980E-04
-7.3555E-04
-7.2329E-04
-7.1945E-04
-7.2502E-04
-7.3787E-04
-7.5573E-04
-7.7517E-04
-7.9011E-04
-7.9747E-04
-7.9978E-04
-7.9973E-04
-7.9886E-04
-7.9931E-04
-8.0442E-04
-8.1785E-04
-8.3949E-04
-8.6509E-04
-8.8941E-04
-9.0675E-04
-9.1533E-04
-9.2034E-04
-9.2766E-04
-9.3761E-04
-9.4793E-04
-9.6131E-04
-9.8212E-04
-1.0068E-03
-1.0265E-03
-1.0356E-03
-1.0352E-03
-1.0318E-03
-1.0315E-03
-1.0365E-03
-1.0467E-03
-1.0604E-03
-1.0733E-03
-1.0811E-03
-1.0840E-03
-1.0856E-03
-1.0902E-03
-1.0963E-03
-1.0977E-03
-1.0925E-03
-1.0858E-03
-1.0800E-03
-1.0726E-03
-1.0635E-03
-1.0572E-03
-1.0569E-03
-1.0621E-03
-1.0703E-03
-1.0770E-03
-1.0796E-03
-1.0802E-03
-1.0835E-03
-1.0895E-03
-1.0943E-03
-1.0966E-03
-1.0998E-03
-1.1073E-03
-1.1199E-03
-1.1322E-03
-1.1348E-03
-1.1251E-03
-1.1119E-03
-1.1057E-03
-1.1108E-03
-1.1252E-03
-1.1393E-03
-1.1433E-03
-1.1389E-03
-1.1309E-03
-1.1159E-03
-1.0907E-03
-1.0658E-03
-1.0571E-03
-1.0687E-03
-1.0922E-03
-1.1177E-03
-1.1379E-03
-1.1479E-03
-1.1483E-03
-1.1450E-03
-1.1452E-03
-1.1509E-03
-1.1590E-03
-1.1698E-03
-1.1835E-03
-1.1928E-03
-1.1904E-03
-1.1764E-03
-1.1549E-03
-1.1320E-03
-1.1163E-03
-1.1100E-03
-1.1021E-03
-1.0828E-03
-1.0555E-03
-1.0320E-03
-1.0185E-03
-1.0131E-03
-1.0154E-03
-1.0253E-03
-1.0372E-03
-1.0456E-03
-1.0487E-03
-1.0445E-03
-1.0367E-03
-1.0327E-03
-1.0306E-03
-1.0247E-03
-1.0171E-03
-1.0122E-03
-1.0067E-03
-9.9568E-04
-9.8118E-04
-9.6880E-04
-9.6030E-04
-9.5514E-04
-9.5378E-04
-9.5465E-04
-9.5567E-04
-9.5683E-04
-9.5804E-04
-9.5867E-04
-9.5708E-04
-9.5179E-04
-9.4193E-04
-9.2748E-04
-9.1383E-04
-9.0867E-04
-9.1380E-04
-9.2550E-04
-9.3870E-04
-9.5042E-04
-9.6181E-04
-9.7495E-04
-9.8814E-04
-9.9595E-04
-9.9674E-04
-9.9370E-04
-9.8614E-04
-9.7088E-04
-9.4831E-04
-9.2332E-04
-9.0169E-04
-8.8636E-04
-8.7847E-04
-8.7824E-04
-8.8375E-04
-8.9056E-04
-8.9913E-04
-9.1572E-04
-9.3860E-04
-9.5802E-04
-9.6696E-04
-9.6325E-04
-9.4750E-04
-9.2532E-04
-9.0714E-04
-8.9723E-04
-8.9277E-04
-8.9369E-04
-9.0295E-04
-9.1663E-04
-9.2482E-04
-9.2517E-04
-9.2385E-04
-9.2680E-04
-9.3487E-04
-9.4622E-04
-9.5945E-04
-9.7136E-04
-9.7807E-04
-9.7982E-04
-9.7871E-04
-9.7473E-04
-9.6854E-04
-9.6386E-04
-9.6460E-04
-9.7163E-04
-9.8439E-04
-1.0017E-03
-1.0180E-03
-1.0255E-03
-1.0203E-03
-1.0048E-03
-9.8789E-04
-9.7943E-04
-9.8278E-04
-9.9317E-04
-1.0045E-03
-1.0158E-03
-1.0294E-03
-1.0461E-03
-1.0633E-03
-1.0777E-03
-1.0883E-03
-1.0947E-03
-1.0960E-03
-1.0957E-03
-1.0999E-03
-1.1102E-03
-1.1256E-03
-1.1426E-03
-1.1548E-03
-1.1581E-03
-1.1534E-03
-1.1437E-03
-1.1321E-03
-1.1218E-03
-1.1137E-03
-1.1093E-03
-1.1108E-03
-1.1155E-03
-1.1165E-03
-1.1118E-03
-1.1069E-03
-1.1080E-03
-1.1177E-03
-1.1337E-03
-1.1512E-03
-1.1630E-03
-1.1625E-03
-1.1546E-03
-1.1508E-03
-1.1561E-03
-1.1673E-03
-1.1797E-03
-1.1899E-03
-1.1994E-03
-1.2128E-03
-1.2289E-03
-1.2417E-03
-1.2479E-03
-1.2497E-03
-1.2518E-03
-1.2571E-03
-1.2636E-03
-1.2695E-03
-1.2753E-03
-1.2797E-03
-1.2793E-03
-1.2744E-03
-1.2694E-03
-1.2675E-03
-1.2697E-03
-1.2734E-03
-1.2743E-03
-1.2719E-03
-1.2672E-03
-1.2599E-03
-1.2517E-03
-1.2486E-03
-1.2547E-03
-1.2669E-03
-1.2776E-03
-1.2797E-03
-1.2718E-03
-1.2589E-03
-1.2466E-03
-1.2379E-03
-1.2329E-03
-1.2299E-03
-1.2294E-03
-1.2325E-03
-1.2393E-03
-1.2488E-03
-1.2599E-03
-1.2670E-03
-1.2649E-03
-1.2555E-03
-1.2457E-03
-1.2422E-03
-1.2468E-03
-1.2557E-03
-1.2650E-03
-1.2717E-03
-1.2747E-03
-1.2771E-03
-1.2821E-03
-1.2910E-03
-1.3041E-03
-1.3183E-03
-1.3269E-03
-1.3267E-03
-1.3211E-03
-1.3155E-03
-1.3128E-03
-1.3152E-03
-1.3239E-03
-1.3375E-03
-1.3537E-03
-1.3706E-03
-1.3848E-03
-1.3918E-03
-1.3898E-03
-1.3801E-03
-1.3672E-03
-1.3577E-03
-1.3544E-03
-1.3569E-03
-1.3642E-03
-1.3726E-03
-1.3777E-03
-1.3771E-03
-1.3703E-03
-1.3582E-03
-1.3422E-03
-1.3265E-03
-1.3177E-03
-1.3198E-03
-1.3294E-03
-1.3396E-03
-1.3467E-03
-1.3512E-03
-1.3554E-03
-1.3610E-03
-1.3671E-03
-1.3696E-03
-1.3671E-03
-1.3662E-03
-1.3755E-03
-1.3930E-03
-1.4089E-03
-1.4159E-03
-1.4145E-03
-1.4110E-03
-1.4121E-03
-1.4197E-03
-1.4301E-03
-1.4388E-03
-1.4444E-03
-1.4478E-03
-1.4503E-03
-1.4517E-03
-1.4484E-03
-1.4390E-03
-1.4279E-03
-1.4186E-03
-1.4117E-03
-1.4072E-03
-1.4045E-03
-1.4013E-03
-1.3960E-03
-1.3905E-03
-1.3877E-03
-1.3883E-03
-1.3901E-03
-1.3896E-03
-1.3873E-03
-1.3881E-03
-1.3939E-03
-1.4011E-03
-1.4050E-03
-1.4028E-03
-1.3944E-03
-1.3841E-03
-1.3774E-03
-1.3768E-03
-1.3807E-03
-1.3845E-03
-1.3849E-03
-1.3827E-03
-1.3771E-03
-1.3667E-03
-1.3544E-03
-1.3462E-03
-1.3464E-03
-1.3527E-03
-1.3595E-03
-1.3628E-03
-1.3616E-03
-1.3571E-03
-1.3519E-03
-1.3479E-03
-1.3448E-03
-1.3410E-03
-1.3357E-03
-1.3292E-03
-1.3233E-03
-1.3195E-03
-1.3196E-03
-1.3235E-03
-1.3267E-03
-1.3263E-03
-1.3256E-03
-1.3276E-03
-1.3302E-03
-1.3305E-03
-1.3305E-03
-1.3311E-03
-1.3298E-03
-1.3262E-03
-1.3220E-03
-1.3174E-03
-1.3106E-03
-1.3020E-03
-1.2930E-03
-1.2829E-03
-1.2707E-03
-1.2572E-03
-1.2462E-03
-1.2419E-03
-1.2446E-03
-1.2496E-03
-1.2517E-03
-1.2501E-03
-1.2469E-03
-1.2437E-03
-1.2394E-03
-1.2319E-03
-1.2204E-03
-1.2077E-03
-1.1989E-03
-1.1960E-03
-1.1951E-03
-1.1891E-03
-1.1755E-03
-1.1599E-03
-1.1483E-03
-1.1400E-03
-1.1321E-03
-1.1231E-03
-1.1138E-03
-1.1057E-03
-1.1006E-03
-1.0990E-03
-1.0999E-03
-1.1028E-03
-1.1057E-03
-1.1068E-03
-1.1070E-03
-1.1092E-03
-1.1125E-03
-1.1149E-03
-1.1170E-03
-1.1207E-03
-1.1273E-03
-1.1366E-03
-1.1455E-03
-1.1504E-03
-1.1491E-03
-1.1421E-03
-1.1331E-03
-1.1278E-03
-1.1293E-03
-1.1353E-03
-1.1431E-03
-1.1527E-03
-1.1635E-03
-1.1722E-03
-1.1763E-03
-1.1761E-03
-1.1743E-03
-1.1735E-03
-1.1746E-03
-1.1779E-03
-1.1827E-03
-1.1883E-03
-1.1948E-03
-1.2022E-03
-1.2105E-03
-1.2202E-03
-1.2308E-03
-1.2393E-03
-1.2430E-03
-1.2426E-03
-1.2422E-03
-1.2455E-03
-1.2529E-03
-1.2598E-03
-1.2610E-03
-1.2563E-03
-1.2515E-03
-1.2527E-03
-1.2597E-03
-1.2668E-03
-1.2702E-03
-1.2714E-03
-1.2727E-03
-1.2736E-03
-1.2753E-03
-1.2790E-03
-1.2820E-03
-1.2815E-03
-1.2796E-03
-1.2794E-03
-1.2812E-03
-1.2851E-03
-1.2924E-03
-1.3034E-03
-1.3162E-03
-1.3267E-03
-1.3341E-03
-1.3413E-03
-1.3494E-03
-1.3559E-03
-1.3584E-03
-1.3578E-03
-1.3570E-03
-1.3573E-03
-1.3578E-03
-1.3571E-03
-1.3557E-03
-1.3556E-03
-1.3565E-03
-1.3572E-03
-1.3574E-03
-1.3569E-03
-1.3573E-03
-1.3615E-03
-1.3683E-03
-1.3736E-03
-1.3759E-03
-1.3764E-03
-1.3762E-03
-1.3747E-03
-1.3722E-03
-1.3714E-03
-1.3745E-03
-1.3817E-03
-1.3916E-03
-1.4018E-03
-1.4086E-03
-1.4105E-03
-1.4117E-03
-1.4129E-03
-1.4101E-03
-1.4056E-03
-1.4059E-03
-1.4127E-03
-1.4231E-03
-1.4345E-03
-1.4451E-03
-1.4539E-03
-1.4601E-03
-1.4638E-03
-1.4661E-03
-1.4681E-03
-1.4679E-03
-1.4649E-03
-1.4626E-03
-1.4622E-03
-1.4606E-03
-1.4561E-03
-1.4503E-03
-1.4454E-03
-1.4424E-03
-1.4414E-03
-1.4410E-03
-1.4380E-03
-1.4326E-03
-1.4272E-03
-1.4219E-03
-1.4154E-03
-1.4108E-03
-1.4130E-03
-1.4202E-03
-1.4256E-03
-1.4254E-03
-1.4223E-03
-1.4191E-03
-1.4164E-03
-1.4164E-03
-1.4216E-03
-1.4293E-03
-1.4346E-03
-1.4363E-03
-1.4352E-03
-1.4333E-03
-1.4345E-03
-1.4394E-03
-1.4452E-03
-1.4502E-03
-1.4540E-03
-1.4559E-03
-1.4565E-03
-1.4574E-03
-1.4587E-03
-1.4584E-03
-1.4577E-03
-1.4611E-03
-1.4699E-03
-1.4809E-03
-1.4893E-03
-1.4935E-03
-1.4952E-03
-1.4948E-03
-1.4907E-03
-1.4842E-03
-1.4797E-03
-1.4800E-03
-1.4837E-03
-1.4873E-03
-1.4879E-03
-1.4858E-03
-1.4834E-03
-1.4821E-03
-1.4805E-03
-1.4760E-03
-1.4687E-03
-1.4619E-03
-1.4585E-03
-1.4599E-03
-1.4658E-03
-1.4723E-03
-1.4756E-03
-1.4761E-03
-1.4754E-03
-1.4728E-03
-1.4689E-03
-1.4664E-03
-1.4659E-03
-1.4654E-03
-1.4653E-03
-1.4669E-03
-1.4698E-03
-1.4731E-03
-1.4752E-03
-1.4767E-03
-1.4808E-03
-1.4873E-03
-1.4937E-03
-1.4989E-03
-1.5036E-03
-1.5097E-03
-1.5171E-03
-1.5230E-03
-1.5258E-03
-1.5274E-03
-1.5305E-03
-1.5361E-03
-1.5417E-03
-1.5444E-03
-1.5427E-03
-1.5383E-03
-1.5354E-03
-1.5362E-03
-1.5379E-03
-1.5363E-03
-1.5328E-03
-1.5318E-03
-1.5317E-03
-1.5291E-03
-1.5241E-03
-1.5178E-03
-1.5125E-03
-1.5094E-03
-1.5058E-03
-1.4981E-03
-1.4882E-03
-1.4813E-03
-1.4804E-03
-1.4839E-03
-1.4879E-03
-1.4896E-03
-1.4888E-03
-1.4877E-03
-1.4890E-03
-1.4920E-03
-1.4948E-03
-1.4980E-03
-1.5039E-03
-1.5130E-03
-1.5228E-03
-1.5306E-03
-1.5367E-03
-1.5413E-03
-1.5443E-03
-1.5448E-03
-1.5425E-03
-1.5388E-03
-1.5378E-03
-1.5434E-03
-1.5544E-03
-1.5663E-03
-1.5752E-03
-1.5794E-03
-1.5784E-03
-1.5739E-03
-1.5684E-03
-1.5624E-03
-1.5577E-03
-1.5571E-03
-1.5596E-03
-1.5630E-03
-1.5668E-03
-1.5700E-03
-1.5715E-03
-1.5724E-03
-1.5748E-03
-1.5797E-03
-1.5856E-03
-1.5884E-03
-1.5874E-03
-1.5869E-03
-1.5908E-03
-1.5968E-03
-1.5996E-03
-1.5962E-03
-1.5903E-03
-1.5887E-03
-1.5936E-03
-1.6021E-03
-1.6096E-03
-1.6149E-03
-1.6213E-03
-1.6292E-03
-1.6343E-03
-1.6345E-03
-1.6296E-03
-1.6207E-03
-1.6109E-03
-1.6043E-03
-1.6016E-03
-1.6001E-03
-1.6011E-03
-1.6080E-03
-1.6186E-03
-1.6284E-03
-1.6354E-03
-1.6387E-03
-1.6385E-03
-1.6383E-03
-1.6410E-03
-1.6447E-03
-1.6484E-03
-1.6526E-03
-1.6570E-03
-1.6604E-03
-1.6620E-03
-1.6596E-03
-1.6529E-03
-1.6459E-03
-1.6413E-03
-1.6397E-03
-1.6413E-03
-1.6460E-03
-1.6527E-03
-1.6597E-03
-1.6649E-03
-1.6674E-03
-1.6679E-03
-1.6672E-03
-1.6662E-03
-1.6662E-03
-1.6663E-03
-1.6649E-03
-1.6630E-03
-1.6627E-03
-1.6639E-03
-1.6652E-03
-1.6649E-03
-1.6645E-03
-1.6655E-03
-1.6672E-03
-1.6688E-03
-1.6719E-03
-1.6781E-03
-1.6858E-03
-1.6918E-03
-1.6948E-03
-1.6962E-03
-1.6973E-03
-1.6969E-03
-1.6943E-03
-1.6911E-03
-1.6888E-03
-1.6879E-03
-1.6893E-03
-1.6915E-03
-1.6910E-03
-1.6871E-03
-1.6816E-03
-1.6781E-03
-1.6785E-03
-1.6806E-03
-1.6803E-03
-1.6769E-03
-1.6747E-03
-1.6776E-03
-1.6840E-03
-1.6893E-03
-1.6909E-03
-1.6898E-03
-1.6896E-03
-1.6944E-03
-1.7034E-03
-1.7124E-03
-1.7187E-03
-1.7232E-03
-1.7275E-03
-1.7319E-03
-1.7354E-03
-1.7373E-03
-1.7372E-03
-1.7358E-03
-1.7346E-03
-1.7338E-03
-1.7338E-03
-1.7371E-03
-1.7428E-03
-1.7472E-03
-1.7483E-03
-1.7470E-03
-1.7449E-03
-1.7410E-03
-1.7342E-03
-1.7266E-03
-1.7214E-03
-1.7181E-03
-1.7149E-03
-1.7121E-03
-1.7100E-03
-1.7084E-03
-1.7077E-03
-1.7075E-03
-1.7058E-03
-1.7014E-03
-1.6960E-03
-1.6920E-03
-1.6913E-03
-1.6934E-03
-1.6968E-03
-1.7005E-03
-1.7046E-03
-1.7084E-03
-1.7098E-03
-1.7080E-03
-1.7057E-03
-1.7048E-03
-1.7052E-03
-1.7059E-03
-1.7071E-03
-1.7091E-03
-1.7120E-03
-1.7151E-03
-1.7181E-03
-1.7196E-03
-1.7166E-03
-1.7089E-03
-1.7011E-03
-1.6978E-03
-1.7003E-03
-1.7066E-03
-1.7140E-03
-1.7206E-03
-1.7250E-03
-1.7263E-03
-1.7255E-03
-1.7237E-03
-1.7211E-03
-1.7181E-03
-1.7157E-03
-1.7141E-03
-1.7129E-03
-1.7123E-03
-1.7129E-03
-1.7139E-03
-1.7151E-03
-1.7181E-03
-1.7235E-03
-1.7300E-03
-1.7365E-03
-1.7416E-03
-1.7449E-03
-1.7458E-03
-1.7448E-03
-1.7445E-03
-1.7468E-03
-1.7506E-03
-1.7543E-03
-1.7577E-03
-1.7606E-03
-1.7624E-03
-1.7627E-03
-1.7618E-03
-1.7605E-03
-1.7605E-03
-1.7631E-03
-1.7670E-03
-1.7707E-03
-1.7743E-03
-1.7779E-03
-1.7809E-03
-1.7824E-03
-1.7816E-03
-1.7796E-03
-1.7790E-03
-1.7812E-03
-1.7854E-03
-1.7901E-03
-1.7944E-03
-1.7982E-03
-1.8022E-03
-1.8065E-03
-1.8104E-03
-1.8127E-03
-1.8137E-03
-1.8139E-03
-1.8135E-03
-1.8129E-03
-1.8129E-03
-1.8132E-03
-1.8131E-03
-1.8127E-03
-1.8121E-03
-1.8113E-03
-1.8107E-03
-1.8115E-03
-1.8146E-03
-1.8197E-03
-1.8246E-03
-1.8269E-03
-1.8263E-03
-1.8257E-03
-1.8285E-03
-1.8356E-03
-1.8448E-03
-1.8537E-03
-1.8615E-03
-1.8689E-03
-1.8766E-03
-1.8843E-03
-1.8911E-03
-1.8965E-03
-1.9011E-03
-1.9054E-03
-1.9098E-03
-1.9134E-03
-1.9151E-03
-1.9143E-03
-1.9130E-03
-1.9138E-03
-1.9165E-03
-1.9190E-03
-1.9205E-03
-1.9210E-03
-1.9211E-03
-1.9216E-03
-1.9225E-03
-1.9227E-03
-1.9207E-03
-1.9164E-03
-1.9125E-03
-1.9124E-03
-1.9166E-03
-1.9219E-03
-1.9261E-03
-1.9294E-03
-1.9321E-03
-1.9334E-03
-1.9327E-03
-1.9303E-03
-1.9266E-03
-1.9229E-03
-1.9210E-03
-1.9218E-03
-1.9249E-03
-1.9283E-03
-1.9305E-03
-1.9317E-03
-1.9319E-03
-1.9317E-03
-1.9321E-03
-1.9341E-03
-1.9379E-03
-1.9422E-03
-1.9458E-03
-1.9481E-03
-1.9488E-03
-1.9480E-03
-1.9457E-03
-1.9426E-03
-1.9404E-03
-1.9400E-03
-1.9405E-03
-1.9408E-03
-1.9406E-03
-1.9406E-03
-1.9418E-03
-1.9442E-03
-1.9459E-03
-1.9457E-03
-1.9437E-03
-1.9412E-03
-1.9397E-03
-1.9402E-03
-1.9423E-03
-1.9445E-03
-1.9458E-03
-1.9458E-03
-1.9446E-03
-1.9437E-03
-1.9444E-03
-1.9465E-03
-1.9492E-03
-1.9523E-03
-1.9561E-03
-1.9603E-03
-1.9634E-03
-1.9650E-03
-1.9655E-03
-1.9659E-03
-1.9677E-03
-1.9711E-03
-1.9757E-03
-1.9816E-03
-1.9888E-03
-1.9961E-03
-2.0015E-03
-2.0026E-03
-1.9986E-03
-1.9923E-03
-1.9887E-03
-1.9897E-03
-1.9937E-03
-1.9979E-03
-2.0003E-03
-2.0008E-03
-2.0011E-03
-2.0016E-03
-2.0006E-03
-1.9971E-03
-1.9922E-03
-1.9885E-03
-1.9869E-03
-1.9868E-03
-1.9875E-03
-1.9892E-03
-1.9914E-03
-1.9926E-03
-1.9920E-03
-1.9902E-03
-1.9881E-03
-1.9874E-03
-1.9893E-03
-1.9931E-03
-1.9973E-03
-2.0012E-03
-2.0038E-03
-2.0044E-03
-2.0035E-03
-2.0024E-03
-2.0019E-03
-2.0027E-03
-2.0048E-03
-2.0074E-03
-2.0102E-03
-2.0135E-03
-2.0162E-03
-2.0171E-03
-2.0162E-03
-2.0145E-03
-2.0143E-03
-2.0168E-03
-2.0209E-03
-2.0258E-03
-2.0313E-03
-2.0365E-03
-2.0406E-03
-2.0421E-03
-2.0408E-03
-2.0388E-03
-2.0384E-03
-2.0404E-03
-2.0433E-03
-2.0461E-03
-2.0478E-03
-2.0483E-03
-2.0482E-03
-2.0475E-03
-2.0455E-03
-2.0424E-03
-2.0395E-03
-2.0381E-03
-2.0386E-03
-2.0400E-03
-2.0418E-03
-2.0442E-03
-2.0478E-03
-2.0520E-03
-2.0551E-03
-2.0560E-03
-2.0553E-03
-2.0549E-03
-2.0564E-03
-2.0608E-03
-2.0677E-03
-2.0754E-03
-2.0822E-03
-2.0878E-03
-2.0926E-03
-2.0968E-03
-2.1013E-03
-2.1065E-03
-2.1117E-03
-2.1163E-03
-2.1196E-03
-2.1216E-03
-2.1226E-03
-2.1232E-03
-2.1232E-03
-2.1224E-03
-2.1211E-03
-2.1192E-03
-2.1163E-03
-2.1126E-03
-2.1082E-03
-2.1034E-03
-2.0994E-03
-2.0974E-03
-2.0973E-03
-2.0977E-03
-2.0983E-03
-2.0986E-03
-2.0984E-03
-2.0981E-03
-2.0981E-03
-2.0977E-03
-2.0962E-03
-2.0947E-03
-2.0939E-03
-2.0933E-03
-2.0930E-03
-2.0933E-03
-2.0945E-03
-2.0969E-03
-2.1007E-03
-2.1047E-03
-2.1080E-03
-2.1110E-03
-2.1136E-03
-2.1146E-03
-2.1130E-03
-2.1091E-03
-2.1053E-03
-2.1042E-03
-2.1066E-03
-2.1111E-03
-2.1162E-03
-2.1204E-03
-2.1233E-03
-2.1256E-03
-2.1277E-03
-2.1301E-03
-2.1326E-03
-2.1348E-03
-2.1363E-03
-2.1376E-03
-2.1389E-03
-2.1399E-03
-2.1398E-03
-2.1382E-03
-2.1358E-03
-2.1335E-03
-2.1323E-03
-2.1323E-03
-2.1332E-03
-2.1350E-03
-2.1374E-03
-2.1400E-03
-2.1426E-03
-2.1451E-03
-2.1473E-03
-2.1489E-03
-2.1496E-03
-2.1490E-03
-2.1473E-03
-2.1451E-03
-2.1430E-03
-2.1416E-03
-2.1412E-03
-2.1414E-03
-2.1416E-03
-2.1415E-03
-2.1408E-03
-2.1391E-03
-2.1366E-03
-2.1336E-03
-2.1312E-03
-2.1310E-03
-2.1333E-03
-2.1369E-03
-2.1400E-03
-2.1421E-03
-2.1433E-03
-2.1439E-03
-2.1440E-03
-2.1438E-03
-2.1441E-03
-2.1452E-03
-2.1471E-03
-2.1492E-03
-2.1521E-03
-2.1561E-03
-2.1608E-03
-2.1659E-03
-2.1705E-03
-2.1742E-03
-2.1772E-03
-2.1803E-03
-2.1848E-03
-2.1906E-03
-2.1965E-03
-2.2013E-03
-2.2047E-03
-2.2068E-03
-2.2078E-03
-2.2083E-03
-2.2084E-03
-2.2082E-03
-2.2082E-03
-2.2100E-03
-2.2141E-03
-2.2199E-03
-2.2261E-03
-2.2314E-03
-2.2354E-03
-2.2384E-03
-2.2405E-03
-2.2415E-03
-2.2410E-03
-2.2390E-03
-2.2367E-03
-2.2359E-03
-2.2368E-03
-2.2386E-03
-2.2401E-03
-2.2414E-03
-2.2428E-03
-2.2447E-03
-2.2467E-03
-2.2489E-03
-2.2511E-03
-2.2540E-03
-2.2580E-03
-2.2624E-03
-2.2662E-03
-2.2686E-03
-2.2692E-03
-2.2691E-03
-2.2694E-03
-2.2706E-03
-2.2729E-03
-2.2752E-03
-2.2765E-03
-2.2764E-03
-2.2760E-03
-2.2758E-03
-2.2758E-03
-2.2755E-03
-2.2749E-03
-2.2740E-03
-2.2729E-03
-2.2720E-03
-2.2721E-03
-2.2730E-03
-2.2747E-03
-2.2768E-03
-2.2784E-03
-2.2792E-03
-2.2796E-03
-2.2797E-03
-2.2801E-03
-2.2813E-03
-2.2832E-03
-2.2849E-03
-2.2860E-03
-2.2871E-03
-2.2890E-03
-2.2919E-03
-2.2951E-03
-2.2972E-03
-2.2975E-03
-2.2970E-03
-2.2974E-03
-2.2991E-03
-2.3015E-03
-2.3034E-03
-2.3044E-03
-2.3052E-03
-2.3068E-03
-2.3085E-03
-2.3091E-03
-2.3089E-03
-2.3080E-03
-2.3066E-03
-2.3054E-03
-2.3047E-03
-2.3041E-03
-2.3029E-03
-2.3004E-03
-2.2972E-03
-2.2944E-03
-2.2931E-03
-2.2930E-03
-2.2939E-03
-2.2963E-03
-2.2998E-03
-2.3032E-03
-2.3052E-03
-2.3049E-03
-2.3025E-03
-2.2991E-03
-2.2954E-03
-2.2920E-03
-2.2890E-03
-2.2867E-03
-2.2849E-03
-2.2836E-03
-2.2827E-03
-2.2823E-03
-2.2822E-03
-2.2814E-03
-2.2791E-03
-2.2764E-03
-2.2746E-03
-2.2744E-03
-2.2756E-03
-2.2775E-03
-2.2797E-03
-2.2818E-03
-2.2837E-03
-2.2851E-03
-2.2858E-03
-2.2865E-03
-2.2873E-03
-2.2877E-03
-2.2871E-03
-2.2858E-03
-2.2843E-03
-2.2831E-03
-2.2828E-03
-2.2836E-03
-2.2856E-03
-2.2877E-03
-2.2888E-03
-2.2879E-03
-2.2858E-03
-2.2846E-03
-2.2858E-03
-2.2886E-03
-2.2909E-03
-2.2916E-03
-2.2913E-03
-2.2919E-03
-2.2942E-03
-2.2977E-03
-2.3005E-03
-2.3022E-03
-2.3040E-03
-2.3066E-03
-2.3092E-03
-2.3115E-03
-2.3132E-03
-2.3141E-03
-2.3142E-03
-2.3139E-03
-2.3137E-03
-2.3140E-03
-2.3147E-03
-2.3158E-03
-2.3169E-03
-2.3176E-03
-2.3173E-03
-2.3163E-03
-2.3149E-03
-2.3136E-03
-2.3131E-03
-2.3141E-03
-2.3164E-03
-2.3192E-03
-2.3216E-03
-2.3221E-03
-2.3200E-03
-2.3153E-03
-2.3098E-03
-2.3054E-03
-2.3034E-03
-2.3033E-03
-2.3037E-03
-2.3036E-03
-2.3025E-03
-2.3007E-03
-2.2987E-03
-2.2966E-03
-2.2948E-03
-2.2940E-03
-2.2946E-03
-2.2961E-03
-2.2976E-03
-2.2976E-03
-2.2960E-03
-2.2936E-03
-2.2915E-03
-2.2900E-03
-2.2891E-03
-2.2886E-03
-2.2883E-03
-2.2883E-03
-2.2888E-03
-2.2899E-03
-2.2911E-03
-2.2920E-03
-2.2929E-03
-2.2939E-03
-2.2939E-03
-2.2925E-03
-2.2902E-03
-2.2883E-03
-2.2876E-03
-2.2880E-03
-2.2890E-03
-2.2901E-03
-2.2907E-03
-2.2914E-03
-2.2929E-03
-2.2947E-03
-2.2957E-03
-2.2958E-03
-2.2955E-03
-2.2950E-03
-2.2935E-03
-2.2912E-03
-2.2886E-03
-2.2867E-03
-2.2865E-03
-2.2885E-03
-2.2919E-03
-2.2955E-03
-2.2988E-03
-2.3016E-03
-2.3040E-03
-2.3061E-03
-2.3081E-03
-2.3095E-03
-2.3100E-03
-2.3101E-03
-2.3101E-03
-2.3104E-03
-2.3107E-03
-2.3105E-03
-2.3094E-03
-2.3078E-03
-2.3067E-03
-2.3074E-03
-2.3103E-03
-2.3148E-03
-2.3189E-03
-2.3209E-03
-2.3208E-03
-2.3195E-03
-2.3186E-03
-2.3189E-03
-2.3200E-03
-2.3209E-03
-2.3210E-03
-2.3203E-03
-2.3198E-03
-2.3204E-03
-2.3214E-03
-2.3221E-03
-2.3220E-03
-2.3208E-03
-2.3188E-03
-2.3164E-03
-2.3143E-03
-2.3130E-03
-2.3121E-03
-2.3107E-03
-2.3091E-03
-2.3083E-03
-2.3087E-03
-2.3097E-03
-2.3104E-03
-2.3105E-03
-2.3102E-03
-2.3097E-03
-2.3095E-03
-2.3101E-03
-2.3110E-03
-2.3113E-03
-2.3106E-03
-2.3092E-03
-2.3084E-03
-2.3084E-03
-2.3087E-03
-2.3087E-03
-2.3078E-03
-2.3062E-03
-2.3044E-03
-2.3030E-03
-2.3023E-03
-2.3023E-03
-2.3029E-03
-2.3033E-03
-2.3023E-03
-2.2993E-03
-2.2948E-03
-2.2905E-03
-2.2876E-03
-2.2865E-03
-2.2861E-03
-2.2854E-03
-2.2840E-03
-2.2819E-03
-2.2790E-03
-2.2754E-03
-2.2716E-03
-2.2679E-03
-2.2647E-03
-2.2624E-03
-2.2615E-03
-2.2622E-03
-2.2635E-03
-2.2641E-03
-2.2637E-03
-2.2633E-03
-2.2633E-03
-2.2636E-03
-2.2637E-03
-2.2629E-03
-2.2604E-03
-2.2564E-03
-2.2522E-03
-2.2485E-03
-2.2466E-03
-2.2479E-03
-2.2512E-03
-2.2541E-03
-2.2555E-03
-2.2548E-03
-2.2525E-03
-2.2508E-03
-2.2509E-03
-2.2529E-03
-2.2563E-03
-2.2604E-03
-2.2636E-03
-2.2650E-03
-2.2653E-03
-2.2659E-03
-2.2677E-03
-2.2706E-03
-2.2732E-03
-2.2747E-03
-2.2749E-03
-2.2744E-03
-2.2733E-03
-2.2715E-03
-2.2689E-03
-2.2657E-03
-2.2617E-03
-2.2569E-03
-2.2526E-03
-2.2495E-03
-2.2472E-03
-2.2449E-03
-2.2419E-03
-2.2383E-03
-2.2342E-03
-2.2308E-03
-2.2285E-03
-2.2270E-03
-2.2257E-03
-2.2245E-03
-2.2232E-03
-2.2210E-03
-2.2178E-03
-2.2137E-03
-2.2088E-03
-2.2035E-03
-2.1982E-03
-2.1933E-03
-2.1894E-03
-2.1868E-03
-2.1849E-03
-2.1837E-03
-2.1833E-03
-2.1828E-03
-2.1813E-03
-2.1790E-03
-2.1765E-03
-2.1739E-03
-2.1721E-03
-2.1717E-03
-2.1724E-03
-2.1727E-03
-2.1717E-03
-2.1696E-03
-2.1670E-03
-2.1640E-03
-2.1603E-03
-2.1570E-03
-2.1552E-03
-2.1547E-03
-2.1548E-03
-2.1536E-03
-2.1499E-03
-2.1444E-03
-2.1392E-03
-2.1354E-03
-2.1328E-03
-2.1310E-03
-2.1295E-03
-2.1283E-03
-2.1273E-03
-2.1263E-03
-2.1247E-03
-2.1222E-03
-2.1192E-03
-2.1165E-03
-2.1145E-03
-2.1130E-03
-2.1128E-03
-2.1138E-03
-2.1147E-03
-2.1144E-03
-2.1130E-03
-2.1110E-03
-2.1088E-03
-2.1065E-03
-2.1046E-03
-2.1037E-03
-2.1036E-03
-2.1032E-03
-2.1020E-03
-2.0998E-03
-2.0965E-03
-2.0925E-03
-2.0887E-03
-2.0858E-03
-2.0836E-03
-2.0819E-03
-2.0802E-03
-2.0777E-03
-2.0747E-03
-2.0719E-03
-2.0688E-03
-2.0654E-03
-2.0621E-03
-2.0585E-03
-2.0538E-03
-2.0483E-03
-2.0427E-03
-2.0381E-03
-2.0350E-03
-2.0329E-03
-2.0313E-03
-2.0305E-03
-2.0304E-03
-2.0302E-03
-2.0289E-03
-2.0267E-03
-2.0247E-03
-2.0240E-03
-2.0244E-03
-2.0244E-03
-2.0233E-03
-2.0207E-03
-2.0170E-03
-2.0135E-03
-2.0106E-03
-2.0081E-03
-2.0053E-03
-2.0023E-03
-1.9993E-03
-1.9964E-03
-1.9930E-03
-1.9898E-03
-1.9874E-03
-1.9852E-03
-1.9824E-03
-1.9789E-03
-1.9757E-03
-1.9735E-03
-1.9722E-03
-1.9711E-03
-1.9694E-03
-1.9678E-03
-1.9669E-03
-1.9658E-03
-1.9636E-03
-1.9605E-03
-1.9572E-03
-1.9541E-03
-1.9514E-03
-1.9489E-03
-1.9462E-03
-1.9434E-03
-1.9407E-03
-1.9386E-03
-1.9371E-03
-1.9345E-03
-1.9297E-03
-1.9232E-03
-1.9177E-03
-1.9145E-03
-1.9133E-03
-1.9133E-03
-1.9133E-03
-1.9119E-03
-1.9090E-03
-1.9054E-03
-1.9016E-03
-1.8970E-03
-1.8916E-03
-1.8863E-03
-1.8813E-03
-1.8765E-03
-1.8719E-03
-1.8679E-03
-1.8642E-03
-1.8609E-03
-1.8580E-03
-1.8552E-03
-1.8520E-03
-1.8486E-03
-1.8460E-03
-1.8440E-03
-1.8408E-03
-1.8353E-03
-1.8293E-03
-1.8247E-03
-1.8214E-03
-1.8178E-03
-1.8146E-03
-1.8134E-03
-1.8144E-03
-1.8167E-03
-1.8192E-03
-1.8217E-03
-1.8236E-03
-1.8234E-03
-1.8201E-03
-1.8157E-03
-1.8121E-03
-1.8100E-03
-1.8084E-03
-1.8061E-03
-1.8028E-03
-1.7996E-03
-1.7967E-03
-1.7932E-03
-1.7884E-03
-1.7832E-03
-1.7786E-03
-1.7751E-03
-1.7735E-03
-1.7747E-03
-1.7760E-03
-1.7740E-03
-1.7680E-03
-1.7588E-03
-1.7482E-03
-1.7388E-03
-1.7320E-03
-1.7273E-03
-1.7237E-03
-1.7207E-03
-1.7183E-03
-1.7160E-03
-1.7130E-03
-1.7095E-03
-1.7064E-03
-1.7036E-03
-1.7005E-03
-1.6973E-03
-1.6953E-03
-1.6953E-03
-1.6962E-03
-1.6973E-03
-1.6986E-03
-1.7000E-03
-1.7012E-03
-1.7036E-03
-1.7076E-03
-1.7118E-03
-1.7149E-03
-1.7164E-03
-1.7161E-03
-1.7144E-03
-1.7123E-03
-1.7086E-03
-1.7021E-03
-1.6934E-03
-1.6845E-03
-1.6774E-03
-1.6733E-03
-1.6724E-03
-1.6734E-03
-1.6739E-03
-1.6716E-03
-1.6666E-03
-1.6600E-03
-1.6535E-03
-1.6482E-03
-1.6432E-03
-1.6375E-03
-1.6310E-03
-1.6242E-03
-1.6191E-03
-1.6182E-03
-1.6208E-03
-1.6232E-03
-1.6228E-03
-1.6200E-03
-1.6169E-03
-1.6147E-03
-1.6136E-03
-1.6143E-03
-1.6170E-03
-1.6207E-03
-1.6237E-03
-1.6253E-03
-1.6256E-03
-1.6252E-03
-1.6253E-03
-1.6250E-03
-1.6228E-03
-1.6200E-03
-1.6178E-03
-1.6156E-03
-1.6128E-03
-1.6105E-03
-1.6089E-03
-1.6060E-03
-1.6023E-03
-1.5996E-03
-1.5975E-03
-1.5938E-03
-1.5877E-03
-1.5800E-03
-1.5735E-03
-1.5696E-03
-1.5668E-03
-1.5637E-03
-1.5608E-03
-1.5586E-03
-1.5554E-03
-1.5511E-03
-1.5460E-03
-1.5400E-03
-1.5336E-03
-1.5282E-03
-1.5246E-03
-1.5229E-03
-1.5219E-03
-1.5205E-03
-1.5187E-03
-1.5155E-03
-1.5087E-03
-1.4993E-03
-1.4908E-03
-1.4851E-03
-1.4806E-03
-1.4750E-03
-1.4677E-03
-1.4612E-03
-1.4597E-03
-1.4636E-03
-1.4695E-03
-1.4738E-03
-1.4769E-03
-1.4820E-03
-1.4912E-03
-1.5027E-03
-1.5122E-03
-1.5164E-03
-1.5154E-03
-1.5118E-03
-1.5076E-03
-1.5021E-03
-1.4946E-03
-1.4875E-03
-1.4831E-03
-1.4816E-03
-1.4818E-03
-1.4827E-03
-1.4831E-03
-1.4825E-03
-1.4807E-03
-1.4767E-03
-1.4689E-03
-1.4586E-03
-1.4503E-03
-1.4466E-03
-1.4467E-03
-1.4476E-03
-1.4474E-03
-1.4460E-03
-1.4442E-03
-1.4421E-03
-1.4381E-03
-1.4320E-03
-1.4260E-03
-1.4221E-03
-1.4204E-03
-1.4202E-03
-1.4209E-03
-1.4214E-03
-1.4201E-03
-1.4157E-03
-1.4089E-03
-1.4018E-03
-1.3962E-03
-1.3919E-03
-1.3878E-03
-1.3840E-03
-1.3820E-03
-1.3831E-03
-1.3865E-03
-1.3893E-03
-1.3897E-03
-1.3878E-03
-1.3852E-03
-1.3849E-03
-1.3887E-03
-1.3946E-03
-1.3988E-03
-1.3995E-03
-1.3978E-03
-1.3954E-03
-1.3947E-03
-1.3976E-03
-1.4030E-03
-1.4087E-03
-1.4131E-03
-1.4152E-03
-1.4146E-03
-1.4114E-03
-1.4066E-03
-1.4018E-03
-1.3989E-03
-1.3981E-03
-1.3996E-03
-1.4039E-03
-1.4094E-03
-1.4141E-03
-1.4178E-03
-1.4213E-03
-1.4252E-03
-1.4295E-03
-1.4329E-03
-1.4346E-03
-1.4363E-03
-1.4402E-03
-1.4465E-03
-1.4547E-03
-1.4630E-03
-1.4695E-03
-1.4733E-03
-1.4749E-03
-1.4751E-03
-1.4744E-03
-1.4739E-03
-1.4735E-03
-1.4724E-03
-1.4711E-03
-1.4708E-03
-1.4718E-03
-1.4736E-03
-1.4747E-03
-1.4736E-03
-1.4702E-03
-1.4657E-03
-1.4612E-03
-1.4568E-03
-1.4531E-03
-1.4522E-03
-1.4552E-03
-1.4602E-03
-1.4640E-03
-1.4661E-03
-1.4684E-03
-1.4723E-03
-1.4771E-03
-1.4812E-03
-1.4840E-03
-1.4862E-03
-1.4888E-03
-1.4925E-03
-1.4966E-03
-1.4988E-03
-1.4972E-03
-1.4932E-03
-1.4891E-03
-1.4870E-03
-1.4867E-03
-1.4862E-03
-1.4840E-03
-1.4814E-03
-1.4812E-03
-1.4849E-03
-1.4903E-03
-1.4943E-03
-1.4969E-03
-1.4995E-03
-1.5022E-03
-1.5040E-03
-1.5045E-03
-1.5032E-03
-1.5010E-03
-1.4984E-03
-1.4953E-03
-1.4920E-03
-1.4884E-03
-1.4844E-03
-1.4803E-03
-1.4774E-03
-1.4768E-03
-1.4781E-03
-1.4793E-03
-1.4784E-03
-1.4756E-03
-1.4727E-03
-1.4702E-03
-1.4664E-03
-1.4613E-03
-1.4571E-03
-1.4563E-03
-1.4596E-03
-1.4648E-03
-1.4683E-03
-1.4683E-03
-1.4663E-03
-1.4643E-03
-1.4633E-03
-1.4635E-03
-1.4634E-03
-1.4624E-03
-1.4609E-03
-1.4592E-03
-1.4573E-03
-1.4553E-03
-1.4537E-03
-1.4527E-03
-1.4525E-03
-1.4531E-03
-1.4530E-03
-1.4512E-03
-1.4493E-03
-1.4499E-03
-1.4530E-03
-1.4572E-03
-1.4620E-03
-1.4666E-03
-1.4701E-03
-1.4723E-03
-1.4728E-03
-1.4723E-03
-1.4723E-03
-1.4749E-03
-1.4809E-03
-1.4886E-03
-1.4966E-03
-1.5045E-03
-1.5125E-03
-1.5206E-03
-1.5277E-03
-1.5319E-03
-1.5319E-03
-1.5301E-03
-1.5297E-03
-1.5300E-03
-1.5293E-03
-1.5278E-03
-1.5272E-03
-1.5279E-03
-1.5296E-03
-1.5306E-03
-1.5294E-03
-1.5268E-03
-1.5239E-03
-1.5220E-03
-1.5227E-03
-1.5263E-03
-1.5320E-03
-1.5392E-03
-1.5466E-03
-1.5521E-03
-1.5562E-03
-1.5596E-03
-1.5603E-03
-1.5564E-03
-1.5493E-03
-1.5422E-03
-1.5379E-03
-1.5376E-03
-1.5400E-03
-1.5422E-03
-1.5425E-03
-1.5407E-03
-1.5380E-03
-1.5360E-03
-1.5354E-03
-1.5366E-03
-1.5388E-03
-1.5417E-03
-1.5456E-03
-1.5500E-03
-1.5538E-03
-1.5558E-03
-1.5553E-03
-1.5529E-03
-1.5509E-03
-1.5517E-03
-1.5549E-03
-1.5598E-03
-1.5655E-03
-1.5715E-03
-1.5769E-03
-1.5808E-03
-1.5821E-03
-1.5813E-03
-1.5794E-03
-1.5779E-03
-1.5776E-03
-1.5779E-03
-1.5787E-03
-1.5799E-03
-1.5812E-03
-1.5829E-03
-1.5852E-03
-1.5871E-03
-1.5876E-03
-1.5869E-03
-1.5857E-03
-1.5842E-03
-1.5846E-03
-1.5892E-03
-1.5977E-03
-1.6073E-03
-1.6153E-03
-1.6211E-03
-1.6249E-03
-1.6269E-03
-1.6286E-03
-1.6324E-03
-1.6386E-03
-1.6462E-03
-1.6541E-03
-1.6625E-03
-1.6718E-03
-1.6818E-03
-1.6907E-03
-1.6959E-03
-1.6970E-03
-1.6961E-03
-1.6954E-03
-1.6960E-03
-1.6977E-03
-1.6996E-03
-1.7021E-03
-1.7059E-03
-1.7103E-03
-1.7136E-03
-1.7148E-03
-1.7146E-03
-1.7148E-03
-1.7166E-03
-1.7199E-03
-1.7232E-03
-1.7252E-03
-1.7259E-03
-1.7260E-03
-1.7263E-03
-1.7265E-03
-1.7257E-03
-1.7240E-03
-1.7210E-03
-1.7166E-03
-1.7114E-03
-1.7067E-03
-1.7025E-03
-1.6982E-03
-1.6947E-03
-1.6935E-03
-1.6934E-03
-1.6921E-03
-1.6889E-03
-1.6839E-03
-1.6783E-03
-1.6746E-03
-1.6734E-03
-1.6743E-03
-1.6770E-03
-1.6821E-03
-1.6892E-03
-1.6970E-03
-1.7048E-03
-1.7121E-03
-1.7187E-03
-1.7253E-03
-1.7322E-03
-1.7384E-03
-1.7428E-03
-1.7447E-03
-1.7452E-03
-1.7464E-03
-1.7490E-03
-1.7529E-03
-1.7581E-03
-1.7644E-03
-1.7706E-03
-1.7761E-03
-1.7815E-03
-1.7872E-03
-1.7919E-03
-1.7953E-03
-1.7982E-03
-1.8007E-03
-1.8020E-03
-1.8021E-03
-1.8020E-03
-1.8036E-03
-1.8076E-03
-1.8121E-03
-1.8144E-03
-1.8147E-03
-1.8136E-03
-1.8125E-03
-1.8133E-03
-1.8164E-03
-1.8199E-03
-1.8224E-03
-1.8233E-03
-1.8227E-03
-1.8216E-03
-1.8200E-03
-1.8172E-03
-1.8133E-03
-1.8089E-03
-1.8047E-03
-1.8009E-03
-1.7986E-03
-1.7982E-03
-1.7989E-03
-1.8000E-03
-1.8016E-03
-1.8043E-03
-1.8084E-03
-1.8128E-03
-1.8160E-03
-1.8167E-03
-1.8152E-03
-1.8130E-03
-1.8120E-03
-1.8134E-03
-1.8164E-03
-1.8193E-03
-1.8217E-03
-1.8233E-03
-1.8238E-03
-1.8227E-03
-1.8201E-03
-1.8170E-03
-1.8150E-03
-1.8154E-03
-1.8186E-03
-1.8234E-03
-1.8275E-03
-1.8296E-03
-1.8291E-03
-1.8262E-03
-1.8221E-03
-1.8194E-03
-1.8196E-03
-1.8214E-03
-1.8227E-03
-1.8231E-03
-1.8236E-03
-1.8238E-03
-1.8233E-03
-1.8226E-03
-1.8236E-03
-1.8270E-03
-1.8317E-03
-1.8366E-03
-1.8415E-03
-1.8464E-03
-1.8501E-03
-1.8509E-03
-1.8491E-03
-1.8469E-03
-1.8465E-03
-1.8484E-03
-1.8517E-03
-1.8559E-03
-1.8599E-03
-1.8626E-03
-1.8644E-03
-1.8666E-03
-1.8692E-03
-1.8715E-03
-1.8728E-03
-1.8729E-03
-1.8721E-03
-1.8706E-03
-1.8695E-03
-1.8695E-03
-1.8705E-03
-1.8722E-03
-1.8747E-03
-1.8773E-03
-1.8793E-03
-1.8810E-03
-1.8823E-03
-1.8830E-03
-1.8839E-03
-1.8854E-03
-1.8863E-03
-1.8859E-03
-1.8850E-03
-1.8847E-03
-1.8845E-03
-1.8837E-03
-1.8820E-03
-1.8792E-03
-1.8751E-03
-1.8701E-03
-1.8654E-03
-1.8624E-03
-1.8616E-03
-1.8627E-03
-1.8651E-03
-1.8683E-03
-1.8713E-03
-1.8744E-03
-1.8790E-03
-1.8858E-03
-1.8929E-03
-1.8987E-03
-1.9033E-03
-1.9068E-03
-1.9093E-03
-1.9106E-03
-1.9106E-03
-1.9103E-03
-1.9100E-03
-1.9091E-03
-1.9070E-03
-1.9047E-03
-1.9036E-03
-1.9036E-03
-1.9035E-03
-1.9025E-03
-1.9002E-03
-1.8979E-03
-1.8968E-03
-1.8973E-03
-1.8992E-03
-1.9020E-03
-1.9050E-03
-1.9075E-03
-1.9092E-03
-1.9102E-03
-1.9117E-03
-1.9137E-03
-1.9149E-03
-1.9146E-03
-1.9136E-03
-1.9124E-03
-1.9103E-03
-1.9068E-03
-1.9019E-03
-1.8969E-03
-1.8942E-03
-1.8948E-03
-1.8977E-03
-1.9009E-03
-1.9030E-03
-1.9041E-03
-1.9056E-03
-1.9085E-03
-1.9128E-03
-1.9179E-03
-1.9228E-03
-1.9272E-03
-1.9307E-03
-1.9324E-03
-1.9314E-03
-1.9275E-03
-1.9227E-03
-1.9199E-03
-1.9209E-03
-1.9247E-03
-1.9287E-03
-1.9307E-03
-1.9299E-03
-1.9266E-03
-1.9221E-03
-1.9177E-03
-1.9140E-03
-1.9108E-03
-1.9080E-03
-1.9049E-03
-1.9009E-03
-1.8962E-03
-1.8917E-03
-1.8882E-03
-1.8852E-03
-1.8823E-03
-1.8800E-03
-1.8795E-03
-1.8813E-03
-1.8845E-03
-1.8885E-03
-1.8933E-03
-1.8985E-03
-1.9037E-03
-1.9081E-03
-1.9116E-03
-1.9141E-03
-1.9157E-03
-1.9163E-03
-1.9162E-03
-1.9165E-03
-1.9182E-03
-1.9208E-03
-1.9231E-03
-1.9235E-03
-1.9206E-03
-1.9143E-03
-1.9058E-03
-1.8968E-03
-1.8892E-03
-1.8835E-03
-1.8801E-03
-1.8781E-03
-1.8762E-03
-1.8737E-03
-1.8710E-03
-1.8690E-03
-1.8678E-03
-1.8682E-03
-1.8705E-03
-1.8752E-03
-1.8821E-03
-1.8898E-03
-1.8966E-03
-1.9013E-03
-1.9031E-03
-1.9028E-03
-1.9029E-03
-1.9051E-03
-1.9092E-03
-1.9148E-03
-1.9213E-03
-1.9276E-03
-1.9324E-03
-1.9346E-03
-1.9336E-03
-1.9306E-03
-1.9278E-03
-1.9268E-03
-1.9286E-03
-1.9324E-03
-1.9365E-03
-1.9400E-03
-1.9435E-03
-1.9478E-03
-1.9532E-03
-1.9585E-03
-1.9608E-03
-1.9591E-03
-1.9554E-03
-1.9521E-03
-1.9499E-03
-1.9487E-03
-1.9475E-03
-1.9462E-03
-1.9471E-03
-1.9512E-03
-1.9558E-03
-1.9581E-03
-1.9577E-03
-1.9566E-03
-1.9572E-03
-1.9598E-03
-1.9629E-03
-1.9656E-03
-1.9684E-03
-1.9718E-03
-1.9758E-03
-1.9789E-03
-1.9790E-03
-1.9754E-03
-1.9689E-03
-1.9609E-03
-1.9512E-03
-1.9411E-03
-1.9325E-03
-1.9268E-03
-1.9234E-03
-1.9215E-03
-1.9208E-03
-1.9204E-03
-1.9195E-03
-1.9184E-03
-1.9183E-03
-1.9201E-03
-1.9239E-03
-1.9284E-03
-1.9318E-03
-1.9335E-03
-1.9347E-03
-1.9362E-03
-1.9384E-03
-1.9403E-03
-1.9396E-03
-1.9351E-03
-1.9287E-03
-1.9219E-03
-1.9152E-03
-1.9093E-03
-1.9045E-03
-1.9003E-03
-1.8972E-03
-1.8962E-03
-1.8972E-03
-1.8984E-03
-1.8976E-03
-1.8953E-03
-1.8940E-03
-1.8945E-03
-1.8955E-03
-1.8952E-03
-1.8933E-03
-1.8916E-03
-1.8906E-03
-1.8892E-03
-1.8864E-03
-1.8843E-03
-1.8850E-03
-1.8879E-03
-1.8910E-03
-1.8940E-03
-1.8960E-03
-1.8969E-03
-1.8989E-03
-1.9032E-03
-1.9081E-03
-1.9117E-03
-1.9150E-03
-1.9201E-03
-1.9282E-03
-1.9385E-03
-1.9487E-03
-1.9571E-03
-1.9622E-03
-1.9628E-03
-1.9596E-03
-1.9549E-03
-1.9506E-03
-1.9473E-03
-1.9449E-03
-1.9438E-03
-1.9446E-03
-1.9476E-03
-1.9520E-03
-1.9561E-03
-1.9584E-03
-1.9579E-03
-1.9545E-03
-1.9496E-03
-1.9447E-03
-1.9398E-03
-1.9344E-03
-1.9296E-03
-1.9264E-03
-1.9243E-03
-1.9226E-03
-1.9213E-03
-1.9209E-03
-1.9207E-03
-1.9192E-03
-1.9157E-03
-1.9115E-03
-1.9076E-03
-1.9046E-03
-1.9025E-03
-1.9016E-03
-1.9013E-03
-1.9009E-03
-1.8993E-03
-1.8967E-03
-1.8935E-03
-1.8898E-03
-1.8853E-03
-1.8798E-03
-1.8740E-03
-1.8693E-03
-1.8669E-03
-1.8655E-03
-1.8649E-03
-1.8664E-03
-1.8714E-03
-1.8795E-03
-1.8886E-03
-1.8962E-03
-1.9023E-03
-1.9080E-03
-1.9132E-03
-1.9177E-03
-1.9214E-03
-1.9240E-03
-1.9259E-03
-1.9278E-03
-1.9305E-03
-1.9337E-03
-1.9370E-03
-1.9400E-03
-1.9428E-03
-1.9451E-03
-1.9475E-03
-1.9497E-03
-1.9511E-03
-1.9519E-03
-1.9527E-03
-1.9533E-03
-1.9533E-03
-1.9531E-03
-1.9525E-03
-1.9510E-03
-1.9488E-03
-1.9459E-03
-1.9418E-03
-1.9359E-03
-1.9292E-03
-1.9228E-03
-1.9174E-03
-1.9133E-03
-1.9112E-03
-1.9110E-03
-1.9116E-03
-1.9113E-03
-1.9098E-03
-1.9078E-03
-1.9060E-03
-1.9054E-03
-1.9066E-03
-1.9096E-03
-1.9138E-03
-1.9175E-03
-1.9191E-03
-1.9193E-03
-1.9197E-03
-1.9192E-03
-1.9165E-03
-1.9125E-03
-1.9088E-03
-1.9061E-03
-1.9036E-03
-1.9004E-03
-1.8961E-03
-1.8911E-03
-1.8863E-03
-1.8825E-03
-1.8798E-03
-1.8774E-03
-1.8749E-03
-1.8724E-03
-1.8702E-03
-1.8687E-03
-1.8681E-03
-1.8683E-03
-1.8698E-03
-1.8734E-03
-1.8788E-03
-1.8838E-03
-1.8862E-03
-1.8853E-03
-1.8830E-03
-1.8807E-03
-1.8786E-03
-1.8786E-03
-1.8828E-03
-1.8902E-03
-1.8980E-03
-1.9037E-03
-1.9057E-03
-1.9039E-03
-1.8996E-03
-1.8947E-03
-1.8908E-03
-1.8889E-03
-1.8890E-03
-1.8904E-03
-1.8923E-03
-1.8940E-03
-1.8949E-03
-1.8954E-03
-1.8971E-03
-1.9002E-03
-1.9033E-03
-1.9042E-03
-1.9019E-03
-1.8959E-03
-1.8875E-03
-1.8781E-03
-1.8689E-03
-1.8621E-03
-1.8600E-03
-1.8628E-03
-1.8679E-03
-1.8724E-03
-1.8744E-03
-1.8734E-03
-1.8702E-03
-1.8668E-03
-1.8641E-03
-1.8621E-03
-1.8601E-03
-1.8576E-03
-1.8545E-03
-1.8519E-03
-1.8500E-03
-1.8479E-03
-1.8456E-03
-1.8442E-03
-1.8437E-03
-1.8434E-03
-1.8431E-03
-1.8435E-03
-1.8447E-03
-1.8465E-03
-1.8480E-03
-1.8487E-03
-1.8490E-03
-1.8488E-03
-1.8473E-03
-1.8450E-03
-1.8434E-03
-1.8438E-03
-1.8465E-03
-1.8501E-03
-1.8530E-03
-1.8553E-03
-1.8573E-03
-1.8573E-03
-1.8557E-03
-1.8550E-03
-1.8571E-03
-1.8612E-03
-1.8655E-03
-1.8686E-03
-1.8697E-03
-1.8694E-03
-1.8693E-03
-1.8706E-03
-1.8724E-03
-1.8735E-03
-1.8741E-03
-1.8750E-03
-1.8769E-03
-1.8798E-03
-1.8819E-03
-1.8820E-03
-1.8802E-03
-1.8774E-03
-1.8746E-03
-1.8730E-03
-1.8738E-03
-1.8773E-03
-1.8823E-03
-1.8871E-03
-1.8901E-03
-1.8915E-03
-1.8926E-03
-1.8939E-03
-1.8949E-03
-1.8947E-03
-1.8934E-03
-1.8929E-03
-1.8943E-03
-1.8971E-03
-1.9005E-03
-1.9043E-03
-1.9076E-03
-1.9091E-03
-1.9077E-03
-1.9038E-03
-1.8978E-03
-1.8911E-03
-1.8858E-03
-1.8828E-03
-1.8816E-03
-1.8813E-03
-1.8811E-03
-1.8805E-03
-1.8799E-03
-1.8792E-03
-1.8782E-03
-1.8769E-03
-1.8758E-03
-1.8745E-03
-1.8723E-03
-1.8690E-03
-1.8652E-03
-1.8622E-03
-1.8605E-03
-1.8587E-03
-1.8558E-03
-1.8511E-03
-1.8446E-03
-1.8361E-03
-1.8264E-03
-1.8165E-03
-1.8067E-03
-1.7978E-03
-1.7914E-03
-1.7880E-03
-1.7863E-03
-1.7851E-03
-1.7830E-03
-1.7791E-03
-1.7749E-03
-1.7726E-03
-1.7728E-03
-1.7749E-03
-1.7780E-03
-1.7799E-03
-1.7799E-03
-1.7790E-03
-1.7783E-03
-1.7768E-03
-1.7749E-03
-1.7743E-03
-1.7751E-03
-1.7761E-03
-1.7768E-03
-1.7770E-03
-1.7765E-03
-1.7758E-03
-1.7772E-03
-1.7814E-03
-1.7864E-03
-1.7899E-03
-1.7903E-03
-1.7875E-03
-1.7821E-03
-1.7754E-03
-1.7684E-03
-1.7624E-03
-1.7581E-03
-1.7556E-03
-1.7547E-03
-1.7558E-03
-1.7590E-03
-1.7628E-03
-1.7662E-03
-1.7696E-03
-1.7725E-03
-1.7746E-03
-1.7771E-03
-1.7801E-03
-1.7832E-03
-1.7864E-03
-1.7900E-03
-1.7944E-03
-1.7987E-03
-1.8016E-03
-1.8021E-03
-1.8003E-03
-1.7965E-03
-1.7919E-03
-1.7875E-03
-1.7840E-03
-1.7809E-03
-1.7772E-03
-1.7729E-03
-1.7686E-03
-1.7645E-03
-1.7598E-03
-1.7535E-03
-1.7463E-03
-1.7401E-03
-1.7363E-03
-1.7345E-03
-1.7338E-03
-1.7329E-03
-1.7310E-03
-1.7285E-03
-1.7268E-03
-1.7276E-03
-1.7315E-03
-1.7369E-03
-1.7414E-03
-1.7431E-03
-1.7419E-03
-1.7389E-03
-1.7353E-03
-1.7327E-03
-1.7322E-03
-1.7340E-03
-1.7364E-03
-1.7374E-03
-1.7360E-03
-1.7323E-03
-1.7275E-03
-1.7233E-03
-1.7203E-03
-1.7175E-03
-1.7140E-03
-1.7093E-03
-1.7032E-03
-1.6964E-03
-1.6906E-03
-1.6874E-03
-1.6872E-03
-1.6889E-03
-1.6910E-03
-1.6928E-03
-1.6940E-03
-1.6936E-03
-1.6911E-03
-1.6865E-03
-1.6810E-03
-1.6766E-03
-1.6747E-03
-1.6743E-03
-1.6738E-03
-1.6722E-03
-1.6696E-03
-1.6662E-03
-1.6628E-03
-1.6595E-03
-1.6564E-03
-1.6542E-03
-1.6544E-03
-1.6570E-03
-1.6601E-03
-1.6623E-03
-1.6634E-03
-1.6646E-03
-1.6667E-03
-1.6707E-03
-1.6761E-03
-1.6816E-03
-1.6856E-03
-1.6881E-03
-1.6899E-03
-1.6914E-03
-1.6922E-03
-1.6911E-03
-1.6878E-03
-1.6834E-03
-1.6797E-03
-1.6776E-03
-1.6774E-03
-1.6787E-03
-1.6805E-03
-1.6822E-03
-1.6840E-03
-1.6852E-03
-1.6846E-03
-1.6815E-03
-1.6764E-03
-1.6713E-03
-1.6689E-03
-1.6703E-03
-1.6738E-03
-1.6775E-03
-1.6803E-03
-1.6818E-03
-1.6817E-03
-1.6805E-03
-1.6789E-03
-1.6775E-03
-1.6764E-03
-1.6754E-03
-1.6745E-03
-1.6737E-03
-1.6720E-03
-1.6689E-03
-1.6654E-03
-1.6625E-03
-1.6612E-03
-1.6620E-03
-1.6647E-03
-1.6677E-03
-1.6697E-03
-1.6703E-03
-1.6699E-03
-1.6695E-03
-1.6707E-03
-1.6734E-03
-1.6771E-03
-1.6813E-03
-1.6855E-03
-1.6887E-03
-1.6897E-03
-1.6882E-03
-1.6852E-03
-1.6826E-03
-1.6818E-03
-1.6828E-03
-1.6846E-03
-1.6858E-03
-1.6854E-03
-1.6836E-03
-1.6812E-03
-1.6789E-03
-1.6768E-03
-1.6752E-03
-1.6748E-03
-1.6755E-03
-1.6755E-03
-1.6731E-03
-1.6676E-03
-1.6605E-03
-1.6533E-03
-1.6477E-03
-1.6446E-03
-1.6438E-03
-1.6445E-03
-1.6464E-03
-1.6492E-03
-1.6512E-03
-1.6511E-03
-1.6497E-03
-1.6492E-03
-1.6515E-03
-1.6563E-03
-1.6621E-03
-1.6671E-03
-1.6705E-03
-1.6730E-03
-1.6751E-03
-1.6772E-03
-1.6796E-03
-1.6824E-03
-1.6843E-03
-1.6837E-03
-1.6807E-03
-1.6768E-03
-1.6734E-03
-1.6704E-03
-1.6668E-03
-1.6623E-03
-1.6582E-03
-1.6564E-03
-1.6573E-03
-1.6591E-03
-1.6597E-03
-1.6579E-03
-1.6548E-03
-1.6517E-03
-1.6490E-03
-1.6463E-03
-1.6430E-03
-1.6391E-03
-1.6343E-03
-1.6282E-03
-1.6206E-03
-1.6119E-03
-1.6039E-03
-1.5984E-03
-1.5962E-03
-1.5963E-03
-1.5968E-03
-1.5966E-03
-1.5956E-03
-1.5936E-03
-1.5905E-03
-1.5866E-03
-1.5822E-03
-1.5776E-03
-1.5726E-03
-1.5673E-03
-1.5625E-03
-1.5588E-03
-1.5561E-03
-1.5535E-03
-1.5507E-03
-1.5478E-03
-1.5449E-03
-1.5426E-03
-1.5413E-03
-1.5409E-03
-1.5409E-03
-1.5417E-03
-1.5443E-03
-1.5486E-03
-1.5534E-03
-1.5573E-03
-1.5589E-03
-1.5580E-03
-1.5560E-03
-1.5542E-03
-1.5528E-03
-1.5509E-03
-1.5483E-03
-1.5470E-03
-1.5482E-03
-1.5515E-03
-1.5553E-03
-1.5583E-03
-1.5602E-03
-1.5614E-03
-1.5621E-03
-1.5620E-03
-1.5610E-03
-1.5591E-03
-1.5563E-03
-1.5527E-03
-1.5480E-03
-1.5419E-03
-1.5359E-03
-1.5317E-03
-1.5294E-03
-1.5278E-03
-1.5255E-03
-1.5228E-03
-1.5204E-03
-1.5184E-03
-1.5169E-03
-1.5151E-03
-1.5123E-03
-1.5096E-03
-1.5084E-03
-1.5085E-03
-1.5085E-03
-1.5076E-03
-1.5057E-03
-1.5035E-03
-1.5012E-03
-1.4993E-03
-1.4982E-03
-1.4980E-03
-1.4979E-03
-1.4975E-03
-1.4968E-03
-1.4958E-03
-1.4951E-03
-1.4954E-03
-1.4969E-03
-1.4990E-03
-1.5011E-03
-1.5029E-03
-1.5045E-03
-1.5059E-03
-1.5070E-03
-1.5076E-03
-1.5076E-03
-1.5071E-03
-1.5065E-03
-1.5066E-03
-1.5074E-03
-1.5087E-03
-1.5098E-03
-1.5103E-03
-1.5101E-03
-1.5087E-03
-1.5060E-03
-1.5026E-03
-1.4991E-03
-1.4967E-03
-1.4965E-03
-1.4982E-03
-1.5004E-03
-1.5018E-03
-1.5020E-03
-1.5013E-03
-1.5003E-03
-1.4990E-03
-1.4978E-03
-1.4970E-03
-1.4965E-03
-1.4965E-03
-1.4973E-03
-1.4991E-03
-1.5017E-03
-1.5045E-03
-1.5072E-03
-1.5091E-03
-1.5097E-03
-1.5095E-03
-1.5093E-03
-1.5092E-03
-1.5089E-03
-1.5085E-03
-1.5089E-03
-1.5111E-03
-1.5147E-03
-1.5182E-03
-1.5206E-03
-1.5215E-03
-1.5217E-03
-1.5219E-03
-1.5224E-03
-1.5231E-03
-1.5240E-03
-1.5250E-03
-1.5260E-03
-1.5269E-03
-1.5279E-03
-1.5289E-03
-1.5297E-03
-1.5302E-03
-1.5302E-03
-1.5293E-03
-1.5280E-03
-1.5270E-03
-1.5266E-03
-1.5262E-03
-1.5257E-03
-1.5252E-03
-1.5243E-03
-1.5228E-03
-1.5209E-03
-1.5189E-03
-1.5170E-03
-1.5154E-03
-1.5147E-03
-1.5152E-03
-1.5167E-03
-1.5188E-03
-1.5212E-03
-1.5237E-03
-1.5254E-03
-1.5261E-03
-1.5266E-03
-1.5277E-03
-1.5287E-03
-1.5287E-03
-1.5277E-03
-1.5268E-03
-1.5268E-03
-1.5272E-03
-1.5273E-03
-1.5267E-03
-1.5259E-03
-1.5249E-03
-1.5236E-03
-1.5215E-03
-1.5190E-03
-1.5166E-03
-1.5148E-03
-1.5138E-03
-1.5139E-03
-1.5150E-03
-1.5163E-03
-1.5163E-03
-1.5144E-03
-1.5115E-03
-1.5089E-03
-1.5079E-03
-1.5082E-03
-1.5088E-03
-1.5089E-03
-1.5086E-03
-1.5080E-03
-1.5068E-03
-1.5047E-03
-1.5015E-03
-1.4980E-03
-1.4953E-03
-1.4934E-03
-1.4916E-03
-1.4892E-03
-1.4864E-03
-1.4837E-03
-1.4813E-03
-1.4790E-03
-1.4770E-03
-1.4755E-03
-1.4738E-03
-1.4714E-03
-1.4682E-03
-1.4647E-03
-1.4611E-03
-1.4578E-03
-1.4547E-03
-1.4519E-03
-1.4499E-03
-1.4493E-03
-1.4497E-03
-1.4506E-03
-1.4517E-03
-1.4523E-03
-1.4521E-03
-1.4510E-03
-1.4493E-03
-1.4475E-03
-1.4456E-03
-1.4430E-03
-1.4399E-03
-1.4367E-03
-1.4340E-03
-1.4324E-03
-1.4322E-03
-1.4330E-03
-1.4340E-03
-1.4347E-03
-1.4347E-03
-1.4341E-03
-1.4331E-03
-1.4322E-03
-1.4316E-03
-1.4311E-03
-1.4307E-03
-1.4305E-03
-1.4299E-03
-1.4282E-03
-1.4252E-03
-1.4213E-03
-1.4180E-03
-1.4165E-03
-1.4171E-03
-1.4192E-03
-1.4217E-03
-1.4236E-03
-1.4245E-03
-1.4242E-03
-1.4224E-03
-1.4197E-03
-1.4169E-03
-1.4144E-03
-1.4120E-03
-1.4102E-03
-1.4096E-03
-1.4099E-03
-1.4104E-03
-1.4102E-03
-1.4088E-03
-1.4066E-03
-1.4049E-03
-1.4046E-03
-1.4055E-03
-1.4070E-03
-1.4081E-03
-1.4080E-03
-1.4065E-03
-1.4040E-03
-1.4010E-03
-1.3977E-03
-1.3946E-03
-1.3923E-03
-1.3910E-03
-1.3907E-03
-1.3909E-03
-1.3909E-03
-1.3908E-03
-1.3909E-03
-1.3909E-03
-1.3909E-03
-1.3909E-03
-1.3915E-03
-1.3931E-03
-1.3954E-03
-1.3973E-03
-1.3981E-03
-1.3977E-03
-1.3969E-03
-1.3961E-03
-1.3954E-03
-1.3944E-03
-1.3931E-03
-1.3920E-03
-1.3913E-03
-1.3908E-03
-1.3905E-03
-1.3903E-03
-1.3903E-03
-1.3908E-03
-1.3921E-03
-1.3937E-03
-1.3952E-03
-1.3967E-03
-1.3977E-03
-1.3976E-03
-1.3963E-03
-1.3946E-03
-1.3934E-03
-1.3926E-03
-1.3919E-03
-1.3919E-03
-1.3927E-03
-1.3939E-03
-1.3951E-03
-1.3958E-03
-1.3956E-03
-1.3948E-03
-1.3941E-03
-1.3942E-03
-1.3948E-03
-1.3954E-03
-1.3960E-03
-1.3964E-03
-1.3968E-03
-1.3966E-03
-1.3956E-03
-1.3938E-03
-1.3916E-03
-1.3894E-03
-1.3877E-03
-1.3865E-03
-1.3855E-03
-1.3843E-03
-1.3829E-03
-1.3817E-03
-1.3810E-03
-1.3810E-03
-1.3819E-03
-1.3832E-03
-1.3844E-03
-1.3850E-03
-1.3844E-03
-1.3823E-03
-1.3792E-03
-1.3758E-03
-1.3729E-03
-1.3708E-03
-1.3695E-03
-1.3686E-03
-1.3674E-03
-1.3658E-03
-1.3642E-03
-1.3631E-03
-1.3623E-03
-1.3615E-03
-1.3604E-03
-1.3593E-03
-1.3589E-03
-1.3593E-03
-1.3598E-03
-1.3598E-03
-1.3599E-03
-1.3604E-03
-1.3609E-03
-1.3616E-03
-1.3625E-03
-1.3633E-03
-1.3636E-03
-1.3634E-03
-1.3627E-03
-1.3623E-03
-1.3627E-03
-1.3640E-03
-1.3652E-03
-1.3655E-03
-1.3654E-03
-1.3657E-03
-1.3664E-03
-1.3673E-03
-1.3681E-03
-1.3687E-03
-1.3693E-03
-1.3699E-03
-1.3705E-03
-1.3716E-03
-1.3731E-03
-1.3741E-03
-1.3738E-03
-1.3724E-03
-1.3699E-03
-1.3668E-03
-1.3633E-03
-1.3595E-03
-1.3554E-03
-1.3516E-03
-1.3487E-03
-1.3468E-03
-1.3456E-03
-1.3447E-03
-1.3441E-03
-1.3444E-03
-1.3454E-03
-1.3463E-03
-1.3460E-03
-1.3447E-03
-1.3433E-03
-1.3424E-03
-1.3421E-03
-1.3421E-03
-1.3425E-03
-1.3443E-03
-1.3473E-03
-1.3512E-03
-1.3554E-03
-1.3588E-03
-1.3605E-03
-1.3608E-03
-1.3598E-03
-1.3577E-03
-1.3547E-03
-1.3514E-03
-1.3486E-03
-1.3472E-03
-1.3476E-03
-1.3491E-03
-1.3512E-03
-1.3535E-03
-1.3556E-03
-1.3569E-03
-1.3571E-03
-1.3556E-03
-1.3529E-03
-1.3500E-03
-1.3480E-03
-1.3471E-03
-1.3471E-03
-1.3471E-03
-1.3466E-03
-1.3454E-03
-1.3434E-03
-1.3410E-03
-1.3385E-03
-1.3362E-03
-1.3347E-03
-1.3342E-03
-1.3344E-03
-1.3343E-03
-1.3336E-03
-1.3323E-03
-1.3305E-03
-1.3283E-03
-1.3261E-03
-1.3243E-03
-1.3231E-03
-1.3227E-03
-1.3235E-03
-1.3249E-03
-1.3264E-03
-1.3275E-03
-1.3285E-03
-1.3299E-03
-1.3320E-03
-1.3344E-03
-1.3364E-03
-1.3374E-03
-1.3378E-03
-1.3377E-03
-1.3372E-03
-1.3362E-03
-1.3350E-03
-1.3333E-03
-1.3304E-03
-1.3264E-03
-1.3224E-03
-1.3190E-03
-1.3162E-03
-1.3133E-03
-1.3101E-03
-1.3073E-03
-1.3049E-03
-1.3029E-03
-1.3007E-03
-1.2981E-03
-1.2958E-03
-1.2948E-03
-1.2952E-03
-1.2970E-03
-1.2999E-03
-1.3038E-03
-1.3079E-03
-1.3115E-03
-1.3135E-03
-1.3133E-03
-1.3119E-03
-1.3103E-03
-1.3089E-03
-1.3074E-03
-1.3058E-03
-1.3048E-03
-1.3047E-03
-1.3053E-03
-1.3062E-03
-1.3071E-03
-1.3079E-03
-1.3090E-03
-1.3099E-03
-1.3103E-03
-1.3102E-03
-1.3103E-03
-1.3113E-03
-1.3130E-03
-1.3152E-03
-1.3181E-03
-1.3213E-03
-1.3242E-03
-1.3263E-03
-1.3276E-03
-1.3288E-03
-1.3306E-03
-1.3334E-03
-1.3363E-03
-1.3382E-03
-1.3389E-03
-1.3386E-03
-1.3376E-03
-1.3363E-03
-1.3352E-03
-1.3344E-03
-1.3336E-03
-1.3321E-03
-1.3298E-03
-1.3272E-03
-1.3249E-03
-1.3229E-03
-1.3208E-03
-1.3184E-03
-1.3156E-03
-1.3130E-03
-1.3108E-03
-1.3088E-03
-1.3068E-03
-1.3057E-03
-1.3060E-03
-1.3076E-03
-1.3097E-03
-1.3120E-03
-1.3143E-03
-1.3164E-03
-1.3184E-03
-1.3200E-03
-1.3211E-03
-1.3218E-03
-1.3222E-03
-1.3223E-03
-1.3214E-03
-1.3195E-03
-1.3171E-03
-1.3148E-03
-1.3130E-03
-1.3116E-03
-1.3106E-03
-1.3103E-03
-1.3110E-03
-1.3123E-03
-1.3131E-03
-1.3131E-03
-1.3126E-03
-1.3117E-03
-1.3107E-03
-1.3101E-03
-1.3099E-03
-1.3101E-03
-1.3105E-03
-1.3108E-03
-1.3109E-03
-1.3108E-03
-1.3112E-03
-1.3120E-03
-1.3125E-03
-1.3122E-03
-1.3108E-03
-1.3084E-03
-1.3060E-03
-1.3044E-03
-1.3040E-03
-1.3043E-03
-1.3049E-03
-1.3052E-03
-1.3059E-03
-1.3072E-03
-1.3089E-03
-1.3101E-03
-1.3101E-03
-1.3094E-03
-1.3084E-03
-1.3077E-03
-1.3072E-03
-1.3066E-03
-1.3063E-03
-1.3066E-03
-1.3069E-03
-1.3068E-03
-1.3064E-03
-1.3064E-03
-1.3075E-03
-1.3096E-03
-1.3116E-03
-1.3129E-03
-1.3135E-03
-1.3135E-03
-1.3129E-03
-1.3122E-03
-1.3123E-03
-1.3139E-03
-1.3174E-03
-1.3222E-03
-1.3267E-03
-1.3298E-03
-1.3310E-03
-1.3305E-03
-1.3290E-03
-1.3270E-03
-1.3246E-03
-1.3218E-03
-1.3190E-03
-1.3168E-03
-1.3152E-03
-1.3138E-03
-1.3120E-03
-1.3098E-03
-1.3075E-03
-1.3059E-03
-1.3048E-03
-1.3040E-03
-1.3033E-03
-1.3027E-03
-1.3024E-03
-1.3021E-03
-1.3013E-03
-1.2999E-03
-1.2991E-03
-1.2995E-03
-1.3012E-03
-1.3038E-03
-1.3067E-03
-1.3098E-03
-1.3124E-03
-1.3139E-03
-1.3143E-03
-1.3140E-03
-1.3135E-03
-1.3129E-03
-1.3122E-03
-1.3113E-03
-1.3099E-03
-1.3085E-03
-1.3075E-03
-1.3067E-03
-1.3060E-03
-1.3056E-03
-1.3057E-03
-1.3063E-03
-1.3068E-03
-1.3070E-03
-1.3072E-03
-1.3077E-03
-1.3082E-03
-1.3081E-03
-1.3075E-03
-1.3069E-03
-1.3065E-03
-1.3063E-03
-1.3058E-03
-1.3053E-03
-1.3054E-03
-1.3065E-03
-1.3079E-03
-1.3088E-03
-1.3092E-03
-1.3098E-03
-1.3112E-03
-1.3133E-03
-1.3157E-03
-1.3175E-03
-1.3184E-03
-1.3185E-03
-1.3185E-03
-1.3189E-03
-1.3198E-03
-1.3216E-03
-1.3243E-03
-1.3279E-03
-1.3321E-03
-1.3362E-03
-1.3393E-03
-1.3414E-03
-1.3428E-03
-1.3443E-03
-1.3458E-03
-1.3469E-03
-1.3474E-03
-1.3476E-03
-1.3475E-03
-1.3469E-03
-1.3456E-03
-1.3440E-03
-1.3422E-03
-1.3402E-03
-1.3389E-03
-1.3385E-03
-1.3391E-03
-1.3400E-03
-1.3412E-03
-1.3429E-03
-1.3446E-03
-1.3458E-03
-1.3466E-03
-1.3471E-03
-1.3477E-03
-1.3486E-03
-1.3499E-03
-1.3515E-03
-1.3533E-03
-1.3554E-03
-1.3573E-03
-1.3584E-03
-1.3586E-03
-1.3582E-03
-1.3576E-03
-1.3573E-03
-1.3576E-03
-1.3584E-03
-1.3593E-03
-1.3598E-03
-1.3600E-03
-1.3606E-03
-1.3614E-03
-1.3619E-03
-1.3620E-03
-1.3619E-03
-1.3623E-03
-1.3636E-03
-1.3656E-03
-1.3679E-03
-1.3699E-03
-1.3715E-03
-1.3732E-03
-1.3751E-03
-1.3762E-03
-1.3759E-03
-1.3755E-03
-1.3758E-03
-1.3769E-03
-1.3777E-03
-1.3774E-03
-1.3764E-03
-1.3754E-03
-1.3748E-03
-1.3744E-03
-1.3734E-03
-1.3719E-03
-1.3700E-03
-1.3680E-03
-1.3653E-03
-1.3614E-03
-1.3567E-03
-1.3518E-03
-1.3469E-03
-1.3426E-03
-1.3391E-03
-1.3364E-03
-1.3349E-03
-1.3345E-03
-1.3347E-03
-1.3350E-03
-1.3355E-03
-1.3365E-03
-1.3384E-03
-1.3408E-03
-1.3427E-03
-1.3433E-03
-1.3428E-03
-1.3417E-03
-1.3406E-03
-1.3398E-03
-1.3393E-03
-1.3394E-03
-1.3402E-03
-1.3416E-03
-1.3430E-03
-1.3445E-03
-1.3460E-03
-1.3478E-03
-1.3498E-03
-1.3512E-03
-1.3515E-03
-1.3512E-03
-1.3511E-03
-1.3516E-03
-1.3523E-03
-1.3525E-03
-1.3518E-03
-1.3503E-03
-1.3485E-03
-1.3466E-03
-1.3447E-03
-1.3429E-03
-1.3414E-03
-1.3402E-03
-1.3386E-03
-1.3365E-03
-1.3344E-03
-1.3328E-03
-1.3321E-03
-1.3326E-03
-1.3339E-03
-1.3357E-03
-1.3373E-03
-1.3385E-03
-1.3391E-03
-1.3389E-03
-1.3382E-03
-1.3369E-03
-1.3354E-03
-1.3339E-03
-1.3328E-03
-1.3326E-03
-1.3333E-03
-1.3345E-03
-1.3354E-03
-1.3352E-03
-1.3336E-03
-1.3311E-03
-1.3284E-03
-1.3270E-03
-1.3274E-03
-1.3293E-03
-1.3311E-03
-1.3322E-03
-1.3327E-03
-1.3332E-03
-1.3333E-03
-1.3330E-03
-1.3324E-03
-1.3322E-03
-1.3325E-03
-1.3334E-03
-1.3346E-03
-1.3361E-03
-1.3379E-03
-1.3400E-03
-1.3418E-03
-1.3432E-03
-1.3442E-03
-1.3455E-03
-1.3471E-03
-1.3486E-03
-1.3495E-03
-1.3500E-03
-1.3503E-03
-1.3508E-03
-1.3521E-03
-1.3538E-03
-1.3555E-03
-1.3567E-03
-1.3573E-03
-1.3575E-03
-1.3577E-03
-1.3583E-03
-1.3593E-03
-1.3605E-03
-1.3617E-03
-1.3622E-03
-1.3619E-03
-1.3615E-03
-1.3613E-03
-1.3614E-03
-1.3619E-03
-1.3623E-03
-1.3624E-03
-1.3623E-03
-1.3616E-03
-1.3606E-03
-1.3590E-03
-1.3574E-03
-1.3565E-03
-1.3570E-03
-1.3588E-03
-1.3611E-03
-1.3629E-03
-1.3644E-03
-1.3657E-03
-1.3666E-03
-1.3671E-03
-1.3674E-03
-1.3683E-03
-1.3700E-03
-1.3719E-03
-1.3733E-03
-1.3739E-03
-1.3740E-03
-1.3739E-03
-1.3736E-03
-1.3735E-03
-1.3735E-03
-1.3737E-03
-1.3741E-03
-1.3748E-03
-1.3755E-03
-1.3764E-03
-1.3777E-03
-1.3789E-03
-1.3789E-03
-1.3777E-03
-1.3764E-03
-1.3758E-03
-1.3759E-03
-1.3763E-03
-1.3768E-03
-1.3778E-03
-1.3795E-03
-1.3810E-03
-1.3820E-03
-1.3827E-03
-1.3838E-03
-1.3852E-03
-1.3863E-03
-1.3866E-03
-1.3861E-03
-1.3851E-03
-1.3839E-03
-1.3823E-03
-1.3801E-03
-1.3772E-03
-1.3744E-03
-1.3726E-03
-1.3721E-03
-1.3724E-03
-1.3727E-03
-1.3728E-03
-1.3726E-03
-1.3724E-03
-1.3727E-03
-1.3733E-03
-1.3737E-03
-1.3743E-03
-1.3752E-03
-1.3760E-03
-1.3766E-03
-1.3767E-03
-1.3759E-03
-1.3743E-03
-1.3723E-03
-1.3702E-03
-1.3686E-03
-1.3677E-03
-1.3675E-03
-1.3677E-03
-1.3680E-03
-1.3684E-03
-1.3686E-03
-1.3685E-03
-1.3687E-03
-1.3696E-03
-1.3713E-03
-1.3736E-03
-1.3764E-03
-1.3792E-03
-1.3821E-03
-1.3849E-03
-1.3871E-03
-1.3884E-03
-1.3894E-03
-1.3904E-03
-1.3914E-03
-1.3924E-03
-1.3928E-03
-1.3920E-03
-1.3898E-03
-1.3868E-03
-1.3835E-03
-1.3803E-03
-1.3771E-03
-1.3746E-03
-1.3731E-03
-1.3727E-03
-1.3731E-03
-1.3740E-03
-1.3747E-03
-1.3746E-03
-1.3736E-03
-1.3720E-03
-1.3703E-03
-1.3691E-03
-1.3685E-03
-1.3684E-03
-1.3684E-03
-1.3687E-03
-1.3694E-03
-1.3705E-03
-1.3713E-03
-1.3714E-03
-1.3705E-03
-1.3693E-03
-1.3684E-03
-1.3680E-03
-1.3677E-03
-1.3672E-03
-1.3670E-03
-1.3674E-03
-1.3681E-03
-1.3692E-03
-1.3706E-03
-1.3725E-03
-1.3750E-03
-1.3777E-03
-1.3807E-03
-1.3833E-03
-1.3854E-03
-1.3870E-03
-1.3880E-03
-1.3889E-03
-1.3902E-03
-1.3920E-03
-1.3939E-03
-1.3952E-03
-1.3955E-03
-1.3949E-03
-1.3936E-03
-1.3913E-03
-1.3879E-03
-1.3838E-03
-1.3797E-03
-1.3760E-03
-1.3731E-03
-1.3712E-03
-1.3703E-03
-1.3700E-03
-1.3703E-03
-1.3709E-03
-1.3716E-03
-1.3722E-03
-1.3722E-03
-1.3715E-03
-1.3707E-03
-1.3707E-03
-1.3720E-03
-1.3740E-03
-1.3762E-03
-1.3782E-03
-1.3798E-03
-1.3810E-03
-1.3820E-03
-1.3828E-03
-1.3834E-03
-1.3839E-03
-1.3851E-03
-1.3870E-03
-1.3889E-03
-1.3902E-03
-1.3908E-03
-1.3908E-03
-1.3905E-03
-1.3901E-03
-1.3895E-03
-1.3892E-03
-1.3894E-03
-1.3900E-03
-1.3907E-03
-1.3910E-03
-1.3913E-03
-1.3922E-03
-1.3938E-03
-1.3959E-03
-1.3975E-03
-1.3981E-03
-1.3975E-03
-1.3962E-03
-1.3946E-03
-1.3932E-03
-1.3926E-03
-1.3928E-03
-1.3933E-03
-1.3937E-03
-1.3937E-03
-1.3931E-03
-1.3918E-03
-1.3901E-03
-1.3882E-03
-1.3860E-03
-1.3837E-03
-1.3815E-03
-1.3797E-03
-1.3788E-03
-1.3789E-03
-1.3797E-03
-1.3808E-03
-1.3815E-03
-1.3816E-03
-1.3818E-03
-1.3821E-03
-1.3825E-03
-1.3829E-03
-1.3834E-03
-1.3840E-03
-1.3849E-03
-1.3861E-03
-1.3873E-03
-1.3880E-03
-1.3880E-03
-1.3874E-03
-1.3865E-03
-1.3860E-03
-1.3864E-03
-1.3872E-03
-1.3881E-03
-1.3887E-03
-1.3883E-03
-1.3873E-03
-1.3867E-03
-1.3873E-03
-1.3886E-03
-1.3900E-03
-1.3906E-03
-1.3904E-03
-1.3900E-03
-1.3894E-03
-1.3884E-03
-1.3868E-03
-1.3853E-03
-1.3845E-03
-1.3844E-03
-1.3846E-03
-1.3851E-03
-1.3858E-03
-1.3864E-03
-1.3867E-03
-1.3870E-03
-1.3873E-03
-1.3878E-03
-1.3879E-03
-1.3871E-03
-1.3852E-03
-1.3827E-03
-1.3800E-03
-1.3777E-03
-1.3761E-03
-1.3754E-03
-1.3757E-03
-1.3765E-03
-1.3775E-03
-1.3783E-03
-1.3792E-03
-1.3799E-03
-1.3804E-03
-1.3805E-03
-1.3803E-03
-1.3800E-03
-1.3800E-03
-1.3801E-03
-1.3798E-03
-1.3793E-03
-1.3790E-03
-1.3792E-03
-1.3800E-03
-1.3810E-03
-1.3817E-03
-1.3822E-03
-1.3827E-03
-1.3837E-03
-1.3857E-03
-1.3882E-03
-1.3904E-03
-1.3915E-03
-1.3916E-03
-1.3911E-03
-1.3907E-03
-1.3907E-03
-1.3912E-03
-1.3920E-03
-1.3928E-03
-1.3939E-03
-1.3952E-03
-1.3960E-03
-1.3958E-03
-1.3948E-03
-1.3940E-03
-1.3940E-03
-1.3946E-03
-1.3956E-03
-1.3965E-03
-1.3974E-03
-1.3982E-03
-1.3984E-03
-1.3978E-03
-1.3966E-03
-1.3951E-03
-1.3939E-03
-1.3932E-03
-1.3932E-03
-1.3937E-03
-1.3946E-03
-1.3954E-03
-1.3958E-03
-1.3962E-03
-1.3968E-03
-1.3975E-03
-1.3981E-03
-1.3986E-03
-1.3991E-03
-1.3998E-03
-1.4005E-03
-1.4012E-03
-1.4017E-03
-1.4021E-03
-1.4021E-03
-1.4018E-03
-1.4013E-03
-1.4008E-03
-1.4003E-03
-1.4001E-03
-1.4005E-03
-1.4015E-03
-1.4031E-03
-1.4052E-03
-1.4075E-03
-1.4094E-03
-1.4106E-03
-1.4111E-03
-1.4109E-03
-1.4099E-03
-1.4087E-03
-1.4078E-03
-1.4076E-03
-1.4078E-03
-1.4080E-03
-1.4079E-03
-1.4077E-03
-1.4077E-03
-1.4079E-03
-1.4082E-03
-1.4087E-03
-1.4090E-03
-1.4090E-03
-1.4089E-03
-1.4089E-03
-1.4087E-03
-1.4079E-03
-1.4062E-03
-1.4039E-03
-1.4015E-03
-1.3995E-03
-1.3981E-03
-1.3970E-03
-1.3962E-03
-1.3956E-03
-1.3947E-03
-1.3931E-03
-1.3909E-03
-1.3887E-03
-1.3870E-03
-1.3858E-03
-1.3850E-03
-1.3844E-03
-1.3837E-03
-1.3830E-03
-1.3824E-03
-1.3821E-03
-1.3821E-03
-1.3824E-03
-1.3829E-03
-1.3836E-03
-1.3843E-03
-1.3849E-03
-1.3852E-03
-1.3855E-03
-1.3859E-03
-1.3866E-03
-1.3877E-03
-1.3888E-03
-1.3899E-03
-1.3911E-03
-1.3925E-03
-1.3942E-03
-1.3962E-03
-1.3982E-03
-1.4003E-03
-1.4024E-03
-1.4043E-03
-1.4051E-03
-1.4044E-03
-1.4028E-03
-1.4016E-03
-1.4016E-03
-1.4025E-03
-1.4038E-03
-1.4055E-03
-1.4073E-03
-1.4086E-03
-1.4088E-03
-1.4079E-03
-1.4064E-03
-1.4049E-03
-1.4041E-03
-1.4040E-03
-1.4040E-03
-1.4037E-03
-1.4032E-03
-1.4025E-03
-1.4017E-03
-1.4009E-03
-1.4004E-03
-1.4003E-03
-1.4007E-03
-1.4014E-03
-1.4016E-03
-1.4011E-03
-1.4004E-03
-1.4004E-03
-1.4012E-03
-1.4019E-03
-1.4022E-03
-1.4021E-03
-1.4019E-03
-1.4014E-03
-1.4005E-03
-1.3995E-03
-1.3986E-03
-1.3981E-03
-1.3981E-03
-1.3986E-03
-1.3991E-03
-1.3997E-03
-1.4005E-03
-1.4010E-03
-1.4008E-03
-1.4000E-03
-1.3990E-03
-1.3985E-03
-1.3990E-03
-1.4002E-03
-1.4020E-03
-1.4041E-03
-1.4063E-03
-1.4084E-03
-1.4097E-03
-1.4100E-03
-1.4094E-03
-1.4082E-03
-1.4068E-03
-1.4057E-03
-1.4052E-03
-1.4052E-03
-1.4057E-03
-1.4063E-03
-1.4069E-03
-1.4074E-03
-1.4078E-03
-1.4081E-03
-1.4080E-03
-1.4072E-03
-1.4061E-03
-1.4053E-03
-1.4048E-03
-1.4044E-03
-1.4041E-03
-1.4042E-03
-1.4048E-03
-1.4057E-03
-1.4067E-03
-1.4080E-03
-1.4093E-03
-1.4101E-03
-1.4099E-03
-1.4088E-03
-1.4074E-03
-1.4060E-03
-1.4043E-03
-1.4023E-03
-1.4003E-03
-1.3988E-03
-1.3977E-03
-1.3968E-03
-1.3957E-03
-1.3950E-03
-1.3950E-03
-1.3958E-03
-1.3969E-03
-1.3979E-03
-1.3992E-03
-1.4009E-03
-1.4024E-03
-1.4036E-03
-1.4037E-03
-1.4028E-03
-1.4018E-03
-1.4013E-03
-1.4013E-03
-1.4013E-03
-1.4013E-03
-1.4019E-03
-1.4035E-03
-1.4057E-03
-1.4080E-03
-1.4097E-03
-1.4109E-03
-1.4117E-03
-1.4120E-03
-1.4118E-03
-1.4113E-03
-1.4105E-03
-1.4096E-03
-1.4091E-03
-1.4091E-03
-1.4092E-03
-1.4090E-03
-1.4082E-03
-1.4072E-03
-1.4062E-03
-1.4056E-03
-1.4052E-03
-1.4050E-03
-1.4052E-03
-1.4061E-03
-1.4075E-03
-1.4088E-03
-1.4095E-03
-1.4096E-03
-1.4095E-03
-1.4098E-03
-1.4109E-03
-1.4126E-03
-1.4146E-03
-1.4166E-03
-1.4186E-03
-1.4204E-03
-1.4218E-03
-1.4226E-03
-1.4228E-03
-1.4223E-03
-1.4213E-03
-1.4200E-03
-1.4192E-03
-1.4188E-03
-1.4187E-03
-1.4185E-03
-1.4183E-03
-1.4179E-03
-1.4175E-03
-1.4169E-03
-1.4161E-03
-1.4155E-03
-1.4154E-03
-1.4162E-03
-1.4176E-03
-1.4188E-03
-1.4192E-03
-1.4188E-03
-1.4178E-03
-1.4162E-03
-1.4141E-03
-1.4117E-03
-1.4097E-03
-1.4085E-03
-1.4076E-03
-1.4068E-03
-1.4062E-03
-1.4063E-03
-1.4069E-03
-1.4077E-03
-1.4081E-03
-1.4076E-03
-1.4067E-03
-1.4062E-03
-1.4061E-03
-1.4066E-03
-1.4076E-03
-1.4090E-03
-1.4104E-03
-1.4117E-03
-1.4129E-03
-1.4141E-03
-1.4153E-03
-1.4165E-03
-1.4176E-03
-1.4190E-03
-1.4207E-03
-1.4225E-03
-1.4242E-03
-1.4254E-03
-1.4260E-03
-1.4258E-03
-1.4251E-03
-1.4244E-03
-1.4241E-03
-1.4241E-03
-1.4241E-03
-1.4239E-03
-1.4236E-03
-1.4228E-03
-1.4211E-03
-1.4186E-03
-1.4160E-03
-1.4141E-03
-1.4129E-03
-1.4121E-03
-1.4114E-03
-1.4105E-03
-1.4093E-03
-1.4080E-03
-1.4066E-03
-1.4048E-03
-1.4028E-03
-1.4012E-03
-1.4004E-03
-1.4003E-03
-1.4006E-03
-1.4013E-03
-1.4024E-03
-1.4036E-03
-1.4045E-03
-1.4053E-03
-1.4061E-03
-1.4066E-03
-1.4069E-03
-1.4071E-03
-1.4072E-03
-1.4070E-03
-1.4062E-03
-1.4047E-03
-1.4028E-03
-1.4009E-03
-1.3994E-03
-1.3984E-03
-1.3979E-03
-1.3976E-03
-1.3973E-03
-1.3968E-03
-1.3959E-03
-1.3950E-03
-1.3948E-03
-1.3953E-03
-1.3959E-03
-1.3957E-03
-1.3952E-03
-1.3952E-03
-1.3961E-03
-1.3975E-03
-1.3987E-03
-1.3997E-03
-1.4005E-03
-1.4011E-03
-1.4010E-03
-1.4005E-03
-1.3999E-03
-1.3998E-03
-1.3998E-03
-1.3996E-03
-1.3992E-03
-1.3991E-03
-1.3997E-03
-1.4007E-03
-1.4016E-03
-1.4019E-03
-1.4017E-03
-1.4011E-03
-1.4004E-03
-1.4000E-03
-1.4004E-03
-1.4013E-03
-1.4023E-03
-1.4031E-03
-1.4036E-03
-1.4039E-03
-1.4039E-03
-1.4036E-03
-1.4033E-03
-1.4032E-03
-1.4034E-03
-1.4039E-03
-1.4046E-03
-1.4057E-03
-1.4070E-03
-1.4084E-03
-1.4090E-03
-1.4085E-03
-1.4072E-03
-1.4055E-03
-1.4040E-03
-1.4027E-03
-1.4016E-03
-1.4007E-03
-1.3999E-03
-1.3991E-03
-1.3979E-03
-1.3961E-03
-1.3941E-03
-1.3928E-03
-1.3925E-03
-1.3924E-03
-1.3921E-03
-1.3919E-03
-1.3923E-03
-1.3927E-03
-1.3925E-03
-1.3913E-03
-1.3894E-03
-1.3872E-03
-1.3851E-03
-1.3830E-03
-1.3811E-03
-1.3796E-03
-1.3785E-03
-1.3773E-03
-1.3760E-03
-1.3747E-03
-1.3735E-03
-1.3724E-03
-1.3710E-03
-1.3697E-03
-1.3685E-03
-1.3676E-03
-1.3672E-03
-1.3670E-03
-1.3670E-03
-1.3670E-03
-1.3669E-03
-1.3666E-03
-1.3659E-03
-1.3652E-03
-1.3645E-03
-1.3636E-03
-1.3621E-03
-1.3600E-03
-1.3578E-03
-1.3558E-03
-1.3543E-03
-1.3527E-03
-1.3509E-03
-1.3485E-03
-1.3457E-03
-1.3426E-03
-1.3394E-03
-1.3363E-03
-1.3337E-03
-1.3317E-03
-1.3305E-03
-1.3300E-03
-1.3300E-03
-1.3299E-03
-1.3298E-03
-1.3298E-03
-1.3301E-03
-1.3308E-03
-1.3318E-03
-1.3333E-03
-1.3349E-03
-1.3362E-03
-1.3369E-03
-1.3377E-03
-1.3389E-03
-1.3409E-03
-1.3434E-03
-1.3463E-03
-1.3489E-03
-1.3511E-03
-1.3532E-03
-1.3552E-03
-1.3569E-03
-1.3583E-03
-1.3592E-03
-1.3599E-03
-1.3609E-03
-1.3626E-03
-1.3650E-03
-1.3679E-03
-1.3708E-03
-1.3732E-03
-1.3753E-03
-1.3771E-03
-1.3789E-03
-1.3806E-03
-1.3818E-03
-1.3823E-03
-1.3825E-03
-1.3826E-03
-1.3831E-03
-1.3840E-03
-1.3856E-03
-1.3877E-03
-1.3900E-03
-1.3923E-03
-1.3941E-03
-1.3953E-03
-1.3960E-03
-1.3967E-03
-1.3982E-03
-1.4009E-03
-1.4046E-03
-1.4091E-03
-1.4142E-03
-1.4197E-03
-1.4255E-03
-1.4311E-03
-1.4361E-03
-1.4401E-03
-1.4432E-03
-1.4459E-03
-1.4487E-03
-1.4524E-03
-1.4572E-03
-1.4631E-03
-1.4696E-03
-1.4759E-03
-1.4814E-03
-1.4856E-03
-1.4886E-03
-1.4908E-03
-1.4926E-03
-1.4944E-03
-1.4963E-03
-1.4981E-03
-1.4997E-03
-1.5006E-03
-1.5012E-03
-1.5015E-03
-1.5016E-03
-1.5014E-03
-1.5006E-03
-1.4993E-03
-1.4979E-03
-1.4968E-03
-1.4961E-03
-1.4959E-03
-1.4963E-03
-1.4967E-03
-1.4969E-03
-1.4969E-03
-1.4963E-03
-1.4953E-03
-1.4940E-03
-1.4928E-03
-1.4919E-03
-1.4916E-03
-1.4921E-03
-1.4937E-03
-1.4962E-03
-1.4984E-03
-1.4994E-03
-1.4987E-03
-1.4967E-03
-1.4938E-03
-1.4907E-03
-1.4877E-03
-1.4852E-03
-1.4833E-03
-1.4820E-03
-1.4806E-03
-1.4784E-03
-1.4750E-03
-1.4705E-03
-1.4652E-03
-1.4596E-03
-1.4545E-03
-1.4499E-03
-1.4457E-03
-1.4417E-03
-1.4377E-03
-1.4336E-03
-1.4291E-03
-1.4239E-03
-1.4184E-03
-1.4134E-03
-1.4098E-03
-1.4077E-03
-1.4067E-03
-1.4063E-03
-1.4063E-03
-1.4063E-03
-1.4058E-03
-1.4049E-03
-1.4037E-03
-1.4026E-03
-1.4018E-03
-1.4013E-03
-1.4012E-03
-1.4018E-03
-1.4031E-03
-1.4051E-03
-1.4074E-03
-1.4096E-03
-1.4113E-03
-1.4128E-03
-1.4145E-03
-1.4168E-03
-1.4196E-03
-1.4232E-03
-1.4274E-03
-1.4320E-03
-1.4364E-03
-1.4404E-03
-1.4437E-03
-1.4460E-03
-1.4474E-03
-1.4480E-03
-1.4481E-03
-1.4484E-03
-1.4494E-03
-1.4513E-03
-1.4534E-03
-1.4550E-03
-1.4557E-03
-1.4554E-03
-1.4544E-03
-1.4530E-03
-1.4517E-03
-1.4506E-03
-1.4499E-03
-1.4498E-03
-1.4502E-03
-1.4505E-03
-1.4502E-03
-1.4491E-03
-1.4473E-03
-1.4454E-03
-1.4437E-03
-1.4425E-03
-1.4419E-03
-1.4417E-03
-1.4419E-03
-1.4425E-03
-1.4436E-03
-1.4457E-03
-1.4484E-03
-1.4510E-03
-1.4526E-03
-1.4531E-03
-1.4527E-03
-1.4523E-03
-1.4523E-03
-1.4532E-03
-1.4548E-03
-1.4565E-03
-1.4581E-03
-1.4596E-03
-1.4609E-03
-1.4623E-03
-1.4641E-03
-1.4663E-03
-1.4690E-03
-1.4723E-03
-1.4760E-03
-1.4800E-03
-1.4842E-03
-1.4888E-03
-1.4936E-03
-1.4986E-03
-1.5036E-03
-1.5082E-03
-1.5122E-03
-1.5156E-03
-1.5188E-03
-1.5216E-03
-1.5240E-03
-1.5263E-03
-1.5285E-03
-1.5307E-03
-1.5333E-03
-1.5364E-03
-1.5401E-03
-1.5440E-03
-1.5474E-03
-1.5502E-03
-1.5527E-03
-1.5549E-03
-1.5568E-03
-1.5584E-03
-1.5594E-03
-1.5600E-03
-1.5602E-03
-1.5597E-03
-1.5586E-03
-1.5574E-03
-1.5566E-03
-1.5562E-03
-1.5560E-03
-1.5560E-03
-1.5565E-03
-1.5575E-03
-1.5588E-03
-1.5599E-03
-1.5605E-03
-1.5609E-03
-1.5613E-03
-1.5616E-03
-1.5616E-03
-1.5619E-03
-1.5628E-03
-1.5642E-03
-1.5661E-03
-1.5682E-03
-1.5703E-03
-1.5724E-03
-1.5739E-03
-1.5751E-03
-1.5762E-03
-1.5777E-03
-1.5796E-03
-1.5813E-03
-1.5822E-03
-1.5819E-03
-1.5806E-03
-1.5789E-03
-1.5776E-03
-1.5767E-03
-1.5764E-03
-1.5765E-03
-1.5769E-03
-1.5773E-03
-1.5774E-03
-1.5769E-03
-1.5758E-03
-1.5746E-03
-1.5734E-03
-1.5724E-03
-1.5717E-03
-1.5713E-03
-1.5712E-03
-1.5712E-03
-1.5708E-03
-1.5699E-03
-1.5686E-03
-1.5670E-03
-1.5650E-03
-1.5628E-03
-1.5606E-03
-1.5589E-03
-1.5578E-03
-1.5576E-03
-1.5583E-03
-1.5597E-03
-1.5612E-03
-1.5624E-03
-1.5627E-03
-1.5620E-03
-1.5604E-03
-1.5585E-03
-1.5565E-03
-1.5546E-03
-1.5529E-03
-1.5511E-03
-1.5494E-03
-1.5479E-03
-1.5465E-03
-1.5452E-03
-1.5438E-03
-1.5423E-03
-1.5405E-03
-1.5389E-03
-1.5373E-03
-1.5357E-03
-1.5338E-03
-1.5318E-03
-1.5294E-03
-1.5268E-03
-1.5236E-03
-1.5204E-03
-1.5177E-03
-1.5159E-03
-1.5148E-03
-1.5142E-03
-1.5140E-03
-1.5143E-03
-1.5151E-03
-1.5163E-03
-1.5173E-03
-1.5182E-03
-1.5190E-03
-1.5199E-03
-1.5210E-03
-1.5220E-03
-1.5227E-03
-1.5233E-03
-1.5244E-03
-1.5261E-03
-1.5278E-03
-1.5291E-03
-1.5297E-03
-1.5304E-03
-1.5315E-03
-1.5329E-03
-1.5339E-03
-1.5342E-03
-1.5341E-03
-1.5339E-03
-1.5339E-03
-1.5342E-03
-1.5347E-03
-1.5353E-03
-1.5358E-03
-1.5362E-03
-1.5364E-03
-1.5365E-03
-1.5367E-03
-1.5371E-03
-1.5375E-03
-1.5380E-03
-1.5382E-03
-1.5384E-03
-1.5390E-03
-1.5399E-03
-1.5410E-03
-1.5421E-03
-1.5432E-03
-1.5445E-03
-1.5458E-03
-1.5469E-03
-1.5479E-03
-1.5490E-03
-1.5502E-03
-1.5515E-03
-1.5529E-03
-1.5549E-03
-1.5577E-03
-1.5610E-03
-1.5639E-03
-1.5657E-03
-1.5664E-03
-1.5670E-03
-1.5681E-03
-1.5698E-03
-1.5716E-03
-1.5729E-03
-1.5736E-03
-1.5741E-03
-1.5750E-03
-1.5760E-03
-1.5769E-03
-1.5775E-03
-1.5780E-03
-1.5784E-03
-1.5789E-03
-1.5795E-03
-1.5799E-03
-1.5800E-03
-1.5800E-03
-1.5799E-03
-1.5799E-03
-1.5800E-03
-1.5802E-03
-1.5803E-03
-1.5801E-03
-1.5792E-03
-1.5779E-03
-1.5761E-03
-1.5742E-03
-1.5724E-03
-1.5710E-03
-1.5700E-03
-1.5692E-03
-1.5687E-03
-1.5687E-03
-1.5688E-03
-1.5688E-03
-1.5685E-03
-1.5680E-03
-1.5673E-03
-1.5667E-03
-1.5662E-03
-1.5655E-03
-1.5647E-03
-1.5640E-03
-1.5635E-03
-1.5633E-03
-1.5633E-03
-1.5634E-03
-1.5633E-03
-1.5626E-03
-1.5616E-03
-1.5607E-03
-1.5600E-03
-1.5598E-03
-1.5602E-03
-1.5614E-03
-1.5631E-03
-1.5652E-03
-1.5675E-03
-1.5695E-03
-1.5712E-03
-1.5726E-03
-1.5739E-03
-1.5753E-03
-1.5768E-03
-1.5787E-03
-1.5813E-03
-1.5843E-03
-1.5874E-03
-1.5900E-03
-1.5916E-03
-1.5923E-03
-1.5921E-03
-1.5913E-03
-1.5901E-03
-1.5885E-03
-1.5869E-03
-1.5859E-03
-1.5857E-03
-1.5864E-03
-1.5874E-03
-1.5879E-03
-1.5873E-03
-1.5861E-03
-1.5849E-03
-1.5844E-03
-1.5849E-03
-1.5857E-03
-1.5863E-03
-1.5865E-03
-1.5869E-03
-1.5876E-03
-1.5884E-03
-1.5892E-03
-1.5897E-03
-1.5898E-03
-1.5894E-03
-1.5885E-03
-1.5873E-03
-1.5862E-03
-1.5857E-03
-1.5858E-03
-1.5863E-03
-1.5869E-03
-1.5877E-03
-1.5882E-03
-1.5885E-03
-1.5882E-03
-1.5877E-03
-1.5875E-03
-1.5878E-03
-1.5882E-03
-1.5888E-03
-1.5892E-03
-1.5897E-03
-1.5900E-03
-1.5899E-03
-1.5894E-03
-1.5889E-03
-1.5884E-03
-1.5877E-03
-1.5867E-03
-1.5852E-03
-1.5836E-03
-1.5821E-03
-1.5809E-03
-1.5799E-03
-1.5788E-03
-1.5775E-03
-1.5764E-03
-1.5759E-03
-1.5761E-03
-1.5767E-03
-1.5771E-03
-1.5772E-03
-1.5771E-03
-1.5773E-03
-1.5778E-03
-1.5784E-03
-1.5790E-03
-1.5797E-03
-1.5802E-03
-1.5802E-03
-1.5802E-03
-1.5804E-03
-1.5813E-03
-1.5826E-03
-1.5838E-03
-1.5847E-03
-1.5854E-03
-1.5859E-03
-1.5861E-03
-1.5858E-03
-1.5849E-03
-1.5835E-03
-1.5820E-03
-1.5809E-03
-1.5802E-03
-1.5797E-03
-1.5791E-03
-1.5778E-03
-1.5758E-03
-1.5732E-03
-1.5702E-03
-1.5670E-03
-1.5635E-03
-1.5598E-03
-1.5559E-03
-1.5522E-03
-1.5490E-03
-1.5464E-03
-1.5442E-03
-1.5425E-03
-1.5410E-03
-1.5395E-03
-1.5379E-03
-1.5360E-03
-1.5340E-03
-1.5324E-03
-1.5311E-03
-1.5303E-03
-1.5298E-03
-1.5295E-03
-1.5290E-03
-1.5281E-03
-1.5271E-03
-1.5265E-03
-1.5264E-03
-1.5265E-03
-1.5268E-03
-1.5271E-03
-1.5275E-03
-1.5278E-03
-1.5275E-03
-1.5262E-03
-1.5242E-03
-1.5219E-03
-1.5199E-03
-1.5181E-03
-1.5161E-03
-1.5140E-03
-1.5118E-03
-1.5097E-03
-1.5079E-03
-1.5063E-03
-1.5046E-03
-1.5032E-03
-1.5017E-03
-1.5001E-03
-1.4983E-03
-1.4968E-03
-1.4955E-03
-1.4942E-03
-1.4929E-03
-1.4916E-03
-1.4902E-03
-1.4888E-03
-1.4878E-03
-1.4873E-03
-1.4873E-03
-1.4873E-03
-1.4874E-03
-1.4877E-03
-1.4880E-03
-1.4884E-03
-1.4885E-03
-1.4883E-03
-1.4878E-03
-1.4876E-03
-1.4878E-03
-1.4883E-03
-1.4887E-03
-1.4888E-03
-1.4891E-03
-1.4894E-03
-1.4894E-03
-1.4885E-03
-1.4870E-03
-1.4854E-03
-1.4840E-03
-1.4832E-03
-1.4829E-03
-1.4827E-03
-1.4824E-03
-1.4818E-03
-1.4806E-03
-1.4789E-03
-1.4770E-03
-1.4752E-03
-1.4741E-03
-1.4737E-03
-1.4742E-03
-1.4750E-03
-1.4757E-03
-1.4765E-03
-1.4777E-03
-1.4793E-03
-1.4813E-03
-1.4834E-03
-1.4856E-03
-1.4877E-03
-1.4899E-03
-1.4919E-03
-1.4937E-03
-1.4950E-03
-1.4957E-03
-1.4959E-03
-1.4958E-03
-1.4953E-03
-1.4948E-03
-1.4942E-03
-1.4934E-03
-1.4927E-03
-1.4925E-03
-1.4931E-03
-1.4944E-03
-1.4958E-03
-1.4964E-03
-1.4960E-03
-1.4944E-03
-1.4918E-03
-1.4890E-03
-1.4865E-03
-1.4851E-03
-1.4847E-03
-1.4847E-03
-1.4845E-03
-1.4837E-03
-1.4820E-03
-1.4799E-03
-1.4781E-03
-1.4769E-03
-1.4762E-03
-1.4755E-03
-1.4743E-03
-1.4722E-03
-1.4698E-03
-1.4674E-03
-1.4654E-03
-1.4636E-03
-1.4617E-03
-1.4597E-03
-1.4579E-03
-1.4563E-03
-1.4547E-03
-1.4529E-03
-1.4511E-03
-1.4496E-03
-1.4486E-03
-1.4478E-03
-1.4471E-03
-1.4462E-03
-1.4448E-03
-1.4429E-03
-1.4408E-03
-1.4391E-03
-1.4382E-03
-1.4377E-03
-1.4378E-03
-1.4386E-03
-1.4398E-03
-1.4409E-03
-1.4416E-03
-1.4417E-03
-1.4412E-03
-1.4406E-03
-1.4405E-03
-1.4410E-03
-1.4423E-03
-1.4440E-03
-1.4458E-03
-1.4468E-03
-1.4470E-03
-1.4465E-03
-1.4459E-03
-1.4455E-03
-1.4454E-03
-1.4455E-03
-1.4458E-03
-1.4458E-03
-1.4454E-03
-1.4448E-03
-1.4444E-03
-1.4444E-03
-1.4448E-03
-1.4457E-03
-1.4469E-03
-1.4480E-03
-1.4486E-03
-1.4482E-03
-1.4469E-03
-1.4450E-03
-1.4432E-03
-1.4422E-03
-1.4419E-03
-1.4417E-03
-1.4417E-03
-1.4425E-03
-1.4437E-03
-1.4451E-03
-1.4462E-03
-1.4471E-03
-1.4482E-03
-1.4494E-03
-1.4503E-03
-1.4510E-03
-1.4514E-03
-1.4517E-03
-1.4519E-03
-1.4520E-03
-1.4521E-03
-1.4519E-03
-1.4515E-03
-1.4509E-03
-1.4503E-03
-1.4499E-03
-1.4497E-03
-1.4499E-03
-1.4509E-03
-1.4526E-03
-1.4547E-03
-1.4569E-03
-1.4589E-03
-1.4605E-03
-1.4620E-03
-1.4636E-03
-1.4653E-03
-1.4670E-03
-1.4688E-03
-1.4711E-03
-1.4742E-03
-1.4778E-03
-1.4811E-03
-1.4837E-03
-1.4858E-03
-1.4876E-03
-1.4896E-03
-1.4915E-03
-1.4930E-03
-1.4940E-03
-1.4945E-03
-1.4948E-03
-1.4948E-03
-1.4947E-03
-1.4945E-03
-1.4942E-03
-1.4939E-03
-1.4938E-03
-1.4942E-03
-1.4950E-03
-1.4960E-03
-1.4968E-03
-1.4974E-03
-1.4980E-03
-1.4981E-03
-1.4976E-03
-1.4964E-03
-1.4951E-03
-1.4941E-03
-1.4930E-03
-1.4916E-03
-1.4902E-03
-1.4889E-03
-1.4878E-03
-1.4868E-03
-1.4855E-03
-1.4837E-03
-1.4821E-03
-1.4811E-03
-1.4807E-03
-1.4804E-03
-1.4797E-03
-1.4788E-03
-1.4773E-03
-1.4749E-03
-1.4718E-03
-1.4685E-03
-1.4656E-03
-1.4633E-03
-1.4613E-03
-1.4598E-03
-1.4585E-03
-1.4574E-03
-1.4562E-03
-1.4547E-03
-1.4530E-03
-1.4513E-03
-1.4498E-03
-1.4487E-03
-1.4477E-03
-1.4461E-03
-1.4436E-03
-1.4409E-03
-1.4384E-03
-1.4365E-03
-1.4349E-03
-1.4335E-03
-1.4317E-03
-1.4299E-03
-1.4283E-03
-1.4267E-03
-1.4249E-03
-1.4230E-03
-1.4211E-03
-1.4197E-03
-1.4185E-03
-1.4175E-03
-1.4165E-03
-1.4152E-03
-1.4136E-03
-1.4116E-03
-1.4094E-03
-1.4069E-03
-1.4041E-03
-1.4017E-03
-1.3998E-03
-1.3987E-03
-1.3983E-03
-1.3982E-03
-1.3978E-03
-1.3971E-03
-1.3958E-03
-1.3944E-03
-1.3933E-03
-1.3927E-03
-1.3930E-03
-1.3941E-03
-1.3957E-03
-1.3977E-03
-1.3997E-03
-1.4014E-03
-1.4025E-03
-1.4028E-03
-1.4022E-03
-1.4013E-03
-1.4008E-03
-1.4009E-03
-1.4013E-03
-1.4014E-03
-1.4008E-03
-1.3996E-03
-1.3982E-03
-1.3967E-03
-1.3950E-03
-1.3933E-03
-1.3918E-03
-1.3904E-03
-1.3891E-03
-1.3876E-03
-1.3865E-03
-1.3860E-03
-1.3862E-03
-1.3867E-03
-1.3875E-03
-1.3885E-03
-1.3899E-03
-1.3919E-03
-1.3937E-03
-1.3947E-03
-1.3946E-03
-1.3941E-03
-1.3940E-03
-1.3941E-03
-1.3945E-03
-1.3952E-03
-1.3962E-03
-1.3972E-03
-1.3979E-03
-1.3983E-03
-1.3990E-03
-1.4004E-03
-1.4024E-03
-1.4046E-03
-1.4068E-03
-1.4086E-03
-1.4098E-03
-1.4104E-03
-1.4105E-03
-1.4104E-03
-1.4106E-03
-1.4112E-03
-1.4121E-03
-1.4136E-03
-1.4156E-03
-1.4179E-03
-1.4196E-03
-1.4207E-03
-1.4212E-03
-1.4218E-03
-1.4232E-03
-1.4255E-03
-1.4281E-03
-1.4308E-03
-1.4333E-03
-1.4352E-03
-1.4367E-03
-1.4378E-03
-1.4390E-03
-1.4405E-03
-1.4423E-03
-1.4442E-03
-1.4460E-03
-1.4474E-03
-1.4481E-03
-1.4482E-03
-1.4481E-03
-1.4479E-03
-1.4472E-03
-1.4463E-03
-1.4458E-03
-1.4461E-03
-1.4472E-03
-1.4484E-03
-1.4491E-03
-1.4490E-03
-1.4483E-03
-1.4476E-03
-1.4471E-03
-1.4469E-03
-1.4470E-03
-1.4474E-03
-1.4479E-03
-1.4488E-03
-1.4498E-03
-1.4506E-03
-1.4507E-03
-1.4504E-03
-1.4506E-03
-1.4514E-03
-1.4522E-03
-1.4524E-03
-1.4518E-03
-1.4508E-03
-1.4499E-03
-1.4495E-03
-1.4497E-03
-1.4501E-03
-1.4503E-03
-1.4503E-03
-1.4501E-03
-1.4496E-03
-1.4485E-03
-1.4470E-03
-1.4452E-03
-1.4436E-03
-1.4424E-03
-1.4414E-03
-1.4404E-03
-1.4396E-03
-1.4390E-03
-1.4385E-03
-1.4378E-03
-1.4371E-03
-1.4367E-03
-1.4369E-03
-1.4376E-03
-1.4383E-03
-1.4389E-03
-1.4393E-03
-1.4395E-03
-1.4395E-03
-1.4395E-03
-1.4394E-03
-1.4395E-03
-1.4397E-03
-1.4401E-03
-1.4404E-03
-1.4405E-03
-1.4402E-03
-1.4395E-03
-1.4391E-03
-1.4391E-03
-1.4392E-03
-1.4389E-03
-1.4381E-03
-1.4369E-03
-1.4355E-03
-1.4338E-03
-1.4323E-03
-1.4314E-03
-1.4316E-03
-1.4328E-03
-1.4339E-03
-1.4339E-03
-1.4325E-03
-1.4302E-03
-1.4277E-03
-1.4255E-03
-1.4238E-03
-1.4228E-03
-1.4225E-03
-1.4225E-03
-1.4226E-03
-1.4227E-03
-1.4228E-03
-1.4227E-03
-1.4220E-03
-1.4207E-03
-1.4191E-03
-1.4179E-03
-1.4173E-03
-1.4172E-03
-1.4171E-03
-1.4172E-03
-1.4175E-03
-1.4178E-03
-1.4179E-03
-1.4171E-03
-1.4153E-03
-1.4131E-03
-1.4110E-03
-1.4092E-03
-1.4077E-03
-1.4064E-03
-1.4049E-03
-1.4034E-03
-1.4020E-03
-1.4006E-03
-1.3993E-03
-1.3986E-03
-1.3980E-03
-1.3974E-03
-1.3969E-03
-1.3968E-03
-1.3976E-03
-1.3991E-03
-1.4004E-03
-1.4011E-03
-1.4012E-03
-1.4011E-03
-1.4010E-03
-1.4011E-03
-1.4012E-03
-1.4018E-03
-1.4029E-03
-1.4043E-03
-1.4059E-03
-1.4072E-03
-1.4078E-03
-1.4070E-03
-1.4049E-03
-1.4022E-03
-1.3996E-03
-1.3973E-03
-1.3953E-03
-1.3933E-03
-1.3919E-03
-1.3908E-03
-1.3894E-03
-1.3874E-03
-1.3852E-03
-1.3831E-03
-1.3813E-03
-1.3801E-03
-1.3797E-03
-1.3803E-03
-1.3817E-03
-1.3834E-03
-1.3848E-03
-1.3855E-03
-1.3852E-03
-1.3843E-03
-1.3830E-03
-1.3817E-03
-1.3805E-03
-1.3797E-03
-1.3789E-03
-1.3778E-03
-1.3764E-03
-1.3747E-03
-1.3731E-03
-1.3716E-03
-1.3697E-03
-1.3671E-03
-1.3641E-03
-1.3613E-03
-1.3592E-03
-1.3573E-03
-1.3554E-03
-1.3534E-03
-1.3516E-03
-1.3507E-03
-1.3504E-03
-1.3501E-03
-1.3495E-03
-1.3488E-03
-1.3483E-03
-1.3480E-03
-1.3478E-03
-1.3473E-03
-1.3461E-03
-1.3444E-03
-1.3424E-03
-1.3409E-03
-1.3403E-03
-1.3407E-03
-1.3414E-03
-1.3418E-03
-1.3412E-03
-1.3397E-03
-1.3377E-03
-1.3361E-03
-1.3352E-03
-1.3348E-03
-1.3345E-03
-1.3342E-03
-1.3341E-03
-1.3341E-03
-1.3339E-03
-1.3331E-03
-1.3322E-03
-1.3313E-03
-1.3306E-03
-1.3302E-03
-1.3299E-03
-1.3296E-03
-1.3293E-03
-1.3290E-03
-1.3288E-03
-1.3288E-03
-1.3288E-03
-1.3284E-03
-1.3276E-03
-1.3265E-03
-1.3253E-03
-1.3240E-03
-1.3227E-03
-1.3221E-03
-1.3223E-03
-1.3231E-03
-1.3239E-03
-1.3244E-03
-1.3249E-03
-1.3257E-03
-1.3268E-03
-1.3276E-03
-1.3279E-03
-1.3278E-03
-1.3276E-03
-1.3276E-03
-1.3280E-03
-1.3290E-03
-1.3302E-03
-1.3316E-03
-1.3329E-03
-1.3337E-03
-1.3338E-03
-1.3335E-03
-1.3329E-03
-1.3323E-03
-1.3322E-03
-1.3328E-03
-1.3339E-03
-1.3350E-03
-1.3357E-03
-1.3355E-03
-1.3344E-03
-1.3327E-03
-1.3310E-03
-1.3297E-03
-1.3290E-03
-1.3287E-03
-1.3288E-03
-1.3286E-03
-1.3276E-03
-1.3260E-03
-1.3244E-03
-1.3233E-03
-1.3223E-03
-1.3213E-03
-1.3202E-03
-1.3190E-03
-1.3177E-03
-1.3163E-03
-1.3148E-03
-1.3137E-03
-1.3130E-03
-1.3129E-03
-1.3132E-03
-1.3134E-03
-1.3134E-03
-1.3130E-03
-1.3123E-03
-1.3112E-03
-1.3097E-03
-1.3079E-03
-1.3059E-03
-1.3040E-03
-1.3028E-03
-1.3018E-03
-1.3008E-03
-1.2993E-03
-1.2976E-03
-1.2957E-03
-1.2940E-03
-1.2924E-03
-1.2907E-03
-1.2891E-03
-1.2876E-03
-1.2866E-03
-1.2861E-03
-1.2862E-03
-1.2862E-03
-1.2860E-03
-1.2854E-03
-1.2849E-03
-1.2846E-03
-1.2842E-03
-1.2833E-03
-1.2818E-03
-1.2802E-03
-1.2790E-03
-1.2783E-03
-1.2781E-03
-1.2782E-03
-1.2786E-03
-1.2792E-03
-1.2798E-03
-1.2802E-03
-1.2803E-03
-1.2806E-03
-1.2810E-03
-1.2812E-03
-1.2809E-03
-1.2803E-03
-1.2796E-03
-1.2792E-03
-1.2792E-03
-1.2795E-03
-1.2798E-03
-1.2801E-03
-1.2806E-03
-1.2810E-03
-1.2812E-03
-1.2806E-03
-1.2791E-03
-1.2770E-03
-1.2749E-03
-1.2732E-03
-1.2720E-03
-1.2713E-03
-1.2708E-03
-1.2701E-03
-1.2692E-03
-1.2686E-03
-1.2684E-03
-1.2682E-03
-1.2677E-03
-1.2671E-03
-1.2668E-03
-1.2671E-03
-1.2677E-03
-1.2686E-03
-1.2693E-03
-1.2699E-03
-1.2701E-03
-1.2698E-03
-1.2689E-03
-1.2679E-03
-1.2674E-03
-1.2675E-03
-1.2679E-03
-1.2680E-03
-1.2677E-03
-1.2670E-03
-1.2661E-03
-1.2650E-03
-1.2642E-03
-1.2639E-03
-1.2638E-03
-1.2638E-03
-1.2636E-03
-1.2634E-03
-1.2631E-03
-1.2624E-03
-1.2610E-03
-1.2587E-03
-1.2558E-03
-1.2530E-03
-1.2511E-03
-1.2501E-03
-1.2497E-03
-1.2494E-03
-1.2491E-03
-1.2493E-03
-1.2498E-03
-1.2507E-03
-1.2513E-03
-1.2516E-03
-1.2519E-03
-1.2526E-03
-1.2536E-03
-1.2541E-03
-1.2538E-03
-1.2536E-03
-1.2540E-03
-1.2548E-03
-1.2554E-03
-1.2552E-03
-1.2547E-03
-1.2544E-03
-1.2546E-03
-1.2549E-03
-1.2547E-03
-1.2538E-03
-1.2526E-03
-1.2514E-03
-1.2500E-03
-1.2487E-03
-1.2478E-03
-1.2476E-03
-1.2476E-03
-1.2476E-03
-1.2473E-03
-1.2465E-03
-1.2454E-03
-1.2440E-03
-1.2420E-03
-1.2394E-03
-1.2363E-03
-1.2334E-03
-1.2311E-03
-1.2294E-03
-1.2277E-03
-1.2259E-03
-1.2237E-03
-1.2212E-03
-1.2188E-03
-1.2165E-03
-1.2140E-03
-1.2114E-03
-1.2089E-03
-1.2066E-03
-1.2045E-03
-1.2025E-03
-1.2006E-03
-1.1990E-03
-1.1978E-03
-1.1970E-03
-1.1966E-03
-1.1964E-03
-1.1964E-03
-1.1966E-03
-1.1966E-03
-1.1963E-03
-1.1955E-03
-1.1946E-03
-1.1938E-03
-1.1928E-03
-1.1913E-03
-1.1894E-03
-1.1877E-03
-1.1865E-03
-1.1859E-03
-1.1854E-03
-1.1845E-03
-1.1831E-03
-1.1818E-03
-1.1807E-03
-1.1801E-03
-1.1796E-03
-1.1789E-03
-1.1785E-03
-1.1785E-03
-1.1786E-03
-1.1783E-03
-1.1777E-03
-1.1768E-03
-1.1758E-03
-1.1748E-03
-1.1735E-03
-1.1723E-03
-1.1714E-03
-1.1708E-03
-1.1702E-03
-1.1691E-03
-1.1675E-03
-1.1658E-03
-1.1641E-03
-1.1623E-03
-1.1608E-03
-1.1595E-03
-1.1588E-03
-1.1586E-03
-1.1592E-03
-1.1601E-03
-1.1613E-03
-1.1624E-03
-1.1632E-03
-1.1636E-03
-1.1634E-03
-1.1629E-03
-1.1625E-03
-1.1622E-03
-1.1622E-03
-1.1625E-03
-1.1627E-03
-1.1629E-03
-1.1630E-03
-1.1630E-03
-1.1628E-03
-1.1621E-03
-1.1611E-03
-1.1601E-03
-1.1594E-03
-1.1594E-03
-1.1599E-03
-1.1607E-03
-1.1615E-03
-1.1623E-03
-1.1631E-03
-1.1638E-03
-1.1643E-03
-1.1642E-03
-1.1632E-03
-1.1619E-03
-1.1607E-03
-1.1598E-03
-1.1593E-03
-1.1589E-03
-1.1588E-03
-1.1591E-03
-1.1595E-03
-1.1596E-03
-1.1591E-03
-1.1579E-03
-1.1564E-03
-1.1551E-03
-1.1541E-03
-1.1530E-03
-1.1519E-03
-1.1509E-03
-1.1501E-03
-1.1494E-03
-1.1486E-03
-1.1476E-03
-1.1464E-03
-1.1449E-03
-1.1428E-03
-1.1404E-03
-1.1383E-03
-1.1366E-03
-1.1351E-03
-1.1334E-03
-1.1310E-03
-1.1283E-03
-1.1257E-03
-1.1233E-03
-1.1210E-03
-1.1187E-03
-1.1165E-03
-1.1143E-03
-1.1118E-03
-1.1093E-03
-1.1069E-03
-1.1047E-03
-1.1026E-03
-1.1008E-03
-1.0990E-03
-1.0973E-03
-1.0956E-03
-1.0943E-03
-1.0931E-03
-1.0917E-03
-1.0898E-03
-1.0877E-03
-1.0856E-03
-1.0837E-03
-1.0821E-03
-1.0806E-03
-1.0793E-03
-1.0781E-03
-1.0768E-03
-1.0755E-03
-1.0743E-03
-1.0732E-03
-1.0720E-03
-1.0707E-03
-1.0694E-03
-1.0682E-03
-1.0673E-03
-1.0665E-03
-1.0660E-03
-1.0656E-03
-1.0652E-03
-1.0646E-03
-1.0638E-03
-1.0628E-03
-1.0622E-03
-1.0618E-03
-1.0617E-03
-1.0618E-03
-1.0621E-03
-1.0622E-03
-1.0620E-03
-1.0618E-03
-1.0616E-03
-1.0614E-03
-1.0608E-03
-1.0598E-03
-1.0584E-03
-1.0566E-03
-1.0549E-03
-1.0535E-03
-1.0525E-03
-1.0521E-03
-1.0522E-03
-1.0527E-03
-1.0531E-03
-1.0531E-03
-1.0528E-03
-1.0523E-03
-1.0519E-03
-1.0517E-03
-1.0516E-03
-1.0517E-03
-1.0518E-03
-1.0521E-03
-1.0525E-03
-1.0531E-03
-1.0538E-03
-1.0543E-03
-1.0548E-03
-1.0554E-03
-1.0561E-03
-1.0568E-03
-1.0573E-03
-1.0578E-03
-1.0584E-03
-1.0590E-03
-1.0593E-03
-1.0592E-03
-1.0590E-03
-1.0591E-03
-1.0593E-03
-1.0595E-03
-1.0597E-03
-1.0596E-03
-1.0595E-03
-1.0592E-03
-1.0591E-03
-1.0590E-03
-1.0589E-03
-1.0589E-03
-1.0589E-03
-1.0591E-03
-1.0592E-03
-1.0594E-03
-1.0593E-03
-1.0588E-03
-1.0580E-03
-1.0570E-03
-1.0562E-03
-1.0553E-03
-1.0542E-03
-1.0530E-03
-1.0519E-03
-1.0509E-03
-1.0499E-03
-1.0488E-03
-1.0477E-03
-1.0465E-03
-1.0451E-03
-1.0435E-03
-1.0419E-03
-1.0406E-03
-1.0395E-03
-1.0381E-03
-1.0366E-03
-1.0351E-03
-1.0338E-03
-1.0327E-03
-1.0316E-03
-1.0304E-03
-1.0294E-03
-1.0286E-03
-1.0277E-03
-1.0264E-03
-1.0248E-03
-1.0234E-03
-1.0222E-03
-1.0214E-03
-1.0207E-03
-1.0201E-03
-1.0194E-03
-1.0184E-03
-1.0170E-03
-1.0155E-03
-1.0139E-03
-1.0125E-03
-1.0110E-03
-1.0095E-03
-1.0078E-03
-1.0060E-03
-1.0042E-03
-1.0025E-03
-1.0010E-03
-9.9972E-04
-9.9854E-04
-9.9725E-04
-9.9568E-04
-9.9378E-04
-9.9155E-04
-9.8912E-04
-9.8674E-04
-9.8456E-04
-9.8253E-04
-9.8050E-04
-9.7836E-04
-9.7603E-04
-9.7357E-04
-9.7115E-04
-9.6888E-04
-9.6688E-04
-9.6525E-04
-9.6390E-04
-9.6275E-04
-9.6177E-04
-9.6099E-04
-9.6038E-04
-9.5981E-04
-9.5909E-04
-9.5811E-04
-9.5706E-04
-9.5620E-04
-9.5556E-04
-9.5491E-04
-9.5400E-04
-9.5285E-04
-9.5169E-04
-9.5073E-04
-9.4986E-04
-9.4874E-04
-9.4725E-04
-9.4564E-04
-9.4429E-04
-9.4335E-04
-9.4250E-04
-9.4131E-04
-9.3968E-04
-9.3796E-04
-9.3655E-04
-9.3561E-04
-9.3494E-04
-9.3430E-04
-9.3371E-04
-9.3330E-04
-9.3294E-04
-9.3244E-04
-9.3174E-04
-9.3104E-04
-9.3065E-04
-9.3070E-04
-9.3102E-04
-9.3121E-04
-9.3085E-04
-9.2987E-04
-9.2868E-04