7.0010E+03
1.0000E-02
-1.6584E-07
-4.4119E-07
-4.7905E-07
-3.1536E-07
-1.2792E-07
-4.4172E-08
-3.9592E-08
-1.7491E-08
5.2310E-08
1.0618E-07
8.5501E-08
2.1347E-08
-3.0849E-09
4.2156E-08
9.7795E-08
9.0660E-08
2.2338E-08
-3.7478E-08
-3.6870E-08
3.5002E-09
2.7528E-08
1.5685E-08
-2.2461E-10
1.1462E-08
3.9738E-08
5.1029E-08
3.6979E-08
2.1808E-08
2.2135E-08
1.9651E-08
-1.1991E-08
-6.1892E-08
-8.3256E-08
-4.7001E-08
1.8249E-08
5.2504E-08
2.9025E-08
-1.8572E-08
-3.7313E-08
-1.3856E-08
1.6242E-08
1.4656E-08
-1.5920E-08
-3.8681E-08
-2.6473E-08
9.9748E-09
3.6598E-08
3.1204E-08
1.2299E-09
-2.7655E-08
-3.4177E-08
-1.4504E-08
1.8354E-08
4.3166E-08
4.2663E-08
1.5028E-08
-2.2776E-08
-4.5545E-08
-3.8303E-08
-7.2921E-09
2.5800E-08
3.9933E-08
2.7718E-08
-1.7628E-09
-2.8674E-08
-3.2964E-08
-7.7193E-09
3.2464E-08
5.8510E-08
4.9497E-08
1.2241E-08
-2.3907E-08
-3.4571E-08
-2.2501E-08
-9.7997E-09
-1.0337E-08
-1.5483E-08
-9.0327E-09
8.9682E-09
2.0825E-08
1.3954E-08
-2.3652E-09
-7.9044E-09
3.6367E-09
1.7908E-08
1.8969E-08
8.4854E-09
1.0336E-09
3.4441E-09
6.8911E-09
7.0326E-10
-1.2674E-08
-2.2213E-08
-2.4198E-08
-2.4600E-08
-2.4874E-08
-1.4211E-08
1.5021E-08
4.7446E-08
5.2411E-08
1.8132E-08
-2.8035E-08
-4.4122E-08
-1.9861E-08
1.0074E-08
5.6648E-09
-2.9758E-08
-5.0561E-08
-2.1337E-08
3.8589E-08
7.1633E-08
4.2703E-08
-2.2616E-08
-6.3266E-08
-4.2983E-08
1.7763E-08
6.5755E-08
6.4882E-08
2.2381E-08
-2.5732E-08
-4.7324E-08
-3.5072E-08
-4.5853E-09
2.1323E-08
2.8787E-08
2.0177E-08
8.4929E-09
2.7600E-09
-1.1382E-09
-1.3182E-08
-3.1488E-08
-3.7290E-08
-1.4041E-08
2.7669E-08
5.1521E-08
2.9772E-08
-2.4097E-08
-6.2775E-08
-5.0068E-08
2.9139E-09
4.9244E-08
5.2627E-08
1.9046E-08
-1.6569E-08
-2.8639E-08
-2.0606E-08
-1.0540E-08
-7.2345E-09
-5.8567E-09
-1.8388E-09
7.3982E-10
-2.4535E-09
-5.4292E-09
2.2918E-09
1.9799E-08
3.1026E-08
2.1548E-08
-3.4207E-09
-2.2895E-08
-2.2829E-08
-1.1089E-08
-6.6955E-09
-1.6230E-08
-2.5733E-08
-1.7807E-08
6.7965E-09
2.7905E-08
2.7159E-08
6.8739E-09
-1.3358E-08
-1.7415E-08
-7.5153E-09
2.0509E-09
2.2921E-09
-1.8745E-09
-2.8173E-10
8.9320E-09
1.6946E-08
1.5466E-08
6.6780E-09
3.7369E-10
1.5309E-09
4.4686E-09
7.4236E-10
-8.9996E-09
-1.4772E-08
-9.8522E-09
-2.2091E-10
2.0934E-09
-5.1219E-09
-0.0000E+00
-2.7177E-07
1.1502E-05
2.5495E-05
1.7476E-05
-1.3240E-05
-3.0181E-05
-4.5234E-06
3.6666E-05
3.5712E-05
-1.4637E-05
-4.8407E-05
-1.2312E-05
4.5758E-05
2.7975E-05
-6.3270E-05
-8.5855E-05
7.0865E-05
2.9651E-04
3.3352E-04
8.2807E-05
-2.3130E-04
-2.9763E-04
-1.0976E-04
-5.0205E-06
-2.2881E-04
-5.5955E-04
-5.1861E-04
1.0370E-05
5.2570E-04
4.4270E-04
-1.6434E-04
-5.4971E-04
-1.3304E-04
7.6609E-04
1.2190E-03
7.2900E-04
-1.9739E-04
-6.2671E-04
-2.5408E-04
3.2067E-04
3.8599E-04
-7.4992E-05
-4.7798E-04
-4.1602E-04
-1.1108E-04
5.0627E-05
8.2690E-05
2.7310E-04
5.8183E-04
4.5956E-04
-4.2317E-04
-1.4934E-03
-1.6500E-03
-4.9776E-04
1.0455E-03
1.5897E-03
7.5659E-04
-5.1723E-04
-9.6425E-04
-1.4082E-04
1.1680E-03
1.8313E-03
1.4806E-03
4.1541E-04
-7.2989E-04
-1.5618E-03
-2.1402E-03
-1.9797E-03
-1.0195E-03
-7.2137E-05
3.9003E-04
4.4883E-04
3.1876E-04
3.5427E-04
4.3279E-04
2.5471E-04
-8.0175E-05
-3.4908E-04
-4.4606E-04
-3.7548E-04
-5.7277E-04
-6.0144E-04
1.3707E-04
1.2434E-03
1.7040E-03
5.6424E-04
-1.9427E-03
-3.9480E-03
-3.2561E-03
7.9007E-04
6.3139E-03
8.7935E-03
6.5760E-03
1.0812E-03
-4.9822E-03
-7.4067E-03
-4.0090E-03
1.4628E-03
4.2680E-03
2.5623E-03
-1.7100E-03
-4.6212E-03
-3.3814E-03
6.5722E-04
2.4268E-03
2.1383E-04
-2.7696E-03
-2.9309E-03
-1.0342E-04
3.7199E-03
5.0324E-03
1.6679E-03
-1.7780E-03
-1.9347E-03
-1.6788E-03
-2.9955E-03
-3.2297E-03
-5.5640E-04
2.6144E-03
5.2109E-03
5.0007E-03
-1.0788E-04
-5.1633E-03
-4.7592E-03
1.9197E-04
3.8900E-03
2.5126E-03
-2.4561E-03
-4.9675E-03
-2.2623E-03
2.7373E-03
6.1838E-03
5.0695E-03
2.9315E-03
1.1784E-03
-1.3693E-03
-1.9581E-03
-2.2062E-03
-5.2597E-03
-6.3180E-03
-2.4100E-03
2.1608E-03
3.6687E-03
4.5854E-03
4.6555E-03
1.8234E-03
-1.9894E-04
-2.0752E-03
-3.9477E-03
-5.7968E-03
-3.6097E-03
1.4257E-03
4.4015E-03
6.7758E-03
4.6687E-03
-7.3841E-04
-3.3746E-03
-1.7970E-03
2.8679E-04
-7.9276E-04
-5.1367E-03
-7.2884E-03
-6.2903E-03
-2.8014E-04
8.4472E-03
1.2641E-02
8.2064E-03
-1.7210E-03
-1.0009E-02
-1.3245E-02
-1.0296E-02
-5.0587E-03
-2.8183E-03
1.9993E-03
1.0292E-02
1.4614E-02
1.6720E-02
1.2874E-02
6.1729E-04
-1.4026E-02
-1.7964E-02
-9.4877E-03
-2.0049E-03
-2.6588E-03
-1.8943E-04
3.9304E-03
3.7066E-03
8.5181E-03
9.3653E-03
3.7820E-04
-7.3573E-03
-8.0878E-03
-2.8608E-03
5.3915E-03
7.7917E-03
3.1203E-03
-3.0655E-03
-1.3529E-03
9.5223E-03
1.7762E-02
1.4802E-02
4.5402E-03
-1.1360E-02
-1.8398E-02
-1.2852E-02
-4.6935E-03
-4.2456E-03
-9.7420E-03
-3.4314E-03
4.2209E-03
8.2370E-03
1.1479E-02
3.2625E-03
-1.7609E-02
-1.3406E-02
2.5097E-03
1.2312E-02
1.1682E-02
-6.3423E-03
-3.0117E-02
-3.7945E-02
-1.6245E-02
1.1055E-02
1.9467E-02
1.3532E-02
9.8813E-04
-4.1852E-03
6.1798E-03
2.8182E-02
2.8583E-02
-1.0724E-03
-2.2484E-02
-2.9969E-02
-2.7735E-02
-2.9924E-03
1.5352E-02
1.8800E-02
1.3547E-02
1.4157E-02
1.5566E-02
6.3621E-03
-6.2735E-03
-2.4024E-02
-1.3790E-02
1.1632E-02
2.0485E-02
1.4730E-02
-1.4480E-02
-3.9680E-02
-1.8847E-02
-2.2990E-02
-1.2413E-02
-9.9964E-03
-2.7633E-02
-1.7831E-02
-8.2714E-03
2.5423E-02
1.6213E-02
1.2182E-02
3.8763E-02
1.0347E-02
-3.0741E-03
-2.6779E-02
-6.2407E-02
-7.9989E-02
-3.0123E-02
-6.7572E-05
-5.6979E-03
8.6950E-03
5.6578E-02
1.0895E-01
4.9747E-02
-1.7851E-02
-4.6661E-02
-3.3194E-03
3.5143E-03
-5.1271E-02
-5.0775E-02
-2.4689E-02
2.1701E-02
-7.7658E-03
-3.4484E-03
-4.6303E-03
-5.8562E-02
-3.3832E-02
7.0241E-02
1.1563E-01
1.0221E-01
1.0525E-01
1.2414E-02
-5.2928E-02
-8.3442E-02
-6.5435E-02
-2.7951E-02
1.0448E-02
-1.3482E-02
-2.9277E-02
3.4790E-03
4.5817E-02
-1.2056E-03
-4.7918E-02
-1.3750E-02
3.6748E-03
-4.8414E-02
-4.9012E-02
4.1640E-02
3.8385E-02
2.3732E-02
2.1129E-02
-2.1470E-02
-4.3811E-02
-2.2206E-02
2.9104E-02
5.6612E-02
8.9822E-02
8.3113E-02
3.2496E-02
1.4363E-02
-1.0867E-02
4.8110E-02
-4.6448E-02
-1.5357E-01
-3.6966E-02
4.6556E-02
2.9073E-02
7.3694E-02
1.5109E-01
7.1072E-02
-5.6737E-02
-6.1415E-02
-2.7184E-02
1.3294E-02
5.3804E-02
4.3436E-02
-5.8131E-02
-1.3854E-01
-3.7918E-02
5.5254E-02
6.4949E-03
-2.8385E-02
-2.2108E-02
6.5840E-03
7.4688E-02
3.4574E-02
-9.5945E-02
-1.2353E-01
9.8914E-03
7.5328E-02
6.3052E-02
5.3856E-02
-1.5955E-02
-7.5354E-02
-5.0723E-02
-4.4869E-02
-3.4320E-02
4.3562E-02
1.2672E-02
1.2679E-02
4.6512E-02
7.6755E-02
-2.4651E-02
-7.0452E-02
-2.5822E-02
-3.6596E-02
-2.0864E-02
2.9864E-02
-1.4380E-03
1.2522E-02
3.5029E-03
-8.4352E-02
-1.0577E-01
-1.1229E-01
-5.1038E-02
2.1375E-02
-1.9741E-02
-4.0150E-02
9.5229E-03
-6.6632E-02
-1.0072E-01
-2.1906E-02
2.7717E-02
-4.7822E-02
-5.9851E-02
-2.3763E-03
-4.2880E-03
-5.9170E-02
-5.0978E-03
3.2523E-02
4.5656E-02
3.1128E-02
-3.4108E-02
-5.5239E-02
3.1437E-02
3.4935E-02
-7.9064E-03
-3.4685E-02
-3.1020E-02
5.3770E-03
-1.6587E-02
-1.9408E-02
3.5557E-02
8.2602E-03
2.3992E-02
1.8383E-01
1.8174E-01
7.2071E-02
3.8593E-03
8.4347E-02
9.1494E-02
1.5539E-02
-1.9260E-02
4.1033E-03
-3.8601E-02
-8.5882E-02
-1.4706E-02
1.0808E-01
5.0161E-02
-4.9594E-02
-8.7203E-03
-3.8358E-02
-1.1668E-01
-1.1140E-01
-3.1778E-02
-4.8113E-02
-1.5691E-01
-1.5718E-01
-4.7992E-02
3.9071E-02
-4.1165E-02
-1.3703E-01
2.6078E-02
1.2977E-01
2.0588E-02
-9.6911E-03
8.9059E-02
9.5924E-02
-5.8161E-02
-7.1350E-02
-8.8086E-02
-9.5008E-02
-5.2220E-03
6.0680E-02
-4.3080E-02
-1.6743E-01
-6.5223E-02
4.9270E-02
1.4522E-01
3.4798E-02
1.3843E-02
1.4333E-01
-8.1560E-03
-5.5872E-02
-2.1940E-02
-3.7932E-02
-4.3538E-03
-2.5638E-02
-1.3084E-02
-2.4101E-02
-2.2532E-02
-1.9698E-02
-4.5090E-02
1.7222E-02
1.4397E-01
-1.7027E-02
-1.0792E-01
7.4362E-02
5.0076E-02
-2.9842E-02
2.2872E-03
1.1571E-01
4.9385E-02
-2.2457E-01
-1.8232E-01
7.5617E-02
1.1049E-01
-8.6453E-02
-8.2231E-02
7.3433E-02
1.3196E-02
6.0700E-02
1.4512E-01
2.4631E-02
1.9839E-01
2.0807E-01
1.8562E-01
1.9500E-01
2.1359E-01
1.9525E-01
2.9964E-02
1.7917E-03
5.4577E-02
1.6987E-01
2.3576E-01
4.1165E-01
2.9625E-01
1.8465E-01
2.4056E-01
7.8949E-02
9.8194E-02
2.1534E-01
2.7678E-01
2.2003E-01
2.8573E-01
4.0757E-01
4.2419E-02
1.4579E-01
6.6089E-02
1.3673E-01
3.6927E-01
2.7976E-01
3.9032E-01
4.1004E-01
3.9131E-01
4.2000E-01
4.2663E-01
5.2595E-01
2.0242E-01
2.1558E-01
5.2114E-01
3.9622E-01
1.5284E-01
3.6501E-01
5.8231E-01
5.0966E-01
5.5322E-01
3.0716E-01
2.1512E-02
-1.0334E-01
-2.1200E-01
-1.4362E-01
-3.1107E-02
-3.7823E-02
6.4935E-02
-4.4403E-02
-5.4192E-02
-1.0125E-01
-1.6372E-01
2.0233E-02
2.9261E-02
1.5663E-01
7.6212E-02
-1.8864E-01
-2.9565E-01
-3.9736E-01
-5.0475E-01
-3.6894E-01
-2.3702E-01
-1.6735E-01
-1.4775E-01
-1.1851E-01
-6.8122E-02
-2.6285E-01
-2.8710E-01
-1.5791E-01
-1.6326E-01
9.3334E-02
4.6183E-02
-1.7822E-01
-2.0918E-01
-1.5778E-01
5.7659E-02
1.0992E-01
-2.2837E-04
-1.0058E-01
8.0523E-02
1.5309E-01
-1.5234E-03
-1.7330E-01
-6.2379E-02
1.1583E-01
1.2923E-01
2.3335E-01
1.9700E-01
2.3164E-01
4.8921E-02
-2.6132E-02
1.1902E-01
7.4479E-02
-7.8599E-02
-9.3733E-02
-1.1262E-01
-1.6852E-01
-1.2506E-01
-5.5337E-02
8.3578E-02
9.2037E-02
1.3864E-01
1.9748E-01
2.6357E-01
2.7277E-01
1.9000E-01
1.2707E-01
9.1532E-02
-6.1045E-02
-1.7169E-01
-2.0804E-01
-2.5652E-01
-2.6771E-01
-2.7054E-01
-3.4524E-01
-2.4314E-01
-6.6485E-02
-3.3824E-02
-4.2132E-02
1.7810E-02
-5.6988E-02
-9.5290E-02
-6.7524E-02
-1.2939E-01
-1.1242E-01
-5.4480E-02
-1.0747E-01
-2.3487E-01
-2.9070E-01
-2.3382E-01
-8.1739E-02
-1.2000E-01
-1.4087E-01
-1.0895E-01
-1.7685E-01
-2.4642E-01
-2.1315E-01
-6.6007E-02
-4.7409E-02
-3.2928E-02
-5.0545E-02
-9.2240E-02
-1.2145E-01
-1.8462E-01
-3.0945E-01
-3.2801E-01
-2.5526E-01
-1.8875E-01
-1.6594E-01
-1.2737E-01
-1.6592E-01
-1.4810E-01
-1.2287E-01
-1.4641E-01
-2.8542E-01
-1.8033E-01
-4.0430E-02
-7.9029E-02
-1.9586E-01
-1.3612E-01
-1.3528E-01
-1.3631E-01
-3.4340E-02
-5.0814E-02
-6.5668E-02
-9.6354E-02
7.2467E-02
-2.3660E-02
-9.2809E-02
-4.8329E-02
-4.0644E-02
-3.7363E-02
-6.3640E-02
-1.2151E-01
-1.1272E-01
-1.5517E-01
-1.0504E-01
-9.9071E-02
-1.3815E-01
-1.7786E-01
2.9031E-03
6.3870E-02
3.5697E-02
4.1842E-02
2.8041E-02
-3.9440E-02
-3.2939E-02
-1.2004E-02
8.1244E-02
1.3377E-01
2.3548E-02
-7.5586E-03
-3.8237E-02
-2.0125E-01
-1.9520E-01
-5.2748E-02
9.6105E-02
1.5246E-01
1.3906E-01
1.5761E-01
1.2470E-01
1.0150E-01
4.1201E-02
-1.0526E-02
-3.6980E-02
5.8977E-02
2.2753E-02
6.0185E-04
3.3379E-03
-3.3839E-02
-9.6270E-02
-1.0933E-01
-1.6068E-01
-1.1583E-01
1.3476E-03
-1.3967E-02
-6.8398E-02
-5.8890E-02
2.7301E-03
-1.0802E-01
-2.8341E-01
-2.8844E-01
-2.6532E-01
-1.6645E-01
-1.3927E-01
-3.4864E-02
2.5300E-02
1.0512E-02
-4.6565E-02
-1.1220E-01
-9.8665E-02
-7.8804E-02
-3.2695E-02
-7.8584E-02
-1.4167E-01
-1.9894E-01
-2.9758E-01
-1.7141E-01
5.1383E-02
5.0409E-02
-2.8571E-02
9.8116E-02
1.4288E-01
1.7426E-01
2.1881E-01
6.5647E-02
-7.0507E-02
-1.6932E-01
-1.8823E-01
-2.5451E-01
-1.5436E-01
-1.3038E-01
-1.0284E-01
-7.5364E-03
8.5029E-02
-4.4361E-02
-4.1997E-02
8.2328E-02
6.8527E-02
7.3969E-02
8.7388E-02
-3.9681E-02
-3.1670E-02
4.2574E-02
-1.3131E-01
-1.9875E-01
-8.7092E-02
-5.2954E-02
-1.0975E-01
-4.7678E-02
-8.7858E-02
-1.0466E-01
-9.3948E-02
-9.1202E-02
-5.5285E-02
-3.6119E-02
-7.2042E-02
-1.3380E-01
-1.5262E-01
-4.3799E-03
1.4744E-01
1.6472E-01
9.1656E-02
1.1374E-01
1.2233E-01
1.4413E-01
1.0735E-01
9.9501E-02
1.2771E-01
2.2454E-01
8.0471E-02
-4.5982E-02
-4.7499E-02
-2.0614E-01
-1.9572E-01
-8.6895E-02
7.8685E-02
8.5216E-02
-4.3349E-03
-5.1673E-03
-7.6212E-02
-8.0960E-02
2.0678E-02
1.0821E-01
5.1798E-02
-2.7809E-02
-6.9524E-02
-1.5997E-01
-1.6251E-01
-1.0340E-01
-2.9404E-02
5.7952E-02
1.6348E-01
1.6686E-01
1.6958E-01
1.5453E-01
4.2066E-02
-8.0055E-03
9.1121E-02
1.5741E-01
1.8496E-01
1.6919E-01
8.6792E-02
-8.3371E-03
-5.0783E-02
1.0111E-02
-1.5971E-02
-1.8005E-01
-1.6001E-01
-7.0109E-02
3.2678E-02
1.9030E-01
3.1775E-01
2.0836E-01
6.7662E-02
2.0448E-01
3.0476E-01
3.1331E-01
2.7117E-01
1.9219E-01
4.4479E-02
5.2151E-03
2.9272E-02
2.1056E-02
3.1180E-02
-3.0075E-03
2.2306E-03
1.1050E-01
1.8191E-01
1.9662E-01
1.8899E-01
4.4779E-02
-1.7542E-02
3.2782E-02
1.0751E-01
5.6033E-02
-2.4810E-02
-3.4625E-02
-3.2941E-02
-9.2725E-02
-1.4067E-01
-7.7037E-02
-4.5486E-02
-8.2532E-02
-8.2656E-02
-7.0305E-03
-4.3131E-02
-1.4381E-01
-1.1073E-01
2.1463E-03
5.9472E-02
5.9683E-02
7.2319E-02
6.6405E-02
6.0886E-02
1.4912E-01
2.5870E-01
3.1979E-01
2.4017E-01
1.1322E-01
1.2075E-01
1.7966E-01
1.5243E-01
1.3620E-01
1.1634E-01
9.4950E-02
6.6735E-02
-1.6081E-02
-1.1137E-01
-1.1122E-01
-9.9066E-02
-8.7561E-02
-1.3394E-02
-5.7808E-02
-4.4616E-02
2.4092E-02
4.5533E-02
2.6632E-02
1.2085E-01
2.1394E-01
1.3510E-01
4.0701E-02
-5.7509E-02
-4.7405E-02
9.8326E-02
1.0812E-01
3.4737E-02
-6.0068E-03
-7.4146E-02
-8.0466E-02
-3.0139E-02
3.8387E-02
3.0824E-02
6.0822E-05
3.9617E-03
-5.5806E-02
-3.9641E-02
-1.8300E-03
-3.3127E-02
-5.0907E-03
-1.8670E-02
1.9697E-02
7.2544E-02
5.2772E-02
3.2033E-02
8.7547E-02
1.3784E-01
5.2645E-02
-5.9005E-02
-1.0579E-02
1.0767E-01
1.5073E-01
1.7248E-01
1.4074E-02
-1.1409E-01
-5.7605E-02
-1.7612E-02
-5.5222E-02
-1.1554E-01
-1.7301E-01
-1.2283E-01
1.8147E-02
1.5489E-01
1.1286E-01
1.9434E-02
4.4047E-02
3.4934E-02
3.5976E-02
-7.5543E-03
-7.8465E-02
-7.7696E-02
-8.2687E-02
-1.0420E-01
-1.6230E-01
-1.8903E-01
-2.0737E-01
-2.2601E-01
-1.8877E-01
-1.2467E-01
-1.1343E-01
-7.0193E-02
1.3273E-02
1.0179E-01
5.5652E-02
1.4593E-02
1.0109E-01
1.1082E-01
8.7170E-02
4.5571E-02
7.0367E-03
2.3829E-03
1.7530E-02
4.3368E-02
1.5584E-01
1.4956E-01
-4.4394E-02
-1.1721E-01
-7.9278E-02
-1.1127E-01
-7.3812E-02
-2.5732E-02
-7.3785E-02
-1.1090E-01
-7.2258E-02
-4.4237E-02
-7.9587E-03
2.1567E-02
8.2490E-02
7.2949E-02
1.3849E-02
3.4683E-02
-1.6177E-02
-4.9902E-02
-5.0667E-02
-6.1186E-02
1.0017E-02
8.8235E-02
-1.6392E-02
-4.3363E-02
-1.0649E-02
-2.8044E-02
-3.3636E-02
-4.2104E-02
-1.8850E-02
-2.4253E-02
-2.0625E-02
2.2168E-02
3.4892E-02
6.1567E-02
-2.4393E-02
-1.1734E-01
-4.1007E-02
6.3881E-02
5.7097E-02
-4.5255E-02
-1.1302E-01
-1.2802E-01
-8.4231E-03
4.6592E-02
7.0539E-02
1.2528E-01
1.1230E-01
2.7757E-02
-1.4130E-02
5.0782E-02
7.1625E-02
-6.8517E-02
-1.1623E-01
-1.0212E-01
-1.4057E-01
-1.1131E-01
-1.1977E-01
-7.7580E-02
-1.8834E-02
-3.0736E-02
-4.3715E-02
-4.2672E-02
-6.9475E-02
-8.3251E-02
-9.1996E-02
-1.3871E-02
9.1656E-02
5.7438E-02
4.7626E-02
5.1666E-02
3.1140E-03
2.6261E-02
1.0297E-01
8.5246E-02
-9.7099E-03
-4.7784E-02
4.9359E-04
1.4093E-02
7.8400E-02
9.5230E-02
2.8501E-02
-3.0695E-02
-7.5672E-02
-8.0915E-02
-5.8440E-02
1.5074E-02
3.6397E-02
4.1212E-02
1.0466E-01
1.2951E-01
6.2709E-02
3.5027E-02
-3.7673E-03
1.1976E-02
1.0678E-01
4.1023E-02
-6.6451E-02
-1.0981E-01
-1.1008E-01
-8.1900E-02
-2.7918E-02
1.4495E-02
5.1604E-02
1.1381E-01
1.2943E-01
1.1084E-01
7.8584E-02
4.5751E-02
7.4216E-02
1.1907E-01
7.5774E-02
-5.6823E-03
-4.7571E-02
-6.3107E-02
-4.4251E-02
-6.8713E-02
-1.0287E-01
-9.7430E-02
-5.7804E-02
2.0434E-02
9.7005E-02
2.4069E-02
-7.0685E-02
-7.6252E-02
-1.4778E-01
-1.5278E-01
-9.2043E-02
-4.3122E-02
-6.7830E-02
-1.1203E-01
-5.6517E-02
-2.4576E-03
5.9682E-03
1.5029E-02
1.1391E-02
6.8181E-03
-4.2620E-03
-6.4922E-02
-6.1960E-02
-6.5936E-02
-4.6126E-02
4.2155E-02
4.8693E-02
1.1256E-02
-3.4653E-02
-9.3831E-02
-9.3668E-02
-7.9286E-02
-1.2772E-02
3.6896E-05
-6.8573E-02
-4.8189E-02
-5.8334E-02
-1.1727E-01
-1.4097E-01
-1.1347E-01
-9.4562E-02
-8.0803E-02
4.0985E-02
1.7977E-01
1.0854E-01
2.0772E-02
4.6685E-02
1.1365E-01
2.0213E-01
1.8563E-01
8.3722E-02
8.3093E-02
4.6830E-02
-3.8645E-02
-5.6087E-02
-1.1520E-02
2.1587E-02
1.1600E-02
-6.8423E-03
-5.3548E-02
-8.8866E-02
-6.7215E-02
-2.2726E-02
-5.0852E-02
-8.1182E-02
-1.9897E-02
5.7192E-02
1.3627E-01
1.4826E-01
1.1815E-01
9.1475E-02
8.4406E-02
6.9194E-02
-3.5055E-02
-1.1144E-01
-1.3397E-01
-1.8325E-01
-2.0014E-01
-1.4363E-01
-6.5075E-02
-1.9142E-02
-2.7181E-02
9.3523E-03
7.0231E-02
1.1025E-01
1.2279E-01
1.6046E-02
-6.4556E-02
-3.2178E-02
-1.0611E-01
-1.9186E-01
-1.3918E-01
-6.2761E-02
4.0124E-02
1.1305E-01
6.9880E-02
1.4885E-02
-3.8204E-02
-8.4801E-02
-4.0087E-02
2.6114E-02
2.6468E-02
3.7526E-02
5.1775E-02
6.9740E-02
1.0671E-01
2.5882E-02
-4.6595E-02
-2.9944E-02
-2.2521E-02
-1.3319E-03
3.0517E-03
-5.2926E-02
-1.0355E-01
-1.1688E-01
-1.0304E-01
-3.0499E-02
1.0598E-02
-1.6769E-04
3.0160E-02
-6.9740E-03
1.6125E-02
5.8713E-02
5.2478E-02
1.0882E-02
-6.1572E-02
-5.8223E-02
-3.6917E-02
-7.7438E-03
3.0775E-02
7.8461E-02
9.6863E-02
6.8168E-02
5.0514E-02
7.0753E-02
8.7433E-02
9.5052E-02
1.0750E-01
1.2728E-01
1.2050E-01
1.4571E-01
1.8758E-01
1.5831E-01
6.7209E-02
6.2355E-02
8.9144E-02
2.5746E-02
-4.4392E-02
-6.7738E-02
-6.4779E-02
-3.0672E-02
2.3319E-03
-2.9395E-02
-3.8804E-02
6.6832E-03
5.8922E-02
6.4860E-02
2.5182E-02
-4.8925E-02
-6.1559E-02
5.0578E-03
5.8303E-02
3.0387E-02
-2.8076E-02
2.3768E-02
5.9921E-02
-3.3304E-02
-6.2005E-02
4.8570E-03
8.7853E-03
8.6982E-03
6.3224E-02
1.4066E-01
1.2033E-01
4.5748E-02
5.1524E-02
4.6565E-02
2.1921E-02
1.4363E-02
3.9168E-02
3.9968E-02
2.2145E-03
-4.2697E-04
5.2526E-03
3.7179E-03
-2.9010E-03
1.9235E-02
3.8688E-02
-1.0095E-02
-7.1506E-02
-6.0225E-02
-3.7224E-02
-1.7297E-03
7.2754E-02
1.0635E-01
4.8253E-02
1.0777E-02
-3.6879E-03
-3.7473E-03
6.3687E-02
7.5451E-02
5.3898E-02
3.0681E-02
-1.4247E-02
-7.5557E-02
-1.3245E-01
-1.3324E-01
-1.2414E-01
-1.4442E-01
-1.4813E-01
-1.2693E-01
-1.0234E-01
-6.5376E-02
-9.5575E-03
7.9698E-02
1.2256E-01
6.4399E-02
2.1596E-02
-8.8056E-03
-2.0728E-02
1.3553E-02
2.1332E-02
-4.8030E-03
-3.4581E-02
8.8692E-03
5.6689E-02
9.4291E-02
8.8119E-02
7.5027E-02
6.4374E-02
4.2795E-02
5.2405E-02
3.8986E-02
1.8943E-02
-4.2626E-03
-4.9640E-02
-3.8710E-02
3.8339E-02
6.5567E-02
4.9485E-02
6.8725E-02
9.0140E-02
3.2185E-02
-5.3392E-02
-1.0415E-01
-1.0002E-01
-6.0997E-02
-5.0783E-02
-6.8217E-02
-3.7071E-02
4.6512E-02
9.7499E-02
7.8227E-02
9.9955E-03
-1.4872E-02
-1.2450E-02
-3.1026E-02
-5.0126E-02
-3.9821E-02
3.5287E-03
2.7121E-02
1.1227E-02
7.3967E-05
1.6712E-04
6.0707E-03
-7.3781E-03
-5.5916E-02
-2.1252E-02
7.5752E-04
-1.5523E-03
2.9679E-02
3.6195E-02
5.7019E-02
7.9352E-02
4.2143E-02
4.1464E-02
6.5236E-02
-2.6962E-02
-1.2325E-01
-7.6255E-02
-9.1797E-03
-2.8673E-02
-7.5374E-02
-1.0059E-01
-6.8822E-02
-2.9719E-02
-1.9603E-02
6.2866E-03
1.1480E-02
4.0173E-02
5.4219E-02
2.5443E-02
8.5343E-04
-3.5797E-02
-6.4348E-02
-4.1567E-02
-2.7103E-02
-4.9414E-02
-5.2406E-02
-4.5817E-02
-4.4482E-02
-5.6479E-02
-5.0348E-02
5.8228E-04
4.6527E-02
7.2199E-02
8.4602E-02
3.0230E-02
-1.0679E-02
1.0368E-02
2.4496E-02
2.6800E-02
4.2733E-02
4.5821E-02
2.5188E-03
-5.1876E-02
-5.6224E-02
-4.9973E-02
-9.1126E-02
-1.0989E-01
-5.2685E-02
-8.7766E-04
-2.1961E-02
-4.4984E-02
-5.3386E-02
-2.1234E-02
2.9720E-02
5.0093E-02
1.1938E-02
-2.5446E-02
-1.3074E-02
2.8783E-02
8.4194E-02
8.3824E-02
6.1079E-02
6.8772E-02
9.6790E-02
6.6782E-02
3.4837E-02
-1.4365E-03
-4.5158E-02
-6.3893E-02
-5.7517E-02
-1.0957E-02
1.5825E-03
-4.3970E-02
-5.1194E-02
-1.7260E-02
1.6259E-02
-2.1543E-04
-2.4556E-02
-1.1387E-02
-4.3707E-03
-9.8537E-03
-2.1107E-02
-1.9966E-02
-4.1624E-02
-5.2119E-02
-1.4762E-02
-6.2292E-04
-1.3086E-02
-2.8055E-03
3.2370E-02
4.9529E-02
5.0095E-02
3.3213E-02
-2.7994E-02
-4.4259E-02
-2.3586E-02
-5.9828E-03
1.0468E-02
-1.3052E-02
-5.1471E-02
-4.2564E-02
2.6650E-03
5.4352E-02
9.3411E-02
6.0130E-02
-1.2994E-03
-1.6351E-02
-1.1908E-03
-3.7759E-02
-9.8279E-02
-8.5737E-02
-1.7647E-02
6.4471E-02
8.4719E-02
3.0961E-02
-1.3234E-02
-2.1007E-02
-1.5622E-02
2.8429E-02
3.8956E-02
-1.1166E-02
-4.8244E-02
-2.6741E-02
2.2197E-02
3.6943E-02
1.3072E-02
-2.0171E-02
-2.9231E-02
1.1793E-02
5.0601E-02
3.6611E-02
-3.1775E-02
-5.2898E-02
-1.8049E-02
2.6293E-02
4.4234E-02
1.4024E-02
2.4673E-02
5.6061E-02
4.4813E-02
1.9253E-02
-3.1103E-02
-7.5022E-02
-5.2540E-02
-3.2365E-02
-1.5688E-02
-3.2557E-02
-6.1125E-02
-6.9817E-02
-6.4529E-02
-5.4534E-02
-7.6995E-02
-5.9920E-02
-1.2407E-02
-1.5381E-02
-4.3363E-02
-3.1859E-02
6.9725E-03
5.0747E-02
5.6547E-02
1.0379E-02
-3.8849E-02
-4.5949E-02
4.9605E-03
5.0667E-02
6.3336E-02
7.4361E-02
8.4788E-02
8.0312E-02
8.5886E-02
6.8035E-02
4.4430E-02
8.3315E-04
-2.1983E-02
-1.2442E-02
-4.0361E-03
-3.4381E-04
3.1355E-03
1.6103E-02
5.5787E-02
6.2474E-02
-3.2043E-03
-5.1393E-02
-3.8913E-02
5.6426E-03
3.3164E-02
1.3190E-03
-8.7958E-02
-1.1643E-01
-6.0780E-02
8.8625E-03
1.1017E-02
-3.6124E-02
-3.9655E-02
-6.0652E-03
3.5291E-02
7.5168E-02
8.5496E-02
7.1705E-02
4.8090E-02
2.7069E-02
4.1036E-02
7.9260E-02
8.7364E-02
3.8249E-02
-1.9075E-02
-2.8124E-02
-3.1413E-02
-2.2599E-02
1.4772E-02
3.0621E-02
6.5697E-03
-2.2458E-02
-3.3942E-02
6.7741E-03
7.1470E-02
7.1957E-02
5.5339E-02
3.8639E-02
1.6023E-02
3.5044E-02
2.6665E-02
-2.1466E-02
-6.7944E-02
-7.2738E-02
-4.1883E-02
-4.1093E-03
3.5645E-03
1.0453E-02
1.8960E-02
4.7500E-02
1.0548E-01
9.8648E-02
2.3086E-02
-6.2187E-02
-1.2072E-01
-1.1985E-01
-5.9989E-02
-1.4463E-02
9.0016E-03
1.0301E-03
-2.4228E-02
-3.7376E-02
-1.8153E-02
2.7124E-02
4.6645E-02
5.5811E-02
7.0665E-02
5.0378E-02
4.1959E-02
6.4834E-02
8.3388E-02
8.1587E-02
5.7577E-02
2.1763E-02
6.7619E-03
1.0150E-02
-1.6953E-02
-4.2366E-02
-4.8902E-02
-5.3253E-02
-4.9680E-02
-8.9302E-02
-1.0506E-01
-2.1403E-02
5.7562E-02
7.2901E-02
8.1917E-02
4.0377E-02
-2.6187E-02
-4.5176E-02
-1.2345E-02
2.9453E-02
-6.3648E-03
-5.4820E-02
-4.1580E-02
7.9386E-03
3.6299E-02
3.6811E-02
-2.2285E-03
-5.6176E-02
-5.1961E-02
-4.1057E-02
-4.0570E-02
-4.2897E-02
-6.7078E-02
-4.4590E-02
1.5995E-02
6.1848E-02
8.6678E-02
8.4397E-02
8.1591E-02
3.6874E-02
-8.2500E-03
-2.3496E-02
-2.9144E-02
-1.0479E-02
2.0989E-02
3.4626E-02
3.9237E-02
1.6948E-02
-8.6214E-04
2.8746E-03
1.2811E-02
3.2501E-02
1.2500E-02
5.2012E-03
5.0151E-02
7.6551E-02
3.4559E-02
-3.5751E-02
-7.6444E-02
-5.8440E-02
-3.4335E-02
-2.4925E-02
-3.1668E-02
-6.6664E-02
-6.5771E-02
-2.3678E-02
2.7594E-02
6.7569E-02
7.5113E-02
7.1063E-02
3.2362E-02
-7.0929E-03
-2.1847E-03
-8.7779E-03
-1.9240E-03
3.0793E-02
3.5071E-02
9.5856E-03
-1.4837E-02
-3.4960E-02
-3.3575E-02
-2.8545E-02
-4.5580E-02
-5.0215E-02
-5.1664E-02
-5.4486E-02
-6.5105E-02
-8.5029E-02
-9.2245E-02
-6.4410E-02
1.7481E-02
8.3331E-02
7.0436E-02
6.5921E-02
4.2148E-02
-8.9960E-03
-3.6304E-02
-9.8482E-03
2.2882E-03
-4.7534E-02
-1.0192E-01
-9.4702E-02
-7.2903E-02
-3.5667E-02
-9.1563E-03
2.0089E-02
3.1857E-02
2.2334E-02
4.0032E-02
4.0169E-02
1.4926E-02
1.0956E-03
6.8463E-03
3.0851E-04
-3.3073E-02
-3.6776E-02
1.0463E-02
2.4129E-02
2.4409E-02
3.8643E-02
2.8607E-02
6.8706E-03
-5.8569E-03
6.9458E-03
3.9150E-02
4.4762E-02
2.2815E-02
-2.0938E-03
-1.1674E-02
-7.5556E-03
1.3392E-02
2.8965E-02
2.4720E-02
3.5747E-02
2.3674E-02
-4.4603E-02
-6.1793E-02
-9.9414E-03
4.3092E-02
7.0973E-02
8.6224E-02
8.0231E-02
3.5148E-02
3.5558E-03
1.2309E-02
2.7762E-02
5.4741E-02
4.2839E-02
-1.3435E-02
-7.0920E-02
-4.2935E-02
3.9757E-02
8.7552E-02
7.1295E-02
3.3065E-02
-1.2912E-02
-4.0253E-02
-4.7678E-02
-4.3777E-02
-4.9630E-03
9.4048E-03
-4.5882E-03
-3.7445E-03
-7.0687E-03
-2.3797E-02
-1.6866E-02
2.7883E-02
6.9212E-02
4.7281E-02
1.3305E-04
-2.5845E-02
-2.0723E-02
1.3940E-02
5.5704E-02
8.8315E-02
7.3062E-02
1.3645E-02
-2.8343E-02
-3.3171E-02
-2.6411E-02
2.5366E-03
3.6570E-02
5.4834E-02
3.0276E-02
-3.5366E-03
-1.7820E-02
-2.3281E-02
-1.8095E-02
-1.4833E-02
-2.7733E-02
-2.8509E-02
1.1347E-02
4.4201E-02
4.9533E-02
2.0004E-02
-2.8527E-05
-1.3704E-02
-2.0813E-02
-3.2020E-02
-4.6460E-02
-1.2440E-02
5.3486E-02
6.4689E-02
3.1803E-02
-2.3313E-02
-3.4839E-02
-1.1571E-02
-1.2682E-02
-2.1624E-02
-1.8725E-02
2.2989E-02
4.8570E-02
3.9146E-02
2.6971E-02
-1.0018E-02
-5.1777E-02
-1.8110E-02
6.0010E-02
1.1685E-01
8.3073E-02
-4.8300E-03
-4.3417E-02
-6.0792E-02
-2.9406E-02
2.1941E-02
3.1182E-02
4.7361E-03
1.3653E-02
6.1303E-02
5.0974E-02
-1.0096E-02
-6.5327E-02
-6.8867E-02
-3.1172E-02
5.4130E-03
-2.7829E-03
-3.5727E-02
-3.1094E-02
-2.0914E-03
2.2936E-03
2.8044E-03
-3.7077E-02
-8.5540E-02
-7.1216E-02
-3.6641E-02
2.2028E-03
5.4321E-02
6.9625E-02
2.8173E-02
2.7856E-02
4.3284E-02
5.6656E-02
6.4073E-02
1.7907E-02
-4.7838E-02
-6.1923E-02
-3.6539E-02
-8.3291E-03
3.3234E-02
5.0542E-02
4.2012E-02
3.2785E-02
2.7234E-02
-1.1471E-03
-5.5030E-03
9.9096E-03
2.5029E-02
2.9693E-02
-1.5406E-02
-3.8961E-02
-2.4836E-02
-2.2060E-02
-1.3883E-02
-1.4597E-02
-1.3394E-02
1.9996E-02
4.5231E-02
5.9259E-02
3.9824E-02
-2.6749E-03
2.4525E-02
6.7897E-02
7.2840E-02
3.6802E-02
-1.0770E-02
-1.8783E-02
-1.1676E-02
1.5264E-03
-2.4595E-02
-7.7764E-02
-1.0294E-01
-8.3056E-02
-1.8384E-02
3.3903E-02
1.7280E-02
-3.3811E-02
-6.2144E-02
-3.2995E-02
4.0517E-02
9.0677E-02
7.3197E-02
3.7332E-02
3.9769E-03
1.0388E-02
2.3967E-02
1.5336E-03
-1.6809E-02
-8.2660E-03
-4.9033E-03
1.2965E-02
4.7131E-02
2.5749E-02
5.8340E-04
1.6078E-02
2.2150E-02
1.3561E-03
-3.5524E-02
-5.1567E-02
-3.6697E-02
-2.3331E-02
-6.9246E-03
-1.4389E-02
-7.2381E-02
-5.9387E-02
-4.4736E-03
-9.0674E-03
-7.3242E-03
-2.5283E-02
-3.4057E-02
-4.4603E-02
-4.6280E-02
-3.3923E-02
-3.7361E-02
-4.4030E-02
-3.9678E-02
-2.9323E-02
8.5410E-03
1.6800E-02
-1.6205E-02
-2.9903E-02
-6.4763E-03
2.1899E-02
3.5742E-02
1.6171E-02
-2.7995E-02
-3.7869E-02
-4.3154E-02
-2.2115E-02
-3.6286E-03
-2.3834E-02
-2.0576E-02
3.6331E-02
5.0959E-02
1.1050E-02
-3.6171E-02
-4.8309E-02
-2.6424E-02
-8.6188E-03
-2.9236E-02
-4.7917E-02
-3.9406E-02
-6.1582E-03
4.3108E-02
5.1599E-02
3.2080E-03
-3.9661E-02
-7.5446E-02
-9.8827E-02
-6.8384E-02
-4.7114E-02
-3.5910E-02
-2.2171E-02
-1.0615E-02
1.4467E-03
-4.8948E-03
-7.4288E-02
-1.2401E-01
-8.7840E-02
3.1156E-03
6.0642E-02
2.3453E-02
-4.6362E-02
-5.8746E-02
-5.7158E-02
-3.2881E-02
-7.2560E-03
-2.6319E-03
7.3051E-03
-8.3652E-03
-4.5816E-02
-5.3590E-02
-7.1454E-02
-5.3456E-02
7.3838E-03
-3.6875E-03
-4.3048E-02
-5.9006E-02
-7.1846E-02
-5.6930E-02
-3.0117E-02
7.4762E-03
1.1341E-02
-1.3765E-03
-3.6925E-02
-1.8006E-02
1.7235E-02
7.0006E-03
2.8003E-02
2.0843E-02
2.2349E-02
6.3351E-03
-1.8929E-02
-4.0446E-02
-4.0361E-02
-4.7028E-02
-6.7448E-02
-6.8859E-02
-3.3118E-02
-3.3572E-02
-3.6804E-02
-2.4984E-02
-2.2780E-02
-1.1081E-02
3.4601E-02
6.4002E-02
4.3759E-02
1.6936E-02
1.0339E-02
2.0997E-03
8.2293E-03
4.8145E-02
5.2979E-02
1.8194E-02
-6.1269E-03
-3.7345E-02
-7.4106E-02
-9.5890E-02
-7.0746E-02
-3.9277E-02
-2.9660E-02
3.0468E-03
2.4091E-02
-2.6712E-03
-2.4840E-02
-2.4406E-02
-8.3993E-03
1.7713E-02
1.2482E-02
-7.6698E-03
-3.8228E-02
-6.2977E-02
-7.1457E-02
-4.9611E-02
-2.2580E-02
7.2247E-03
3.5260E-02
2.8688E-02
-1.2116E-02
-3.1458E-02
-1.5884E-02
-3.0885E-03
1.9446E-02
2.8596E-02
2.2397E-02
-1.1015E-02
-5.7132E-02
-3.0158E-02
1.5539E-02
-2.2577E-02
-3.9080E-02
-5.7510E-02
-2.7096E-02
-2.8539E-03
1.6126E-02
9.6959E-03
-3.5551E-02
-1.6176E-02
4.6993E-03
2.7816E-02
3.3357E-02
-2.4697E-02
-5.3949E-02
-4.1752E-02
-4.8862E-02
8.0223E-03
-1.6154E-02
-3.0172E-02
9.2416E-04
1.5761E-02
2.9765E-03
-6.7830E-03
1.5556E-02
5.0547E-02
4.5212E-02
2.9825E-03
-4.4704E-02
-4.2238E-02
1.0690E-02
5.4499E-02
3.8577E-02
-2.2346E-02
-8.2454E-02
-9.8676E-02
-4.9380E-02
-3.3551E-02
-4.1178E-02
-2.6331E-02
1.8627E-02
5.5073E-02
8.9882E-02
7.7945E-02
2.3176E-02
-4.2405E-03
-3.9142E-03
1.9594E-02
5.8191E-02
3.8328E-02
-1.1632E-02
8.9475E-04
3.1567E-02
4.6530E-02
3.1681E-02
1.6752E-02
5.3869E-02
7.8943E-02
5.8691E-02
2.9936E-02
1.6314E-02
2.0095E-02
8.7958E-03
1.0908E-02
9.7400E-03
2.5951E-02
2.3674E-02
3.2414E-03
-1.0050E-02
-2.1183E-02
2.5430E-02
2.9849E-02
3.7713E-02
1.0074E-01
1.0854E-01
9.1711E-02
8.1753E-02
3.3224E-02
1.3496E-02
2.1291E-02
-1.7855E-02
-4.7158E-02
-3.0033E-02
-1.6756E-02
8.5177E-03
6.0156E-02
3.4929E-02
1.1701E-02
1.7322E-02
9.3968E-04
7.5891E-02
1.1029E-01
3.7545E-02
-4.2921E-02
-1.0404E-01
-9.6714E-02
-1.7796E-02
3.1284E-02
5.2948E-02
3.3123E-02
-6.0469E-04
-6.1525E-04
2.2875E-02
8.8640E-03
-5.2714E-02
-6.2034E-02
-1.9639E-02
-1.3150E-02
-5.6856E-04
4.4728E-02
3.5888E-02
6.1805E-03
6.7015E-04
-2.2570E-02
-1.7723E-02
2.0005E-02
4.0735E-02
3.3500E-02
-2.8133E-02
-1.1228E-02
1.1673E-01
1.8341E-01
1.7102E-01
1.2450E-01
3.0237E-02
-7.0520E-03
-7.9634E-03
-1.7304E-02
-2.0539E-02
-2.9266E-02
-4.1578E-02
9.1784E-03
7.7442E-02
8.1748E-02
1.9272E-02
-3.3025E-02
1.9727E-04
6.2411E-02
9.6737E-02
9.8944E-02
7.1352E-02
3.0848E-02
5.2415E-03
3.3724E-03
5.6468E-02
1.0539E-01
8.1465E-02
7.0097E-02
5.4325E-02
8.0215E-02
6.1386E-02
1.3064E-01
1.4868E-01
4.3994E-02
6.8833E-02
3.3277E-02
-1.2997E-02
4.0943E-02
8.0204E-02
6.8718E-02
2.7461E-02
2.9185E-03
3.3604E-02
4.6155E-02
5.9433E-02
2.7458E-02
2.0361E-02
1.0178E-01
1.5128E-01
1.3751E-01
1.2124E-01
1.2204E-01
1.0939E-01
1.1149E-01
1.1622E-01
2.4205E-02
-2.5436E-02
-7.7996E-02
-1.1261E-01
-6.0237E-02
-3.5664E-02
-6.8399E-02
-1.1365E-01
-1.0213E-01
-4.1622E-02
-1.1572E-02
-3.9165E-03
3.8127E-04
2.2081E-02
7.5704E-02
6.5719E-02
7.8253E-03
-2.3315E-02
-5.3384E-02
-6.2854E-02
-5.6016E-02
-5.3150E-02
-9.8281E-02
-1.0600E-01
-9.0581E-02
-6.8128E-02
-1.4541E-02
-1.0377E-02
1.8424E-02
7.7921E-02
6.7520E-02
2.9321E-02
-3.4522E-02
-8.1041E-02
-5.7065E-02
-3.4840E-02
4.0895E-02
8.5703E-02
4.4058E-02
-1.6372E-02
-3.6310E-03
5.2845E-02
1.2687E-02
-4.1594E-02
-5.0138E-02
-1.2493E-01
-1.6211E-01
-1.1451E-01
-6.7107E-02
-2.6951E-02
-5.6558E-02
-8.6033E-02
-5.4372E-02
-4.3895E-02
-6.8166E-02
-4.3890E-02
2.4438E-03
3.1455E-02
5.5921E-02
4.9221E-02
2.8063E-02
-1.3918E-02
1.3870E-02
9.1418E-02
8.0740E-02
3.8605E-02
1.0440E-02
2.8981E-02
1.0551E-01
1.3528E-01
1.1451E-01
8.8934E-02
8.4216E-02
8.9728E-02
4.9223E-02
3.9490E-02
7.8930E-02
7.9201E-02
6.7003E-02
3.5395E-02
5.6191E-04
3.0087E-02
1.0866E-01
1.5143E-01
1.6088E-01
1.1637E-01
3.0614E-02
4.0302E-02
7.5262E-02
5.7386E-02
3.4761E-02
8.8608E-03
-2.6166E-02
-8.2193E-02
-1.2394E-01
-1.3529E-01
-1.3833E-01
-9.2130E-02
-1.6686E-02
-4.1038E-02
-1.4497E-01
-1.5849E-01
-5.1192E-02
4.9141E-03
2.3306E-02
-9.0789E-03
-3.6010E-02
-2.7372E-02
-2.6874E-02
1.3524E-02
4.0477E-02
-2.8489E-02
-5.4365E-02
-5.6402E-02
-7.7038E-02
-1.0863E-01
-1.2585E-01
-7.6124E-02
1.2011E-03
2.7642E-02
6.5098E-02
7.6258E-02
2.9408E-02
-4.8203E-02
-4.3956E-02
2.0138E-02
8.9242E-05
-1.9538E-02
3.8998E-02
4.1055E-02
6.2903E-03
-1.1151E-02
-1.3454E-02
-1.4571E-04
3.7825E-02
2.2389E-02
4.7181E-02
5.4982E-02
3.6329E-02
3.2551E-03
1.6538E-02
5.6508E-02
8.9676E-02
8.3327E-02
-1.9877E-02
-6.3811E-02
-2.0732E-02
6.8090E-03
-1.5191E-02
7.6023E-03
-1.5416E-02
6.2325E-03
3.4559E-02
8.5412E-02
4.6799E-03
-1.1365E-01
-1.0316E-01
9.4477E-03
4.0238E-02
9.6086E-02
1.2462E-01
7.2478E-02
-2.6860E-02
-3.3322E-02
-3.8944E-02
-2.0258E-03
5.2190E-02
7.7167E-02
9.7146E-02
6.9898E-02
6.3893E-02
8.7140E-03
-4.0986E-02
-4.3395E-02
-4.8856E-02
-6.8611E-02
-1.3577E-01
-1.9087E-01
-2.0614E-01
-1.4622E-01
-4.6626E-02
-1.6590E-02
-2.1256E-02
-1.4691E-02
2.7824E-02
8.0333E-02
8.7766E-02
1.3682E-01
1.7610E-01
1.4906E-01
3.7911E-02
-6.9920E-02
-1.6271E-01
-1.8963E-01
-1.7227E-01
-1.9737E-01
-1.8988E-01
-1.0150E-01
-7.5710E-02
-4.9382E-02
1.6863E-02
2.8361E-02
8.4205E-02
1.0673E-01
1.5267E-01
1.7803E-01
1.6965E-01
1.3190E-01
1.1645E-01
1.1035E-01
5.9993E-02
-5.8751E-02
-1.4164E-01
-1.5792E-01
-1.0123E-01
-8.8531E-02
-1.2468E-01
-1.2439E-01
-8.7788E-02
-7.6485E-02
-9.0743E-02
-2.1690E-02
3.9063E-02
-2.3556E-02
-3.9382E-02
1.6988E-02
2.5198E-02
2.3182E-02
2.6939E-02
5.8223E-02
1.2456E-01
1.2536E-01
4.5569E-02
-2.5673E-03
-4.0298E-02
-7.3522E-02
-6.7437E-02
-2.3997E-02
-3.6826E-02
-4.6344E-02
-2.7022E-02
-3.3992E-02
1.9646E-02
6.4190E-02
4.6607E-02
2.9912E-02
3.2381E-02
5.6341E-02
6.3225E-02
7.7818E-02
1.1566E-01
1.2029E-01
7.5573E-02
5.5300E-02
5.4110E-02
4.8670E-02
3.2022E-02
4.2684E-02
3.7812E-02
-7.0485E-03
-3.4520E-02
-2.6211E-02
-1.1926E-02
1.0593E-02
4.3745E-02
6.2958E-02
6.9049E-02
1.9199E-02
-3.6254E-02
-7.3050E-02
-1.0196E-01
-4.7629E-02
3.5644E-02
1.3273E-02
-2.3378E-02
3.1107E-02
6.6559E-02
1.4210E-02
-7.0585E-03
-4.8573E-02
-6.4248E-02
-6.3155E-02
-8.0985E-02
-7.1463E-02
-4.6653E-02
-1.9963E-02
1.0143E-02
2.9466E-02
1.9326E-02
2.1700E-02
4.1289E-02
6.3212E-03
-5.1231E-02
-3.9740E-02
-1.1567E-02
1.1280E-02
6.6382E-02
1.0267E-01
6.4139E-02
1.3897E-03
-1.7415E-02
6.7363E-02
1.9757E-01
1.9068E-01
6.4029E-02
-2.9370E-02
-5.3714E-02
-2.0158E-02
-4.0690E-02
-9.7205E-02
-1.2406E-01
-1.2000E-01
-8.1876E-02
-4.2486E-02
-3.4186E-03
5.9426E-02
8.5353E-02
1.2318E-01
1.3352E-01
8.1994E-02
3.9125E-02
1.9499E-02
1.5010E-02
1.7090E-02
-3.3028E-02
-9.0120E-02
-5.2640E-02
3.2058E-02
1.1225E-01
1.2536E-01
2.3691E-02
-1.8820E-02
4.3280E-02
8.8199E-02
8.8659E-02
6.6665E-02
-8.0873E-03
-6.7787E-02
-2.6344E-02
1.5075E-02
-3.2056E-02
-3.7099E-02
2.4879E-03
-4.7463E-03
-1.6014E-02
-3.2884E-02
1.0156E-02
6.5345E-02
3.9415E-02
-7.0975E-04
-4.3508E-02
-5.9982E-02
-1.1472E-02
2.8496E-02
6.8616E-03
-1.4655E-02
-3.6695E-02
-2.7545E-02
-6.7442E-03
-2.9691E-02
-2.5783E-02
-4.0363E-02
-4.4218E-02
-1.9694E-02
5.0641E-03
1.3993E-02
-4.6622E-02
-1.1665E-01
-1.2994E-01
-1.5932E-01
-1.7336E-01
-1.5882E-01
-1.7851E-01
-1.5266E-01
-6.9864E-02
-5.1450E-02
-5.9931E-02
-7.3042E-02
-1.1772E-01
-1.1078E-01
-2.3813E-02
7.1417E-02
7.9907E-02
2.4972E-02
-6.7522E-03
-2.8728E-02
-3.8109E-03
4.3345E-02
4.6697E-02
2.4913E-02
-4.6212E-02
-4.5857E-02
2.2553E-02
3.6251E-02
3.3059E-02
3.2008E-02
3.5478E-02
4.0652E-02
5.4151E-02
7.9084E-02
1.2187E-01
1.2739E-01
8.5697E-02
2.7368E-02
-5.5807E-02
-8.4840E-02
-5.8715E-02
-2.3359E-02
1.8253E-02
1.0403E-03
-3.9455E-02
-4.6377E-02
-6.1610E-02
-9.4133E-02
-8.4082E-02
-9.8409E-02
-1.2265E-01
-1.2227E-01
-1.1768E-01
-9.6819E-02
-7.1810E-02
-6.5291E-02
-7.4475E-03
3.3014E-02
4.8140E-02
6.4666E-02
9.4019E-03
-5.0858E-02
-8.5475E-02
-7.7074E-02
-4.2298E-02
-5.1358E-02
-8.7923E-02
-1.2978E-01
-9.3082E-02
-4.2170E-02
-7.2055E-02
-7.6890E-02
-6.8560E-02
-8.1656E-02
-7.3245E-02
-5.1101E-02
-1.8779E-02
4.6455E-02
5.8608E-02
2.2479E-02
5.6529E-02
7.9896E-02
3.3626E-02
-3.9734E-02
-8.2940E-02
-2.1886E-02
2.3280E-02
-1.7503E-02
-4.2990E-02
-4.0543E-02
-6.2400E-02
-1.6669E-02
6.7337E-02
9.7261E-02
8.3144E-02
8.8982E-02
1.4390E-01
1.6691E-01
1.3357E-01
1.1749E-01
1.2481E-01
1.1684E-01
9.6555E-02
8.7317E-02
8.8161E-02
1.0267E-01
1.2490E-01
1.3883E-01
1.0614E-01
1.7618E-02
-3.5169E-02
-1.0184E-02
2.6611E-02
4.1852E-02
5.1283E-02
5.1179E-02
7.6162E-02
7.2849E-02
6.7726E-02
5.8400E-02
3.8096E-02
7.2437E-02
1.1272E-01
9.8012E-02
3.7724E-02
-3.9848E-04
-1.0309E-02
-9.9139E-03
2.9669E-03
5.9136E-03
-8.3697E-03
2.9214E-02
5.2778E-02
-1.3288E-02
-6.0135E-02
-9.7615E-02
-9.3958E-02
-7.3877E-02
-4.3371E-02
-1.5796E-02
-4.5658E-03
9.9201E-03
7.2929E-03
2.4148E-02
5.2281E-02
1.1657E-02
-3.9205E-03
5.5214E-03
-1.2818E-02
-2.3903E-03
4.8088E-03
1.1919E-02
9.0701E-03
3.3854E-03
1.1076E-02
4.0076E-02
6.4219E-02
2.1506E-02
1.2712E-02
3.1237E-02
9.5860E-05
-2.0113E-03
3.8543E-02
9.7633E-02
1.0057E-01
4.4446E-02
4.0507E-02
2.5187E-02
4.1047E-02
7.3348E-02
5.4267E-02
2.1603E-02
-2.1294E-02
-6.6685E-02
-7.1867E-02
-4.4235E-02
-2.7395E-02
1.3459E-03
-9.0988E-03
-2.1773E-02
-5.8076E-03
-1.2739E-03
5.4359E-02
2.5848E-02
-8.0155E-02
-1.1134E-01
-1.2903E-01
-8.4764E-02
-4.9484E-02
-3.2877E-02
-1.3807E-02
1.1437E-02
5.8397E-02
1.0307E-01
7.1650E-02
2.7365E-02
3.2605E-02
4.9204E-02
2.4412E-02
5.2690E-03
8.6555E-03
4.5760E-02
8.9991E-02
1.1033E-01
1.0398E-01
6.8445E-02
5.8003E-02
4.8669E-02
5.4304E-02
8.3314E-02
8.2710E-02
6.5995E-02
4.4927E-02
2.0151E-02
-2.1101E-02
-7.4967E-02
-9.3389E-02
-7.7884E-02
-4.9820E-02
-6.6113E-02
-8.4435E-02
-6.7223E-02
-6.4408E-02
-9.7593E-02
-1.5137E-01
-1.7128E-01
-1.6441E-01
-1.5887E-01
-1.2825E-01
-9.6301E-02
-8.1000E-02
-8.8700E-02
-6.2412E-02
-1.1154E-02
1.0335E-02
-9.2715E-03
-6.6193E-02
-1.5039E-01
-2.1056E-01
-2.2758E-01
-2.0938E-01
-1.7715E-01
-1.5925E-01
-1.2666E-01
-8.0037E-02
-2.2463E-03
3.5809E-02
1.8139E-02
3.8353E-02
4.6035E-02
8.0124E-04
-3.7619E-02
-8.5140E-02
-1.4200E-01
-1.5335E-01
-1.4289E-01
-1.3478E-01
-1.1088E-01
-5.5010E-02
8.2374E-03
6.9881E-02
8.9127E-02
4.3153E-02
-2.3584E-02
-7.8453E-02
-1.1188E-01
-1.2952E-01
-1.3118E-01
-1.2794E-01
-9.9326E-02
-4.1526E-02
-1.7568E-02
-2.7664E-02
-2.8707E-02
-2.8689E-02
-4.3848E-02
-5.3555E-02
-7.1488E-03
-1.4456E-03
-2.3304E-02
-3.3868E-02
-4.1549E-02
-3.4336E-02
-2.8100E-02
-1.1372E-02
-3.6029E-02
-8.3859E-02
-9.3594E-02
-4.0941E-02
-1.8705E-02
-3.7861E-02
-5.6796E-02
-8.4545E-02
-7.7555E-02
-4.8567E-02
-4.0389E-02
-6.5957E-02
-9.9171E-02
-1.2400E-01
-1.5941E-01
-1.7017E-01
-1.6020E-01
-1.6203E-01
-1.4921E-01
-7.9796E-02
-7.0311E-03
-1.5373E-02
-6.2205E-02
-7.1543E-02
-4.0205E-02
-2.1540E-02
-3.7555E-02
-1.1236E-02
1.3789E-02
-3.3282E-03
-2.2851E-02
-2.7566E-02
-2.2291E-02
3.6923E-03
6.9967E-02
1.3710E-01
1.1154E-01
5.9061E-02
3.4777E-02
-7.8629E-03
-7.7570E-03
1.4148E-02
-1.2123E-02
-8.7058E-02
-1.1135E-01
-4.9811E-02
3.0374E-02
3.9523E-02
4.0276E-02
5.8886E-02
4.3719E-02
1.4565E-02
4.9550E-02
1.0246E-01
7.7913E-02
2.7774E-02
2.7122E-02
3.6515E-02
1.7847E-02
-4.1019E-02
-8.3451E-02
-7.6982E-02
-5.7005E-02
-2.4202E-02
-8.3312E-03
-1.8421E-02
-4.8467E-03
4.4091E-02
1.0650E-01
1.1789E-01
1.1666E-01
6.4272E-02
-1.0188E-02
-3.8286E-02
-3.4261E-02
-5.5764E-03
-1.1294E-02
-3.1198E-02
-3.7917E-02
-2.7471E-02
-1.2474E-03
1.1683E-02
2.5639E-02
2.4968E-02
-1.8604E-02
-5.5945E-02
-7.8487E-02
-8.4682E-02
-1.0363E-01
-1.1718E-01
-8.1516E-02
6.9061E-03
5.9528E-02
6.7238E-02
8.5811E-02
9.4734E-02
9.0350E-02
5.2274E-02
2.3584E-02
4.5178E-02
7.1802E-02
6.6648E-02
5.8468E-02
2.2141E-02
-4.2006E-02
-4.3280E-02
-2.6856E-02
-2.8351E-02
6.0132E-03
6.1957E-02
7.6125E-02
4.8256E-02
2.2144E-02
1.4741E-02
2.4976E-02
1.7641E-02
-2.3751E-02
-5.8276E-02
-1.1871E-01
-1.5631E-01
-1.0943E-01
-4.9784E-02
3.9044E-02
1.2348E-01
1.2129E-01
1.1116E-01
1.2906E-01
1.3193E-01
4.9788E-02
2.5344E-02
5.8779E-02
4.5063E-02
4.5687E-02
3.1617E-02
3.0191E-02
7.0507E-02
7.0085E-02
4.9318E-02
4.4631E-02
2.6255E-02
3.0973E-02
9.6178E-02
1.0669E-01
4.8292E-02
2.1828E-02
2.2323E-02
2.6235E-02
4.2611E-02
4.1231E-02
-2.5020E-03
3.7986E-02
1.2632E-01
1.5698E-01
1.8235E-01
1.9609E-01
1.4084E-01
5.9622E-02
-3.5439E-02
-9.8517E-02
-9.1843E-02
-8.6663E-02
-6.2524E-02
-2.7693E-02
-5.7240E-02
-6.9068E-02
-4.3927E-02
-6.1576E-02
-1.3610E-01
-1.8058E-01
-1.5992E-01
-1.2339E-01
-8.2691E-02
-6.9059E-02
-6.9970E-02
-3.1597E-02
1.2453E-02
5.9870E-02
1.2981E-01
8.2877E-02
-1.5311E-02
-1.5012E-02
2.1958E-02
6.5671E-02
6.9960E-02
5.7310E-02
8.5298E-02
1.2681E-01
1.1967E-01
9.3200E-02
7.7111E-02
1.1743E-02
-2.4639E-02
1.1036E-02
5.0912E-02
6.7259E-02
1.1711E-01
1.5389E-01
1.2829E-01
8.1032E-02
4.7692E-02
2.0995E-03
-3.6258E-02
-2.6673E-02
-7.5152E-03
2.5523E-02
7.3644E-02
9.3251E-02
7.7716E-02
6.7295E-02
-1.9058E-02
-1.1536E-01
-1.2495E-01
-1.2707E-01
-1.2805E-01
-6.6655E-02
1.2153E-02
6.7830E-02
9.9946E-02
9.1064E-02
2.8304E-02
1.8623E-02
7.3882E-02
8.5803E-02
7.4335E-02
6.6153E-02
7.5616E-02
9.6919E-02
7.4464E-02
1.1195E-02
-3.1562E-02
-2.7316E-02
-2.0475E-02
1.9121E-02
8.4600E-02
9.4601E-02
9.7922E-02
1.3408E-01
1.5163E-01
1.3726E-01
1.6844E-01
2.1037E-01
1.5302E-01
9.4150E-02
5.5400E-02
3.2471E-02
4.4240E-02
5.1841E-02
7.9763E-03
-2.3611E-02
-3.0280E-02
-1.5503E-02
-2.3813E-03
-8.4726E-02
-1.7006E-01
-1.6964E-01
-1.2653E-01
-1.0024E-01
-6.6315E-02
-4.2339E-02
-1.4886E-02
-3.7644E-02
-9.3595E-02
-1.2806E-01
-1.2743E-01
-1.2564E-01
-1.1346E-01
-1.1070E-01
-1.3231E-01
-1.1964E-01
-6.8878E-02
-2.6830E-02
-2.1965E-02
-2.1792E-02
-2.3415E-03
-1.3520E-02
-3.2862E-02
-2.5065E-02
-2.3146E-02
-3.9084E-02
-6.3487E-02
-5.9075E-02
-4.4194E-02
-1.5142E-02
-2.3544E-02
-7.1083E-02
-8.8373E-02
-8.4732E-02
-9.2584E-02
-7.5415E-02
-4.4067E-02
-1.9224E-02
-2.2923E-02
1.4498E-02
7.6596E-02
1.0862E-01
8.3545E-02
2.4721E-02
5.5323E-03
4.7735E-02
7.8318E-02
6.8180E-02
5.6111E-02
2.0509E-02
-6.6926E-03
-4.0279E-03
2.8189E-02
7.0096E-02
7.7174E-02
6.1112E-02
5.9838E-02
2.5678E-02
3.5740E-02
1.0291E-01
9.4739E-02
-6.7548E-03
-6.8807E-02
-1.0356E-01
-1.2260E-01
-9.5450E-02
-6.8950E-02
-9.8541E-02
-1.0892E-01
-1.6956E-02
5.0018E-02
5.5243E-02
6.6883E-02
2.8446E-02
-2.7248E-02
-8.3495E-03
1.0865E-02
-8.1940E-03
-7.3789E-02
-8.4404E-02
-3.9234E-02
-5.8421E-02
-7.8646E-02
-7.4670E-02
-9.6281E-02
-1.0393E-01
-1.1181E-01
-8.3681E-02
-2.5919E-02
-2.1273E-02
-3.5810E-02
-5.4024E-02
-6.7763E-02
7.5788E-04
9.2256E-02
1.1953E-01
1.0078E-01
8.1210E-02
7.9465E-02
1.0066E-01
1.3867E-01
1.1735E-01
1.1145E-01
1.6246E-01
1.3627E-01
9.8669E-02
1.0754E-01
7.5033E-02
4.3940E-02
3.8233E-02
2.1141E-02
3.5460E-03
-1.6905E-02
-3.4164E-02
-4.8250E-03
2.8860E-02
2.6029E-02
-2.3273E-02
-4.8565E-02
1.9613E-02
5.5518E-02
4.2837E-02
9.5920E-03
-6.9258E-04
4.4069E-02
9.0746E-02
7.0028E-02
3.2032E-04
-6.4322E-02
-7.4941E-02
-3.0513E-02
2.8423E-02
4.7043E-02
2.2182E-02
2.9552E-02
7.1691E-02
1.1310E-01
1.4004E-01
1.0023E-01
4.3182E-02
3.8611E-02
3.4073E-02
3.3180E-02
3.0027E-02
-2.4216E-02
-1.4102E-02
1.8147E-02
-1.5678E-03
-1.7064E-03
1.6202E-02
9.5978E-03
-2.3333E-02
-6.6904E-02
-9.5210E-02
-6.2117E-02
-2.6130E-02
-4.3152E-02
-8.6963E-02
-5.9835E-02
-3.1293E-02
-7.5632E-03
-8.9406E-03
-6.2772E-02
-1.1497E-01
-1.2967E-01
-9.8784E-02
-6.5812E-02
-6.5298E-02
-7.5118E-02
-6.4125E-02
-3.6682E-02
-1.8397E-02
-1.8325E-02
-5.6265E-02
-7.2248E-02
-6.3013E-02
-4.8369E-02
-1.9783E-02
-2.0838E-02
-4.1250E-02
-2.6043E-02
5.1669E-02
9.5862E-02
4.7234E-02
-4.6605E-02
-7.0400E-02
-3.5784E-02
3.9613E-03
1.4172E-02
5.0482E-03
-1.1862E-02
4.2689E-03
8.7388E-02
1.3285E-01
9.8253E-02
5.9740E-02
2.4322E-02
2.8314E-02
4.6004E-02
4.0155E-02
3.3160E-02
5.1486E-02
6.7559E-02
5.0502E-02
2.8005E-02
-1.2157E-02
-7.3107E-02
-9.1212E-02
-5.1666E-02
-3.9730E-03
-7.4960E-03
-2.2631E-02
-4.5566E-02
-7.5600E-02
-5.9774E-02
-3.0995E-02
-2.8982E-02
-2.7385E-02
1.6602E-02
5.7647E-02
8.7799E-02
7.6652E-02
6.4211E-02
5.3924E-02
2.6766E-02
-8.7792E-03
5.4726E-03
5.0508E-02
6.6872E-02
4.5202E-02
3.5429E-02
2.8795E-02
2.3603E-03
3.0711E-02
8.4053E-02
1.2274E-01
1.5224E-01
1.3041E-01
7.9385E-02
3.8045E-02
1.6032E-02
3.5128E-02
8.8201E-02
1.3000E-01
1.3501E-01
1.1620E-01
1.2560E-01
1.5744E-01
1.5958E-01
1.5077E-01
1.3115E-01
1.1934E-01
8.6179E-02
4.7322E-02
3.3028E-02
9.3396E-03
-2.9080E-02
-7.1951E-02
-1.1533E-01
-1.8256E-01
-2.2783E-01
-2.0576E-01
-1.3515E-01
-9.8756E-02
-8.9056E-02
-7.3488E-02
-6.7847E-02
-9.8581E-02
-1.2841E-01
-1.1262E-01
-7.4403E-02
-8.4652E-02
-1.1078E-01
-8.9925E-02
-9.6115E-02
-1.3235E-01
-1.3803E-01
-1.3954E-01
-1.1220E-01
-8.0104E-02
-4.7062E-02
2.9295E-02
6.9427E-02
7.1652E-02
5.3084E-02
2.1678E-02
4.0209E-02
6.1610E-02
2.4420E-02
3.8982E-03
-1.8626E-02
-2.0643E-02
6.7783E-03
1.3449E-02
3.7572E-03
-1.0389E-02
-5.6736E-03
1.4713E-02
3.4858E-02
3.5014E-02
6.1220E-03
8.4108E-03
1.7627E-02
1.3761E-03
-3.9635E-02
-4.3407E-02
1.7557E-02
7.3154E-02
7.2547E-02
6.6792E-02
4.9989E-02
3.4443E-03
-1.6922E-02
-4.2727E-02
-8.8711E-02
-1.0061E-01
-9.4515E-02
-6.4080E-02
-1.2303E-02
2.4736E-03
2.5453E-02
7.1092E-02
1.0359E-01
9.8144E-02
6.0686E-02
4.0141E-02
2.8149E-02
-1.5945E-03
-5.7906E-02
-9.0744E-02
-5.7859E-02
-1.5176E-02
-1.7566E-02
-2.2652E-02
-3.3017E-02
-7.2197E-02
-1.0161E-01
-9.6020E-02
-7.1912E-02
-5.6740E-02
-3.2419E-02
1.6226E-02
5.6163E-02
4.8333E-02
4.2169E-02
5.0799E-02
3.4696E-02
-4.6137E-03
-4.6944E-03
-2.1045E-04
-8.6170E-03
-1.1859E-02
-5.4333E-03
-3.4384E-03
1.0842E-02
4.3712E-03
-2.6380E-02
-4.0411E-02
-4.1055E-02
9.4145E-03
6.2078E-02
4.0545E-02
1.5944E-02
-1.9500E-02
-4.5605E-02
-1.1934E-02
-4.8670E-03
-5.8853E-02
-6.5049E-02
-2.7156E-02
-6.3502E-03
8.6343E-03
2.2004E-02
3.3251E-02
6.5945E-02
7.1053E-02
4.1856E-02
4.0967E-02
4.2416E-03
-2.6379E-02
-3.0103E-03
1.6876E-02
-1.0843E-02
-2.6493E-02
-9.2719E-03
3.0580E-03
2.7595E-03
2.4618E-02
3.2973E-02
1.8703E-02
2.3083E-02
5.8029E-02
8.6037E-02
4.3298E-02
-2.4492E-03
-2.1429E-02
-4.5826E-02
-4.3181E-02
-2.1892E-02
-4.0263E-02
-3.7078E-02
-5.9413E-03
1.1822E-02
2.7641E-02
3.1166E-02
1.7500E-02
6.2671E-03
8.8588E-03
5.6570E-03
-5.2695E-03
-5.7639E-03
-2.2400E-02
-5.6438E-02
-5.2966E-02
-4.3240E-02
-5.0475E-02
-7.0658E-02
-8.5331E-02
-9.2109E-02
-1.0215E-01
-6.4114E-02
4.6379E-03
4.4501E-02
4.4913E-02
2.6045E-03
-3.6734E-02
-5.0142E-02
-5.5005E-02
-4.8676E-02
-5.1746E-02
-3.5064E-02
-2.6798E-03
1.9303E-02
2.8053E-02
3.0608E-02
1.7743E-02
4.1360E-03
1.6673E-02
2.6487E-02
8.7284E-03
-2.9713E-02
-6.1811E-02
-3.5909E-02
1.3169E-02
2.5984E-02
2.7989E-02
2.8812E-02
4.7389E-02
6.2107E-02
7.9457E-02
8.9810E-02
8.3166E-02
7.6913E-02
5.8599E-02
4.7569E-02
4.2551E-02
1.2773E-02
-2.2786E-02
-1.9778E-02
9.8200E-03
3.1512E-02
1.2282E-02
-2.0502E-02
-2.1481E-02
-2.1900E-02
-8.7855E-03
2.5519E-02
4.9293E-02
5.6393E-02
4.0377E-02
3.8973E-02
6.2593E-02
5.8753E-02
1.5486E-02
-4.9626E-02
-9.1332E-02
-8.3084E-02
-2.3843E-02
1.9273E-02
-4.5402E-03
-5.0767E-02
-6.0964E-02
1.2855E-02
1.0050E-01
1.3369E-01
9.7631E-02
2.6272E-02
-8.6493E-03
-1.8930E-03
2.3593E-02
2.1385E-02
3.2919E-03
4.2649E-04
-1.1115E-02
-1.0846E-02
1.6860E-02
5.2227E-02
5.2453E-02
2.6068E-02
2.3017E-02
3.9167E-02
3.3421E-02
1.7061E-02
-1.8440E-02
-6.2416E-02
-4.4695E-02
-1.5846E-02
-1.9257E-02
-1.6974E-02
-1.6898E-03
3.1396E-02
6.3476E-02
5.8816E-02
2.1665E-02
-1.1972E-02
-1.6936E-02
7.5876E-03
2.8211E-02
1.3012E-02
-3.0547E-02
-5.8255E-02
-4.1528E-02
-2.0343E-02
3.2121E-03
4.5646E-02
6.6776E-02
5.9977E-02
6.9969E-02
9.2280E-02
8.6980E-02
4.9414E-02
1.8209E-02
-1.7328E-02
-2.6971E-02
-4.9128E-04
2.3032E-02
2.9740E-02
-4.2457E-03
-5.3435E-02
-6.9661E-02
-3.6321E-02
1.7952E-02
5.8934E-02
3.9694E-02
-1.9644E-02
-3.8605E-02
-2.7894E-02
1.3390E-02
4.7033E-02
3.3319E-02
2.7262E-02
4.3652E-02
6.5573E-02
6.9372E-02
1.9366E-02
-4.0105E-02
-6.2884E-02
-5.7394E-02
-4.9070E-02
-3.7699E-02
-3.5662E-02
-4.6196E-02
-3.4595E-02
-9.2505E-03
-3.2061E-04
-1.0720E-02
-1.5490E-02
5.2915E-03
2.6962E-02
5.7201E-02
5.9134E-02
5.1617E-03
-1.1535E-02
1.0588E-03
-2.1390E-03
-3.9831E-03
-1.2092E-02
-1.4652E-03
1.5217E-02
2.5080E-03
-3.0555E-03
-1.4431E-03
-1.3112E-02
-5.7507E-03
1.0030E-02
1.2510E-02
3.0877E-02
4.9972E-02
6.1325E-02
6.1888E-02
4.0344E-02
3.7776E-03
-3.2963E-02
-4.3878E-02
5.9839E-03
4.1356E-02
3.3533E-02
-5.0835E-03
-6.0759E-02
-9.1194E-02
-9.5550E-02
-9.9100E-02
-1.0407E-01
-8.9047E-02
-3.5754E-02
1.8690E-02
2.2718E-02
2.1316E-02
4.5698E-03
-1.7710E-02
-2.3675E-02
-4.8071E-02
-8.2018E-02
-9.9567E-02
-7.6708E-02
-2.8434E-02
-1.1069E-02
-1.6589E-02
-2.5598E-02
-2.3189E-02
1.4907E-02
7.2196E-02
1.0862E-01
9.5324E-02
5.8296E-02
1.8609E-02
-1.0256E-02
-1.0944E-02
-2.0661E-03
6.7807E-03
1.5356E-02
6.5970E-03
1.3155E-03
7.7471E-03
2.9790E-03
-4.6981E-03
-1.0283E-02
-2.5729E-02
-3.5148E-02
-2.6161E-02
-7.1288E-03
2.3403E-02
4.6257E-02
3.8498E-02
1.4108E-02
-4.5130E-04
-1.7222E-02
-3.8184E-02
-3.9009E-02
-2.5054E-02
-1.7346E-02
-1.3832E-02
2.2470E-03
1.7690E-02
1.7966E-02
2.1939E-02
3.8443E-02
3.9104E-02
1.0718E-02
-1.3013E-02
-2.3809E-02
-4.9599E-02
-7.0694E-02
-6.3592E-02
-3.7136E-02
-1.4527E-02
-3.6632E-03
-1.0245E-02
-3.2008E-02
-4.1162E-02
-4.8487E-03
1.9304E-02
2.7067E-02
3.0329E-02
2.7974E-03
-2.3170E-02
-1.7958E-02
6.3140E-03
1.3347E-02
7.5514E-03
-1.6559E-02
-3.9906E-02
-6.6779E-02
-5.2324E-02
-7.3863E-03
7.5600E-03
4.7406E-03
1.7655E-02
4.0634E-02
4.2764E-02
1.8151E-02
-4.1571E-03
-6.2560E-03
2.1996E-03
2.3367E-02
3.0703E-02
-5.6377E-03
-3.4069E-02
-3.4480E-02
-3.8741E-02
-3.6994E-03
4.7817E-02
6.9058E-02
7.0786E-02
5.1216E-02
7.4230E-03
5.7410E-03
3.2947E-02
3.9714E-02
2.3546E-02
1.2494E-04
-1.4082E-02
-2.2181E-02
-3.1015E-02
-3.5803E-02
-1.7641E-02
1.2074E-02
1.0725E-02
-7.0548E-03
2.0497E-03
1.4773E-02
8.0456E-03
-5.4349E-04
1.1146E-03
-1.3088E-03
7.4574E-03
2.1110E-02
2.9283E-02
2.8494E-02
1.2210E-02
1.2467E-02
3.6872E-02
5.3767E-02
3.4934E-02
-3.9660E-03
-1.7963E-02
-7.2954E-03
1.6561E-02
1.5655E-02
-1.7091E-02
-3.9080E-02
-2.6037E-02
1.4626E-02
4.1136E-02
4.3120E-02
2.1576E-02
7.8850E-03
1.6193E-02
2.1747E-02
3.1425E-03
-3.0910E-02
-3.3301E-02
-2.0223E-02
-7.4804E-03
-6.1064E-03
-3.9210E-02
-6.7304E-02
-5.7927E-02
-9.8996E-03
3.1947E-02
3.5970E-02
-3.5240E-03
-3.2050E-02
-7.6022E-03
3.6586E-02
6.0542E-02
6.0278E-02
3.9325E-02
4.8447E-03
-4.0941E-02
-6.6031E-02
-5.8214E-02
-3.2630E-02
-2.0755E-02
-2.7066E-02
-2.3780E-02
-2.1294E-02
-1.5421E-02
-7.0256E-03
-1.0074E-02
-2.6054E-02
-2.3145E-02
1.4818E-02
4.8175E-02
6.1114E-02
4.9266E-02
6.5537E-03
-2.0290E-02
-3.7554E-02
-4.6792E-02
-3.6648E-02
-3.2642E-02
-3.7647E-02
-5.3741E-02
-7.0061E-02
-6.2084E-02
-8.7353E-03
4.2953E-02
4.9710E-02
2.2449E-02
-4.9569E-04
-1.2021E-02
-7.5996E-03
2.2818E-02
2.7249E-02
-5.5688E-03
-5.2948E-02
-8.1171E-02
-5.7267E-02
7.7350E-03
6.2318E-02
7.2006E-02
2.5758E-02
-4.4156E-02
-8.6052E-02
-6.7654E-02
-1.6011E-02
1.4199E-02
8.8887E-03
6.6857E-04
1.6085E-02
4.5198E-02
6.9402E-02
7.1180E-02
3.2416E-02
-3.2767E-02
-5.5954E-02
-3.0091E-02
-1.0364E-02
1.0369E-03
7.3828E-03
5.2302E-04
-2.0390E-02
-4.2506E-02
-3.9568E-02
-1.9065E-02
-1.9826E-02
-1.6633E-02
-1.1337E-02
-8.5928E-03
4.9255E-03
8.0967E-03
2.7768E-03
-7.2749E-03
-1.4941E-02
-1.3427E-02
-1.8680E-02
-2.6549E-02
-4.1624E-02
-5.8006E-02
-6.2223E-02
-5.4523E-02
-4.5827E-02
-2.7892E-02
1.3524E-02
4.0080E-02
5.0423E-02
3.6345E-02
1.8775E-03
-1.4228E-02
3.4523E-03
6.1579E-03
-1.9620E-02
-4.8870E-02
-8.7116E-02
-9.8575E-02
-6.9160E-02
-4.5236E-02
-2.9336E-02
-1.6234E-02
-8.1948E-03
1.1030E-02
1.0574E-02
-1.9730E-02
-3.5825E-02
-1.9866E-02
2.6078E-02
4.6862E-02
-3.9191E-04
-5.8077E-02
-4.6278E-02
3.0607E-02
9.2193E-02
9.8088E-02
6.4235E-02
2.1285E-02
3.8721E-03
9.2511E-03
1.1961E-02
-2.1596E-02
-6.8932E-02
-4.5584E-02
2.5922E-02
5.9454E-02
2.6629E-02
-2.6139E-02
-4.6075E-02
-1.4484E-02
4.5941E-02
6.3573E-02
2.5028E-02
-8.7526E-04
1.8845E-02
5.8931E-02
8.9321E-02
8.0286E-02
4.4833E-02
1.4001E-02
2.5083E-02
3.5885E-02
1.3242E-02
-7.3823E-03
-1.0312E-02
-3.3296E-03
1.3655E-02
1.0703E-02
-2.6028E-02
-4.7676E-02
-3.6762E-02
-5.0283E-03
5.0007E-02
8.8618E-02
9.5244E-02
7.7149E-02
2.6162E-02
1.0542E-02
2.4560E-02
2.6745E-02
2.1698E-02
7.1023E-03
1.3700E-02
3.3609E-02
3.0652E-02
2.8019E-03
-2.5659E-02
-3.1339E-02
-2.0083E-02
1.0548E-03
2.9588E-03
-2.6512E-02
-4.1408E-02
-3.9539E-02
-3.2398E-02
-1.6627E-02
-2.0932E-02
-3.9066E-02
-5.3156E-02
-3.4763E-02
9.8583E-03
4.4938E-02
3.5721E-02
1.9506E-02
2.1322E-02
4.9404E-02
7.7641E-02
7.8598E-02
4.5640E-02
-4.9381E-03
-3.5569E-02
-4.8129E-02
-4.8881E-02
-3.2661E-02
-9.4235E-03
9.0743E-03
3.3160E-02
6.0122E-02
8.9398E-02
1.0292E-01
8.2098E-02
3.8232E-02
9.3796E-03
2.3811E-02
4.3125E-02
1.8005E-02
-3.6761E-02
-7.8531E-02
-7.6805E-02
-4.6552E-02
-2.1514E-02
-1.4789E-02
-1.6977E-02
-8.7080E-03
3.0784E-02
1.0216E-01
1.3093E-01
7.9665E-02
3.7554E-02
1.5362E-02
-1.0992E-02
-3.6418E-02
-7.9681E-02
-1.0548E-01
-7.3872E-02
-3.6357E-02
-2.6780E-02
-4.1622E-02
-6.4407E-02
-4.9926E-02
-1.1311E-02
2.5678E-02
3.7144E-02
2.6924E-02
1.2730E-02
6.3272E-03
1.8005E-02
1.5687E-02
-1.1044E-02
-3.4918E-02
-3.3380E-02
-1.5727E-02
-1.1823E-02
-2.4665E-02
-5.1172E-02
-5.4622E-02
-1.3209E-02
2.7585E-02
4.9044E-02
5.4304E-02
3.4578E-02
1.6377E-02
4.0331E-02
9.9254E-02
1.2461E-01
8.6460E-02
-7.0241E-03
-9.0734E-02
-1.0278E-01
-2.3275E-02
5.1304E-02
3.1780E-02
-4.2553E-02
-7.5916E-02
-2.6541E-02
3.1862E-02
4.0230E-02
1.4589E-02
-8.4172E-03
-4.1665E-03
2.8443E-02
4.6638E-02
1.0437E-02
-7.2337E-02
-1.0266E-01
-5.1892E-02
-1.1573E-02
-1.3702E-02
-2.6191E-02
-3.2138E-02
-1.4278E-02
1.3567E-02
2.7235E-02
1.8251E-03
-4.4601E-02
-5.6790E-02
-3.6682E-02
-4.0754E-02
-7.5793E-02
-1.0064E-01
-7.6570E-02
-1.9033E-02
2.1573E-02
3.1392E-02
3.4362E-02
4.9526E-02
7.2800E-02
8.3234E-02
8.0441E-02
6.8004E-02
6.4184E-02
5.8603E-02
4.3566E-02
3.4435E-02
3.0047E-02
2.0368E-02
-1.8587E-02
-7.4705E-02
-1.0856E-01
-9.7849E-02
-3.4184E-02
1.9540E-02
1.7775E-02
-1.1832E-02
-3.6737E-02
-1.6559E-02
3.3734E-02
5.5679E-02
1.9623E-02
-2.4424E-02
-2.2189E-02
1.0799E-02
2.3202E-02
-2.7770E-03
-5.7597E-02
-9.3991E-02
-5.3137E-02
3.4272E-02
1.0701E-01
1.2458E-01
6.9683E-02
-1.3153E-02
-6.0727E-02
-6.9741E-02
-6.3930E-02
-6.4023E-02
-6.5535E-02
-4.1106E-02
-3.0117E-02
-4.8053E-02
-6.9927E-02
-6.6066E-02
-3.4361E-02
-1.0236E-02
7.0623E-03
2.5793E-03
-2.0014E-02
-1.2322E-02
7.2282E-03
2.3515E-02
3.8864E-02
3.6864E-02
2.2789E-02
2.2380E-02
3.2265E-02
5.5105E-02
5.8986E-02
2.1592E-02
-7.6358E-03
6.8625E-04
2.1236E-02
3.5185E-02
1.6382E-02
-2.6540E-02
-5.2797E-02
-2.0044E-02
4.3601E-02
7.9382E-02
7.0762E-02
1.9913E-02
-2.0136E-02
-3.1932E-02
-2.9565E-02
-3.9365E-02
-5.9673E-02
-6.4578E-02
-5.4590E-02
-3.8309E-02
-2.8198E-02
-3.7509E-02
-3.8866E-02
-1.9180E-02
2.0853E-02
5.1912E-02
3.4985E-02
1.1711E-03
-1.1262E-02
-1.6113E-02
-6.1126E-03
5.5122E-03
5.0005E-03
2.4754E-05
-1.1780E-02
-4.8599E-02
-9.2427E-02
-1.1701E-01
-1.0903E-01
-6.5683E-02
-6.6888E-03
1.9445E-02
-3.7279E-03
-3.2507E-02
-3.5236E-02
-6.3603E-03
1.7383E-02
1.8703E-02
1.4233E-02
1.9365E-03
-9.2362E-03
-8.4922E-03
-4.4940E-03
1.3936E-02
3.3555E-02
3.5494E-02
1.1143E-02
-6.3325E-03
7.1122E-03
3.0457E-02
4.5321E-02
4.3828E-02
2.6153E-02
1.5846E-02
3.1252E-02
5.7787E-02
6.8357E-02
3.7086E-02
-1.1041E-02
-3.3257E-02
-1.5368E-02
1.5276E-02
1.1094E-03
-4.7082E-02
-6.7307E-02
-2.0115E-02
5.0142E-02
7.8617E-02
6.7878E-02
5.2395E-02
3.0960E-02
2.3995E-02
3.2142E-02
2.9441E-02
9.6863E-03
-1.3184E-02
-9.1727E-03
-6.9121E-03
-3.4303E-02
-6.3972E-02
-6.7287E-02
-5.3860E-02
-4.0597E-02
-4.9926E-02
-7.3165E-02
-5.6208E-02
-1.2363E-02
1.3132E-02
1.5313E-02
-4.5129E-03
-1.2796E-02
1.9435E-02
6.0148E-02
5.7228E-02
9.0401E-03
-3.2556E-02
-2.7429E-02
7.0687E-03
6.4539E-03
-3.3154E-02
-5.6467E-02
-3.1945E-02
1.7519E-02
5.2509E-02
3.0050E-02
-1.0826E-02
-1.0179E-02
-7.7784E-03
-1.7599E-02
-3.5830E-02
-5.0495E-02
-4.1132E-02
-1.6083E-03
4.9930E-02
6.2169E-02
1.0794E-02
-2.6755E-02
-1.3289E-02
3.5876E-02
7.4214E-02
4.6935E-02
2.1452E-02
1.7202E-02
9.4126E-03
-2.0640E-03
-2.1584E-02
-2.1755E-02
-8.6396E-03
-6.8608E-03
-2.5550E-02
-4.6905E-02
-4.7674E-02
-2.6211E-02
1.2393E-03
2.0855E-02
2.4385E-02
1.3619E-02
1.6201E-02
4.1870E-02
6.9393E-02
4.3576E-02
-2.4313E-02
-4.4803E-02
5.4319E-03
6.9742E-02
9.5372E-02
6.4325E-02
-3.4543E-04
-2.1337E-02
-3.9846E-03
1.4070E-02
1.9080E-02
4.6813E-03
1.4146E-02
3.7988E-02
5.3684E-02
4.2997E-02
2.2081E-02
1.1358E-02
6.5599E-03
9.9848E-03
2.0571E-02
2.2401E-02
7.8898E-03
-2.0324E-02
-6.1564E-02
-7.9991E-02
-6.9626E-02
-5.1963E-02
-3.3961E-02
-1.1431E-02
-2.3277E-02
-3.6139E-02
-2.9432E-02
-1.8563E-02
-1.1154E-02
-1.2108E-02
-5.3737E-03
1.1042E-02
3.1352E-02
3.1860E-02
1.6865E-02
-9.1067E-03
-1.8070E-02
-9.1240E-03
2.0766E-02
4.9797E-02
3.9835E-02
-5.8497E-03
-5.7814E-02
-7.9306E-02
-5.2894E-02
-4.1025E-03
4.3358E-02
6.7297E-02
6.5926E-02
5.4528E-02
2.9602E-02
4.6730E-03
-1.1822E-02
-2.9245E-02
-4.8554E-02
-4.5624E-02
-2.7867E-02
-1.9018E-02
-2.4704E-02
-2.5988E-02
-5.9948E-03
1.0307E-02
9.2728E-03
-1.3943E-02
-4.1218E-02
-4.7521E-02
-3.6691E-02
-1.5982E-02
-9.5596E-03
-1.8026E-02
1.1034E-03
4.6886E-02
7.0667E-02
6.6659E-02
4.8764E-02
2.3022E-02
3.5154E-03
-9.1540E-04
6.4450E-03
2.4594E-02
3.8824E-02
3.3174E-02
1.4596E-02
-2.0391E-02
-5.3542E-02
-3.9908E-02
-1.4519E-02
4.4210E-04
1.9077E-02
3.2160E-02
2.8355E-02
1.9957E-02
1.9451E-02
2.1226E-03
-3.3706E-03
8.8806E-03
1.5901E-02
3.1950E-02
2.6422E-02
-5.0191E-03
-1.2961E-02
-1.0547E-02
7.9185E-03
2.2332E-02
1.2360E-02
4.0086E-03
4.1083E-03
5.1031E-04
-2.4859E-02
-3.2315E-02
-3.3694E-02
-6.1802E-02
-5.1791E-02
-1.7489E-02
2.5083E-03
1.5415E-02
2.4498E-02
2.4588E-02
8.0612E-03
-6.1731E-03
-2.6155E-02
-5.0101E-02
-5.1820E-02
-1.8673E-02
1.0712E-02
1.4314E-02
2.6529E-02
3.8933E-02
3.6123E-02
1.8220E-02
-7.2065E-03
-1.7361E-02
-3.0362E-03
2.2511E-02
4.2731E-02
3.0641E-02
3.5315E-03
-4.7247E-04
1.0181E-02
2.4136E-02
2.6988E-02
9.4688E-03
-2.7816E-03
-2.1903E-03
1.8444E-02
3.2802E-02
1.3467E-02
-1.5728E-02
-3.9678E-02
-4.4924E-02
-5.1684E-02
-5.2057E-02
-3.9092E-02
-1.0925E-02
2.1857E-02
3.5323E-02
1.7902E-02
-9.6513E-03
-6.3543E-03
3.0766E-02
5.2052E-02
2.2631E-02
-4.1916E-02
-8.2141E-02
-6.9192E-02
-4.4388E-03
7.6785E-02
8.9910E-02
4.3586E-02
-2.5778E-02
-5.5919E-02
-2.1720E-02
2.8502E-02
5.7390E-02
4.8044E-02
2.1901E-02
-1.1662E-03
-1.8643E-02
-2.5369E-02
-2.0314E-02
3.5880E-03
4.5828E-02
7.8238E-02
7.0712E-02
2.2917E-02
-1.6043E-02
-2.1592E-02
5.8518E-03
4.3087E-02
4.3367E-02
2.6725E-02
2.4872E-02
2.3510E-02
1.4900E-02
-7.1719E-03
-4.9139E-02
-6.9165E-02
-4.2468E-02
-2.1462E-03
3.5260E-02
3.2625E-02
-1.4631E-03
-8.5324E-03
6.1720E-03
1.3410E-02
1.9355E-02
1.0041E-02
1.7762E-03
1.2183E-02
1.3358E-02
-8.8039E-03
-2.0993E-02
-1.6135E-02
1.2033E-03
1.8307E-02
1.0333E-02
-2.2026E-02
-4.7178E-02
-2.6503E-02
1.2151E-02
2.7144E-02
4.8872E-02
5.5465E-02
3.2267E-02
2.0392E-02
-9.8627E-03
-2.8731E-02
-3.4290E-02
-3.2212E-02
-1.9114E-02
-2.1321E-02
-2.2729E-02
-1.5012E-02
3.2286E-03
3.6747E-02
4.8153E-02
3.6948E-02
3.1973E-02
4.9029E-02
6.0955E-02
6.4659E-02
5.3245E-02
1.4933E-02
4.4674E-03
2.4501E-02
2.0050E-02
-1.3577E-02
-4.6131E-02
-5.8577E-02
-2.0455E-02
1.3504E-02
1.0543E-02
-9.4624E-03
-3.1180E-02
-2.0587E-02
2.9937E-03
1.5211E-02
1.2808E-02
-6.1422E-03
-8.8679E-03
1.2491E-02
3.0771E-02
2.4729E-02
9.5419E-04
4.9928E-03
1.9020E-02
2.3434E-02
1.1483E-02
-9.1965E-03
1.1232E-03
1.6959E-02
1.8865E-02
9.9558E-03
-1.5671E-02
-3.0389E-02
-1.7202E-02
7.5384E-03
2.4087E-02
1.8346E-02
-4.8250E-03
-2.7784E-02
-4.0556E-02
-5.1513E-02
-4.1407E-02
-2.5028E-03
3.2085E-02
3.8552E-02
1.8450E-02
-2.1346E-02
-3.6005E-02
-1.9323E-02
-1.5487E-03
1.1576E-03
-1.2635E-02
-2.5729E-02
-3.7897E-02
-4.7493E-02
-2.6963E-02
2.9330E-03
1.5684E-02
-1.3300E-02
-4.3481E-02
-4.1868E-02
-2.7392E-02
1.0573E-02
5.0396E-02
4.8811E-02
1.7793E-02
-1.7839E-02
-2.2899E-02
1.7849E-02
4.9637E-02
3.8909E-02
-5.4001E-03
-3.4591E-02
-3.0619E-02
-1.4550E-02
-1.8849E-02
-2.4013E-02
-1.4943E-02
1.7890E-03
5.8173E-03
5.2301E-03
-4.2099E-03
-1.6333E-02
-5.4172E-03
1.1655E-02
1.7464E-02
9.3473E-03
-1.5507E-02
-1.9480E-02
6.8873E-03
3.7532E-02
4.2133E-02
1.0390E-02
2.9513E-04
2.5068E-02
3.6939E-02
1.7694E-02
-1.9348E-02
-4.3054E-02
-5.2831E-02
-5.3799E-02
-3.2105E-02
-1.0024E-02
8.1006E-03
3.0842E-02
3.8404E-02
1.6775E-02
-1.7230E-02
-3.5067E-02
-3.1913E-02
-1.9438E-02
-4.9171E-03
7.4126E-03
1.3497E-02
-3.3246E-03
-1.4622E-02
-2.5748E-02
-3.7326E-02
-1.2247E-02
3.3972E-02
3.4270E-02
-4.6583E-03
-3.7702E-02
-8.7369E-03
4.5844E-02
5.2362E-02
2.9368E-02
-2.2009E-02
-5.9204E-02
-4.2775E-02
2.0659E-03
2.9429E-02
1.1671E-02
-1.8362E-02
-2.1618E-02
-5.3248E-03
2.7583E-03
-9.4530E-03
-1.1429E-02
2.6386E-03
2.2141E-02
2.4760E-02
2.5065E-03
-2.2390E-02
-2.8207E-02
-8.2098E-03
2.5470E-02
4.6213E-02
4.5726E-02
2.3785E-02
-1.2739E-02
-3.2320E-02
-2.3584E-02
1.4385E-02
3.5692E-02
1.5428E-02
-1.1208E-02
-2.2538E-02
-2.5639E-02
-1.0769E-02
1.0905E-02
2.5055E-03
-9.3879E-03
-1.1516E-03
2.8955E-02
3.6665E-02
2.9592E-02
1.9944E-02
1.3030E-02
1.5131E-02
1.5555E-02
1.1041E-02
-8.3008E-03
-4.0833E-02
-5.8176E-02
-4.0237E-02
-2.5929E-03
2.1674E-02
8.0919E-03
-1.9490E-02
-2.8119E-02
-7.1126E-03
2.6271E-02
5.6653E-02
5.1416E-02
2.7653E-02
2.1904E-02
1.5458E-02
-1.0719E-04
-7.3724E-03
-1.1777E-02
-3.4113E-02
-4.4929E-02
-4.0013E-02
-2.9537E-02
-9.2992E-03
5.2432E-03
8.0753E-03
3.8806E-03
3.8156E-03
1.5724E-02
1.7042E-02
5.0522E-04
-5.6456E-03
-1.3568E-03
-6.1788E-03
3.3800E-03
1.5657E-02
3.9246E-03
-3.0972E-04
1.4645E-02
2.0501E-02
-6.2788E-04
-1.3656E-02
-2.1536E-03
2.3470E-02
3.5866E-02
1.2860E-02
-4.6294E-03
1.3638E-02
3.3404E-02
2.3499E-02
-1.9719E-02
-4.4145E-02
-3.7110E-02
-9.5794E-03
1.0190E-02
6.4362E-03
-1.0169E-02
-1.3958E-02
-1.0550E-02
2.3905E-03
6.6788E-03
-2.2258E-02
-4.2413E-02
-3.0788E-02
1.1937E-02
3.8943E-02
3.7916E-02
1.6028E-02
-3.5516E-03
-2.1403E-03
2.6442E-03
2.2677E-02
4.6787E-02
4.3662E-02
1.6231E-02
-1.8195E-02
-3.2581E-02
-2.7860E-02
-1.3994E-02
2.5154E-04
-1.6708E-03
-1.4161E-02
-2.3713E-02
-3.5466E-02
-4.6408E-02
-4.7259E-02
-2.2757E-02
2.7639E-02
6.4021E-02
4.1389E-02
-1.5977E-03
-3.2086E-02
-3.9796E-02
-1.1017E-02
1.1248E-02
-7.3064E-03
-3.8741E-02
-4.8903E-02
-1.4403E-02
3.6599E-02
6.0622E-02
4.6036E-02
-7.4809E-03
-3.4136E-02
-1.2218E-03
2.8308E-02
2.5317E-02
-3.9894E-03
-2.5461E-02
-1.5524E-02
-6.6371E-03
-8.2936E-03
-2.2659E-02
-4.3080E-02
-4.2643E-02
-1.8062E-02
6.0549E-03
1.4481E-02
1.1006E-02
7.3208E-03
-5.6665E-03
-5.5403E-03
6.5207E-03
1.8717E-03
-1.9401E-02
-3.9224E-02
-4.6668E-02
-3.2029E-02
-1.9960E-02
-3.3441E-02
-4.0441E-02
-2.5026E-02
-2.5331E-03
1.1435E-02
-1.4578E-03
-2.2739E-02
-1.7609E-02
-1.4746E-03
1.8221E-02
3.3693E-02
3.3727E-02
2.5908E-02
1.6860E-02
1.2442E-02
5.9030E-03
3.0533E-03
7.9689E-03
3.5140E-02
6.1118E-02
4.6235E-02
2.0776E-02
5.3996E-03
5.3078E-03
1.3482E-02
2.6036E-02
2.5507E-02
-1.2249E-02
-4.2215E-02
-3.5966E-02
-1.9950E-02
6.8088E-05
9.4595E-03
7.3586E-03
-4.7913E-04
8.8355E-03
2.3600E-02
2.2741E-02
1.2697E-02
1.7680E-03
-1.1774E-02
-1.7849E-02
-5.1960E-03
1.6675E-02
2.9565E-02
2.7076E-02
1.2752E-02
-6.5959E-03
-1.1653E-02
1.2793E-02
3.9797E-02
3.1511E-02
-1.6630E-02
-4.5711E-02
-2.4682E-02
2.5563E-03
1.1896E-02
-2.1154E-02
-6.6014E-02
-7.3302E-02
-2.6316E-02
3.4067E-02
5.9129E-02
3.8185E-02
-5.3509E-03
-3.2976E-02
2.4679E-03
5.3925E-02
4.3916E-02
-5.5121E-03
-5.3497E-02
-5.5031E-02
-5.5891E-03
3.4417E-02
3.5134E-02
9.7376E-03
-2.0506E-02
-2.7272E-02
-2.4646E-02
-2.8451E-02
-1.7580E-02
3.6948E-03
1.2163E-02
1.0884E-02
-3.5790E-03
-3.0295E-02
-3.4171E-02
-8.9303E-03
1.8119E-02
2.4215E-02
1.0812E-02
-1.2303E-02
-3.1183E-02
-2.4889E-02
-4.7950E-03
-8.8525E-03
-2.5785E-02
-2.5517E-02
1.0331E-02
4.2455E-02
4.2581E-02
2.7227E-02
1.7064E-02
1.4499E-02
2.6699E-02
5.0163E-02
5.3523E-02
1.6525E-02
-3.7929E-02
-5.8851E-02
-3.8005E-02
7.3342E-04
1.9929E-02
1.7686E-02
1.1219E-02
2.0936E-02
4.0334E-02
4.0724E-02
2.0639E-02
-1.7767E-02
-4.6862E-02
-4.0913E-02
-1.0485E-02
2.4631E-02
3.7321E-02
2.1103E-02
1.0650E-02
2.3021E-02
2.8937E-02
8.4349E-03
-2.4050E-02
-4.4951E-02
-4.2747E-02
-2.1042E-02
1.5441E-03
2.7757E-02
3.7204E-02
2.7843E-02
2.3087E-02
2.2086E-02
3.2842E-02
5.5009E-02
6.4094E-02
4.5464E-02
2.1211E-02
4.1921E-03
-4.2516E-04
2.6076E-02
5.6258E-02
6.5677E-02
4.8326E-02
1.6765E-02
8.7808E-03
2.2736E-02
3.5787E-02
5.6529E-02
6.4602E-02
3.8075E-02
-9.5018E-04
-1.1001E-02
4.8104E-03
1.6764E-02
2.2232E-02
1.8567E-02
6.8414E-03
3.6155E-05
-5.2292E-03
-8.1428E-03
-1.0542E-02
-2.1664E-02
-2.5512E-02
-2.9439E-02
-3.7304E-02
-4.7563E-02
-5.1914E-02
-5.0562E-02
-4.9777E-02
-3.5089E-02
-1.4048E-02
-1.4794E-02
-2.1520E-02
-3.4659E-02
-5.2602E-02
-7.1142E-02
-8.3670E-02
-9.1592E-02
-9.8160E-02
-9.4684E-02
-7.7491E-02
-5.6293E-02
-4.6569E-02
-4.6749E-02
-4.9902E-02
-5.6205E-02
-6.2146E-02
-4.7792E-02
-2.5860E-02
-2.0074E-02
-3.7312E-02
-6.4647E-02
-8.6970E-02
-8.7528E-02
-6.4474E-02
-3.8062E-02
-2.8104E-02
-2.7076E-02
-4.2452E-02
-6.4101E-02
-7.4773E-02
-7.8013E-02
-7.4283E-02
-5.9790E-02
-4.8613E-02
-5.5434E-02
-5.8729E-02
-5.0393E-02
-3.7927E-02
-2.4068E-02
-2.5551E-02
-4.1517E-02
-4.7240E-02
-3.8304E-02
-1.4165E-02
1.5807E-02
2.1880E-02
2.4282E-03
-9.0182E-03
-4.3565E-03
1.2968E-02
2.7350E-02
2.8446E-02
2.4785E-02
2.6513E-02
3.6186E-02
4.5506E-02
4.2660E-02
3.6540E-02
4.5918E-02
6.9053E-02
8.8039E-02
9.2761E-02
9.4270E-02
9.9215E-02
8.6541E-02
5.4561E-02
3.9786E-02
4.7104E-02
6.9643E-02
9.1825E-02
1.0091E-01
9.4039E-02
6.6357E-02
3.7586E-02
3.0871E-02
4.0674E-02
4.3533E-02
3.8294E-02
3.7142E-02
4.6200E-02
6.0488E-02
6.7611E-02
5.2991E-02
3.4533E-02
1.0814E-02
-7.5870E-04
2.0263E-02
5.2366E-02
8.9833E-02
1.0978E-01
9.8769E-02
6.3385E-02
2.4627E-02
1.9566E-02
4.7268E-02
7.4283E-02
8.7668E-02
9.0662E-02
8.1370E-02
6.0332E-02
3.8330E-02
3.4837E-02
3.5271E-02
4.2163E-02
4.6069E-02
2.9729E-02
7.0235E-03
9.1570E-04
3.0978E-02
6.5131E-02
9.1485E-02
8.6492E-02
4.9910E-02
1.9670E-02
1.8664E-02
3.0391E-02
3.7461E-02
3.1532E-02
2.6479E-02
2.5849E-02
1.2790E-02
-6.8572E-03
-2.5121E-02
-4.2419E-02
-3.6806E-02
-1.1745E-02
2.8990E-03
4.0241E-03
1.0032E-02
1.8832E-02
2.1435E-02
8.5683E-03
-6.0407E-03
-1.2925E-02
-1.2868E-02
-1.7132E-02
-3.7229E-02
-5.7985E-02
-5.9181E-02
-4.7139E-02
-5.2348E-02
-6.7382E-02
-7.9884E-02
-7.8712E-02
-5.6448E-02
-2.8549E-02
-1.8376E-02
-2.0024E-02
-1.7990E-02
-8.9469E-04
1.5054E-02
6.8215E-03
-2.7152E-02
-5.1281E-02
-4.0965E-02
-1.5784E-02
-1.4370E-02
-5.1467E-02
-8.4712E-02
-7.8308E-02
-4.9553E-02
-3.8019E-02
-5.6475E-02
-7.9990E-02
-8.6577E-02
-6.1491E-02
-2.6115E-02
-6.7896E-03
-5.4441E-03
-9.6233E-03
-6.0565E-03
1.1103E-03
-1.4432E-02
-4.6825E-02
-5.2555E-02
-3.3518E-02
-1.1492E-02
-1.2780E-02
-4.7135E-02
-8.3235E-02
-8.6111E-02
-5.3010E-02
-1.9087E-02
-2.0078E-02
-5.9761E-02
-1.1303E-01
-1.3140E-01
-1.1131E-01
-8.2543E-02
-4.8942E-02
-1.9439E-02
-5.6032E-03
-6.1853E-03
-3.4266E-03
-8.8590E-03
-2.0371E-02
-2.7711E-02
-4.1948E-02
-6.1235E-02
-8.1010E-02
-7.3826E-02
-4.7410E-02
-3.7683E-02
-3.4989E-02
-9.8824E-03
1.1075E-02
1.9404E-02
1.2337E-02
-2.7820E-03
-8.1600E-03
-3.2300E-03
1.4784E-02
2.8799E-02
2.3490E-02
9.8682E-03
1.5352E-02
3.1268E-02
3.2368E-02
1.5254E-02
-2.2897E-02
-5.6673E-02
-4.8159E-02
-4.3788E-04
4.8873E-02
4.1584E-02
-3.9542E-03
-3.5106E-02
-4.5280E-02
-4.6088E-02
-5.0525E-02
-4.6120E-02
-1.4595E-02
3.1828E-02
7.2033E-02
7.1568E-02
3.1063E-02
-1.1268E-02
-1.8204E-02
2.2237E-02
6.8399E-02
7.4184E-02
4.8128E-02
2.8077E-02
2.6346E-02
3.5508E-02
2.9147E-02
-7.7200E-04
-2.5975E-02
-2.8672E-02
2.0368E-03
4.5922E-02
5.2871E-02
3.4216E-02
3.2306E-02
4.0727E-02
4.5379E-02
4.3335E-02
3.3171E-02
2.9188E-02
2.6956E-02
3.1993E-02
3.2129E-02
2.6604E-02
1.0616E-02
1.1922E-02
2.7664E-02
3.8682E-02
3.9145E-02
3.1133E-02
1.7207E-02
-2.6190E-03
-1.2973E-02
-9.4812E-03
-1.3092E-03
-5.2978E-03
-2.6728E-02
-4.0936E-02
-2.2699E-02
8.5795E-03
2.1912E-02
-1.6767E-03
-3.6544E-02
-4.2305E-02
-2.9210E-03
5.4929E-02
6.9842E-02
2.5018E-02
-2.4676E-02
-3.8278E-02
6.0577E-05
5.8366E-02
6.5815E-02
1.1605E-02
-3.1738E-02
-2.0695E-02
1.9060E-02
3.2658E-02
-2.4136E-03
-6.3066E-02
-9.4063E-02
-7.1660E-02
-1.2480E-02
2.5774E-02
1.4687E-02
-9.3044E-03
-1.0257E-02
8.5866E-03
1.5121E-02
-9.7781E-03
-4.3429E-02
-4.4123E-02
-2.7416E-02
-1.5504E-02
-1.4806E-02
-3.6240E-02
-4.3189E-02
-2.5591E-02
-2.8647E-02
-4.2546E-02
-4.9668E-02
-4.5256E-02
-1.6688E-02
1.2734E-02
6.0730E-03
-1.9739E-02
-3.3423E-02
-3.2842E-02
-1.4959E-02
6.5016E-03
1.8727E-02
2.3027E-03
-3.5497E-02
-6.3139E-02
-6.3976E-02
-3.9341E-02
2.3483E-03
2.4805E-02
1.3798E-02
-8.3563E-03
-1.8918E-02
-6.1052E-03
7.6028E-03
1.0457E-02
-5.1168E-03
-1.6049E-02
-5.2663E-03
2.0158E-02
3.5719E-02
3.8210E-02
3.4824E-02
3.6002E-02
4.2799E-02
5.3853E-02
6.1250E-02
4.6389E-02
2.6734E-02
2.5478E-02
2.5755E-02
2.0139E-02
2.7409E-02
3.5381E-02
3.5549E-02
2.3474E-02
2.3195E-02
1.9539E-02
1.1663E-02
1.5788E-02
3.0113E-02
3.4135E-02
1.5189E-02
-1.0042E-03
4.7645E-03
1.0196E-02
-2.2301E-03
-5.1580E-03
3.9990E-03
1.6193E-02
3.4517E-02
6.7361E-02
1.0188E-01
9.8383E-02
6.0721E-02
2.1821E-02
-2.9763E-03
6.9082E-04
2.4715E-02
3.6282E-02
1.0152E-02
-2.3367E-02
-3.4574E-02
-1.3751E-02
2.3841E-02
4.9685E-02
4.5030E-02
7.3884E-03
-1.3579E-02
2.4288E-02
8.1782E-02
1.0670E-01
9.5249E-02
5.7872E-02
1.6118E-02
-1.8481E-02
-2.6329E-02
-1.6275E-02
-8.2994E-03
2.3038E-03
1.6312E-02
3.3366E-02
3.8371E-02
3.4849E-02
3.1837E-02
1.4667E-02
-7.9898E-03
-6.2427E-03
9.5433E-03
2.5261E-02
3.7339E-02
3.5573E-02
2.5887E-02
9.0582E-03
-1.3273E-02
-1.7702E-02
-2.2389E-04
2.7085E-02
4.1777E-02
2.9685E-02
-1.0747E-03
-2.2764E-02
-1.5138E-02
-2.4218E-03
-1.6190E-03
-1.4737E-02
-2.4417E-02
-1.4835E-02
1.1943E-02
3.1058E-02
2.2366E-02
7.4291E-03
4.4326E-03
1.2688E-02
2.0311E-02
3.1188E-03
-3.8878E-02
-6.0621E-02
-4.6409E-02
-2.7743E-02
-3.1211E-03
6.7362E-03
-1.0346E-02
-2.0839E-02
-2.8657E-02
-2.7908E-02
-1.7870E-02
-2.6257E-03
1.9649E-02
3.5135E-02
1.4642E-02
-2.3201E-02
-5.0574E-02
-5.8798E-02
-4.1093E-02
-7.9677E-03
9.9285E-03
-1.0572E-03
-2.9527E-02
-6.2257E-02
-6.8762E-02
-3.7381E-02
-6.5496E-03
-1.7346E-03
-1.7341E-02
-4.3570E-02
-4.8875E-02
-1.3455E-02
3.7945E-02
5.9702E-02
4.4373E-02
2.0801E-02
7.7958E-03
7.0370E-03
1.3314E-02
3.5269E-03
-1.4517E-02
-2.2315E-02
-1.1948E-02
-5.1501E-03
-2.0302E-02
-3.9643E-02
-3.6410E-02
-1.8817E-03
3.2104E-02
2.6429E-02
-6.8622E-03
-2.3846E-02
-7.6844E-03
1.8578E-02
2.0843E-02
-9.6413E-03
-4.1976E-02
-4.5204E-02
-2.3318E-02
6.9739E-04
2.5955E-03
-1.4241E-02
-3.8625E-02
-4.6635E-02
-3.7781E-02
-2.9900E-02
-1.2123E-02
1.7075E-02
3.4792E-02
9.0674E-03
-3.8714E-02
-5.6416E-02
-3.4204E-02
-8.2878E-03
-1.0944E-03
-1.8309E-02
-4.4859E-02
-4.0979E-02
-5.3609E-04
3.7586E-02
3.3245E-02
1.7176E-03
-7.1342E-03
1.2875E-02
2.9997E-02
1.6054E-02
-2.5008E-02
-4.7942E-02
-3.8733E-02
-1.1092E-02
2.0848E-02
3.2078E-02
3.5663E-02
4.2824E-02
3.0418E-02
4.0742E-03
-9.1071E-03
9.9330E-04
2.8244E-02
4.8300E-02
3.0820E-02
-1.5223E-02
-4.5981E-02
-2.6410E-02
1.5256E-02
3.9183E-02
3.0700E-02
3.8567E-03
5.0675E-03
2.9181E-02
3.1792E-02
1.5692E-02
5.1810E-03
1.5731E-02
4.3469E-02
6.0134E-02
4.1599E-02
-4.5651E-03
-4.5504E-02
-3.6451E-02
1.9169E-02
5.6870E-02
3.8298E-02
-5.6757E-03
-1.7081E-02
9.9899E-03
4.9295E-02
5.5754E-02
1.8949E-02
-1.1238E-02
-2.3855E-03
3.0117E-02
5.1811E-02
3.2707E-02
-1.1709E-02
-3.0509E-02
-1.8275E-02
-2.3246E-03
1.2765E-03
-2.0304E-02
-3.3043E-02
-4.4874E-03
2.6371E-02
4.4465E-02
3.7178E-02
8.4546E-03
-9.3534E-03
-5.3783E-03
-5.7541E-04
-4.6748E-03
-8.7497E-03
-1.9571E-02
-1.6462E-02
-1.4296E-03
3.4670E-04
-1.1317E-02
-1.7808E-02
-7.0399E-03
3.9518E-03
1.6024E-03
-4.3268E-03
-1.4422E-03
1.1639E-02
2.0511E-02
1.5062E-02
-9.0794E-03
-3.4886E-02
-3.4763E-02
-4.0189E-03
2.0069E-02
1.7275E-02
4.8223E-03
-1.1269E-02
-2.3752E-02
-3.8311E-02
-5.4812E-02
-4.7049E-02
-1.2348E-02
2.5768E-02
2.5008E-02
-1.5523E-02
-5.9106E-02
-6.3872E-02
-1.1343E-02
4.5337E-02
5.8823E-02
4.0598E-02
2.5381E-02
2.1910E-02
1.5479E-02
-3.8485E-03
-3.3748E-02
-5.7461E-02
-3.7180E-02
-6.9093E-03
-1.7251E-02
-4.5599E-02
-4.7999E-02
-7.4159E-03
5.6062E-02
9.1468E-02
7.5306E-02
2.8758E-02
4.2879E-04
-2.5210E-03
-5.4223E-03
-2.3202E-02
-5.1298E-02
-5.6416E-02
-1.2856E-02
3.0986E-02
2.7657E-02
-1.2621E-02
-5.9436E-02
-7.3157E-02
-6.4085E-02
-4.1783E-02
-9.7805E-03
1.3879E-02
1.4385E-02
1.4969E-03
-1.1605E-02
-1.7415E-02
-2.6822E-02
-3.3547E-02
-2.8350E-02
-2.4745E-02
-3.2931E-02
-4.4178E-02
-4.3737E-02
-4.0981E-02
-2.9229E-02
1.0273E-03
3.5568E-02
5.6145E-02
3.9054E-02
-6.2609E-04
-3.6751E-02
-4.7550E-02
-3.8355E-02
-2.7999E-02
-1.5478E-02
-6.5337E-03
-8.2101E-03
-6.7417E-03
3.0123E-03
7.1495E-03
-1.0515E-02
-3.5371E-02
-5.0409E-02
-5.2427E-02
-2.9607E-02
-4.1305E-03
1.6358E-02
2.5059E-02
9.3055E-03
-4.5235E-03
-6.5494E-03
2.0861E-03
2.2118E-02
4.1337E-02
3.9898E-02
1.5975E-02
-1.0844E-02
-2.6421E-02
-2.5750E-02
9.9291E-05
3.2071E-02
3.4954E-02
1.8786E-02
1.8175E-02
3.3840E-02
5.4331E-02
7.2193E-02
5.8218E-02
2.6467E-02
2.0737E-02
3.0675E-02
2.5638E-02
-6.8344E-03
-4.7260E-02
-7.9756E-02
-8.0353E-02
-3.6052E-02
7.8908E-05
-1.8543E-03
-3.6569E-02
-7.0439E-02
-5.9718E-02
-3.1499E-02
-1.6574E-02
3.8397E-05
7.5998E-03
6.8005E-03
9.5001E-03
1.0256E-02
1.2131E-02
9.1281E-03
-2.8030E-04
-1.7372E-03
-1.4219E-02
-2.1080E-02
-1.0580E-02
4.9066E-03
6.7066E-03
6.0583E-04
-3.3112E-03
-7.3905E-03
1.2398E-02
3.8135E-02
3.8073E-02
3.3606E-02
2.3967E-02
1.2442E-02
1.1420E-03
-8.4665E-03
2.6612E-03
1.1118E-02
1.2985E-02
2.6879E-03
-1.1878E-02
-2.2898E-02
-3.2046E-02
-1.9569E-02
5.2773E-03
1.3492E-02
2.7189E-02
5.5823E-02
5.1329E-02
4.5479E-03
-4.0005E-02
-6.3577E-02
-4.6478E-02
1.6079E-02
5.6860E-02
4.3652E-02
6.1804E-03
-2.9709E-02
-1.6127E-02
5.3654E-02
9.2003E-02
6.5025E-02
1.9824E-02
3.2619E-04
9.7449E-03
1.2810E-02
3.0393E-03
-4.4236E-03
1.2969E-02
3.5690E-02
4.0622E-02
2.7173E-02
1.8219E-03
-1.2587E-02
5.7951E-03
2.3879E-02
2.4015E-02
2.5855E-02
3.1598E-02
2.4168E-02
1.9439E-02
1.1013E-02
-8.7676E-03
-2.0541E-02
-2.2384E-02
-2.3991E-02
-2.9946E-02
-4.3303E-02
-2.5474E-02
2.7015E-02
5.2114E-02
2.6767E-02
-2.7585E-02
-5.6016E-02
-2.1590E-02
3.5420E-02
4.9476E-02
1.4633E-02
-3.3196E-02
-5.0775E-02
-3.3144E-02
7.7323E-03
5.0295E-02
5.6549E-02
3.1920E-02
7.4086E-03
-8.3273E-03
-1.3572E-02
-1.5078E-02
-1.0604E-02
-4.3171E-03
-1.2909E-02
-2.6985E-02
-3.1295E-02
-1.1022E-02
1.9940E-02
3.5487E-02
3.9323E-02
2.0286E-02
-6.4556E-03
-3.3546E-03
1.4105E-03
-8.1132E-03
-1.8732E-02
-2.5727E-02
-1.6843E-02
-1.2606E-02
-3.5556E-02
-6.8611E-02
-7.9408E-02
-5.2264E-02
8.9472E-03
5.2028E-02
4.0636E-02
-7.4523E-03
-3.9152E-02
-4.3764E-02
-2.6827E-02
-4.7082E-03
2.0987E-03
-1.6522E-02
-4.3753E-02
-3.5237E-02
7.8958E-03
4.0545E-02
3.5354E-02
1.2609E-02
-1.7286E-02
-3.4018E-02
-2.1564E-02
-5.7309E-03
9.5352E-03
5.4376E-03
-2.9215E-02
-5.0175E-02
-4.3270E-02
-1.5232E-02
1.5138E-02
3.1978E-02
2.6651E-02
-3.2630E-03
-2.9806E-02
-3.8876E-02
-3.6047E-02
-3.2036E-02
-2.7479E-02
-1.6539E-02
-1.2982E-02
-9.2499E-03
-5.9511E-03
-9.5993E-03
-4.5865E-03
1.6698E-03
1.8923E-03
6.5960E-03
8.0331E-04
-7.0916E-03
8.0816E-03
2.7756E-02
4.2781E-02
4.3778E-02
1.7101E-02
-6.6353E-03
-3.7635E-03
2.5139E-03
2.6982E-03
-3.2974E-03
1.0403E-03
2.5183E-02
3.5267E-02
1.5675E-02
-1.2928E-02
-1.6459E-02
-7.0044E-03
4.2992E-03
1.5583E-02
-7.3791E-03
-3.1463E-02
-1.5066E-02
2.3080E-02
3.9673E-02
1.1384E-02
-2.0798E-02
-1.0361E-02
3.7647E-02
6.1715E-02
2.1161E-02
-4.5641E-02
-7.9092E-02
-4.8879E-02
1.5789E-03
2.2331E-02
-2.9501E-03
-3.3133E-02
-1.9372E-02
2.0650E-03
-2.1426E-03
-1.7130E-02
-3.0827E-02
-1.9820E-02
1.9802E-02
4.0966E-02
1.1945E-02
-2.6641E-02
-4.0110E-02
-2.4136E-02
1.2263E-02
1.9967E-02
-1.2310E-02
-4.1646E-02
-3.8946E-02
-1.6489E-03
2.8137E-02
6.7649E-03
-3.5196E-02
-5.1628E-02
-2.6283E-02
8.8770E-03
-3.1546E-04
-3.6258E-02
-5.8107E-02
-5.4191E-02
-1.2975E-02
4.8667E-02
6.4915E-02
3.5306E-02
-1.6332E-02
-6.4716E-02
-6.1843E-02
-2.7746E-02
5.3167E-03
1.1140E-02
-1.1077E-02
-3.2139E-02
-3.8069E-02
-2.7846E-02
-3.1216E-03
2.9718E-02
4.4930E-02
2.9368E-02
1.1568E-02
-4.4000E-04
-1.8899E-02
-2.3786E-02
-2.5196E-02
-2.9051E-02
-2.7003E-02
-1.3978E-02
2.9571E-02
7.2168E-02
8.1906E-02
4.2868E-02
-2.3598E-03
-2.8652E-02
-2.1977E-02
9.3002E-03
3.1248E-02
2.3868E-02
5.6129E-03
7.3761E-03
2.4669E-02
3.5900E-02
1.7364E-02
-2.9176E-02
-6.6555E-02
-6.3364E-02
-3.7594E-02
-3.1572E-02
-4.8992E-02
-6.2245E-02
-5.2105E-02
-1.9209E-02
1.0398E-02
3.4722E-02
5.1788E-02
3.3300E-02
-1.1051E-02
-3.5719E-02
-3.4505E-02
-3.1784E-02
-2.7516E-02
-6.6177E-03
3.5392E-03
-5.6881E-03
-4.1300E-03
1.6727E-02
3.3303E-02
3.3774E-02
2.2600E-02
1.3911E-02
-3.2033E-03
-9.6062E-03
2.5654E-02
7.0081E-02
7.1046E-02
3.0615E-02
-1.5786E-02
-3.7916E-02
-2.6183E-02
-4.8962E-04
4.5027E-03
-7.5551E-03
-3.5655E-03
2.0793E-02
5.2024E-02
5.3324E-02
9.7585E-03
-3.0549E-02
-2.5636E-02
-1.5912E-03
2.4857E-02
4.0429E-02
3.9644E-02
2.5871E-02
1.0256E-03
-1.9617E-02
-1.3577E-02
3.0312E-02
6.6405E-02
5.6989E-02
1.2251E-02
-4.1615E-02
-6.2620E-02
-3.4950E-02
1.8989E-02
4.4946E-02
1.3839E-02
-2.5723E-02
-2.9937E-02
3.3722E-03
4.1482E-02
5.4805E-02
3.1427E-02
1.1275E-02
2.0485E-02
3.4840E-02
4.2547E-02
2.3375E-02
-7.1104E-03
-1.1521E-02
-1.1878E-03
8.8992E-03
2.2729E-02
3.2281E-02
2.7956E-02
4.2361E-03
-2.5727E-02
-2.8877E-02
-5.3856E-03
3.6184E-02
7.1453E-02
7.0038E-02
4.1120E-02
8.0313E-03
-8.6187E-03
-1.5956E-02
-2.4866E-02
-4.0059E-02
-4.6066E-02
-1.7384E-02
2.9888E-02
5.1373E-02
3.1431E-02
-6.4395E-03
-3.0380E-02
-3.2506E-02
-1.7486E-02
-1.7903E-02
-2.7715E-02
-1.8035E-02
9.7723E-03
2.5257E-02
2.3330E-02
1.9710E-02
1.9971E-02
2.3159E-02
9.6659E-03
-8.4574E-03
-1.1089E-02
-5.3582E-03
1.4391E-03
1.6639E-05
-7.0743E-03
-1.7432E-03
1.9616E-02
4.4530E-02
4.9295E-02
2.8731E-02
5.8149E-03
7.7277E-03
3.0104E-02
3.2386E-02
-3.1790E-03
-2.8136E-02
-2.3709E-02
5.2707E-03
1.8987E-02
-8.7640E-04
-2.5215E-02
-1.8285E-02
2.0008E-02
4.9775E-02
3.2474E-02
-1.2219E-02
-3.3988E-02
-2.4952E-02
-6.0234E-05
1.7880E-02
8.7067E-03
-3.3337E-03
1.2850E-02
2.5320E-02
2.0712E-03
-4.4211E-02
-6.0182E-02
-3.3637E-02
4.6682E-04
1.1490E-02
3.1960E-04
-2.0469E-02
-2.7393E-02
-1.1997E-03
1.1030E-02
-1.2801E-02
-2.4321E-02
6.1394E-03
4.1433E-02
4.8353E-02
2.4425E-02
-2.1929E-02
-4.9115E-02
-3.8380E-02
-1.1824E-02
1.8752E-02
2.5390E-02
1.2590E-02
1.3960E-02
2.1075E-02
1.2059E-02
-1.3938E-02
-2.1857E-02
5.2681E-04
1.7807E-02
1.9383E-02
1.2761E-02
4.6657E-04
-1.1288E-02
8.3889E-04
2.5845E-02
3.2722E-02
3.0417E-02
1.7901E-02
3.1289E-03
-4.1437E-03
2.9106E-03
1.2887E-02
1.5206E-02
9.7715E-03
-2.9178E-03
-1.7329E-02
-1.6597E-02
-3.7291E-03
-6.1964E-03
-1.6553E-02
-1.3770E-02
2.4558E-03
3.1776E-02
4.0231E-02
2.5249E-02
2.2096E-02
3.1838E-02
4.2785E-02
3.3043E-02
7.4321E-04
-2.0628E-02
-3.0517E-03
2.2686E-02
2.0619E-02
-6.0898E-03
-3.4801E-02
-4.2279E-02
-2.3539E-02
-7.3272E-03
1.7329E-03
-1.9236E-03
9.2308E-04
3.0126E-02
4.1888E-02
2.5480E-02
4.1188E-03
-5.1326E-03
2.5793E-03
1.1198E-02
5.9358E-03
-4.4744E-03
-2.0185E-03
2.0995E-02
3.7849E-02
2.3870E-02
-9.2659E-03
-1.8506E-02
-3.5168E-03
1.4183E-02
2.2468E-02
7.9026E-03
-1.0599E-02
-1.5865E-02
-6.1801E-03
4.6939E-03
1.0685E-02
1.8805E-02
3.3567E-02
4.3795E-02
2.5571E-02
-1.3869E-02
-3.9420E-02
-3.1001E-02
-6.2561E-03
2.4811E-02
4.9448E-02
4.9261E-02
3.4178E-02
1.2799E-02
-9.0050E-03
-1.6337E-02
-1.6449E-02
-2.2796E-02
-2.7996E-02
-2.7248E-02
-1.4971E-02
4.6248E-03
1.1186E-02
-2.8532E-03
-3.2847E-02
-4.9012E-02
-2.3006E-02
2.4367E-02
5.3439E-02
3.9497E-02
-1.0453E-03
-2.4306E-02
-1.3576E-02
5.7764E-03
-9.1771E-04
-2.1078E-02
-2.7129E-02
-2.6716E-02
-4.4382E-02
-7.5988E-02
-8.3335E-02
-4.5869E-02
2.3451E-02
7.1874E-02
8.1337E-02
4.4311E-02
-1.5316E-02
-3.9389E-02
-3.4548E-02
-1.3663E-02
-3.4305E-03
-4.6545E-03
1.2381E-02
2.5402E-02
8.8552E-03
-2.5428E-02
-5.4819E-02
-6.3792E-02
-2.7484E-02
3.0592E-02
3.8121E-02
6.3689E-03
-2.0428E-02
-2.6580E-02
-1.8859E-02
-1.7503E-02
-1.6185E-02
-2.4351E-02
-2.0147E-02
9.9223E-03
2.5929E-02
1.0736E-02
-2.9497E-02
-5.3215E-02
-4.1620E-02
-2.8055E-02
-1.3999E-02
-9.9136E-03
-2.1667E-02
-1.9802E-02
7.1648E-03
3.6221E-02
3.7155E-02
4.8234E-03
-1.3683E-02
-5.1351E-03
1.3103E-03
-3.4939E-03
-1.4368E-02
-2.0246E-02
-1.4729E-02
5.7798E-03
2.2730E-02
1.1472E-02
-1.7973E-02
-3.8738E-02
-2.3035E-02
2.9345E-02
7.3823E-02
7.8822E-02
4.9838E-02
6.5090E-03
-1.4513E-02
4.8832E-03
2.6429E-02
3.5926E-02
4.4553E-02
3.6702E-02
1.1799E-02
-7.3933E-03
-2.9220E-02
-5.1420E-02
-4.6246E-02
-2.7634E-02
-7.1881E-03
6.4980E-03
4.2738E-03
-1.3778E-02
-2.9156E-02
-2.7940E-02
-1.4154E-02
1.2239E-02
1.8878E-02
6.3370E-03
-7.0523E-03
-1.0237E-02
-5.9209E-03
-3.4145E-03
-4.1911E-03
1.7542E-02
4.2024E-02
4.5838E-02
3.5633E-02
2.3809E-04
-3.7247E-02
-4.2234E-02
-2.1777E-02
-1.4584E-04
9.5184E-03
9.1113E-03
1.7708E-02
3.6265E-02
5.1328E-02
3.9593E-02
-4.7609E-03
-4.0361E-02
-3.1183E-02
-2.5603E-03
1.2950E-02
-2.7944E-03
-3.8262E-02
-4.7727E-02
-3.2663E-02
-1.8171E-02
-1.8112E-02
-3.3242E-02
-2.8062E-02
3.2117E-03
3.9343E-02
4.1783E-02
1.2766E-02
-2.6228E-03
1.2300E-02
4.1342E-02
4.1643E-02
2.7353E-04
-4.6132E-02
-6.1210E-02
-4.1682E-02
-1.4457E-02
-1.2219E-02
-2.6151E-02
-2.8415E-02
-3.3509E-03
2.1336E-02
-1.2143E-03
-5.1062E-02
-7.6124E-02
-5.5316E-02
5.6042E-03
5.9555E-02
7.1148E-02
5.1694E-02
2.8963E-02
1.7578E-02
1.4594E-02
-2.4636E-03
-2.2359E-02
-1.5184E-02
1.6813E-02
3.2558E-02
1.4820E-02
-1.9050E-02
-4.8468E-02
-5.6812E-02
-3.9427E-02
-8.9882E-03
-4.3523E-03
-1.1389E-02
-1.4957E-02
-2.3333E-02
-3.1031E-02
-3.5976E-02
-1.5191E-02
3.0547E-02
5.9080E-02
4.8353E-02
8.4494E-03
-2.4110E-02
-2.5815E-02
-9.6567E-04
1.5339E-02
-1.2543E-03
-2.3130E-02
-1.4629E-02
2.1759E-02
4.7549E-02
3.1127E-02
-1.1944E-02
-4.2727E-02
-4.2165E-02
-3.1929E-02
-3.5197E-02
-4.4871E-02
-3.9092E-02
-1.0085E-02
1.8837E-02
2.3719E-02
-9.3334E-04
-3.8430E-02
-4.9719E-02
-2.3982E-02
1.1855E-02
2.6334E-02
1.6943E-02
4.7107E-03
-2.9726E-04
-3.9995E-03
-2.5284E-02
-4.3128E-02
-3.2287E-02
4.1422E-03
3.5576E-02
2.9595E-02
8.3816E-04
-5.0938E-03
1.8095E-02
3.2037E-02
2.3985E-02
-1.9258E-02
-7.1759E-02
-8.7007E-02
-5.0537E-02
1.3809E-02
5.0453E-02
4.5053E-02
2.7371E-02
1.0691E-02
6.2729E-03
1.3867E-02
2.0671E-02
1.5030E-02
7.3754E-03
1.4950E-02
2.9614E-02
3.1880E-02
9.0286E-03
-2.5743E-02
-4.9559E-02
-5.7324E-02
-4.2659E-02
-3.6715E-03
2.6461E-02
3.3952E-02
2.7941E-02
2.5096E-02
2.9945E-02
2.9696E-02
2.1827E-02
1.0711E-02
1.2163E-02
3.4943E-02
5.3676E-02
3.7143E-02
-5.8953E-03
-3.5114E-02
-4.4846E-02
-4.9075E-02
-3.3693E-02
1.4053E-03
3.8476E-02
5.3141E-02
3.6746E-02
1.2219E-02
-4.7095E-03
-1.6000E-02
-8.3398E-03
6.9368E-03
2.5523E-03
-8.4074E-03
-1.7179E-02
-1.4394E-02
-1.2237E-02
-1.3693E-02
-9.7956E-03
-2.1379E-03
1.3683E-02
1.4438E-02
-1.0798E-02
-3.5676E-02
-3.8811E-02
-1.3369E-02
1.1639E-02
7.6500E-03
-3.3092E-02
-7.1335E-02
-7.1719E-02
-3.1714E-02
1.7875E-02
4.3250E-02
3.7272E-02
7.3262E-03
-2.1801E-02
-3.2872E-02
-2.8138E-02
-5.2978E-03
2.4162E-02
3.6356E-02
1.7998E-02
-1.2723E-02
-1.4030E-02
1.3173E-02
4.7768E-02
5.4383E-02
1.2934E-02
-2.9132E-02
-3.2488E-02
-6.8709E-03
2.0332E-02
2.5364E-02
5.3584E-03
-1.8543E-02
-2.1524E-02
-1.1414E-02
2.6724E-04
1.9237E-02
3.7672E-02
4.3875E-02
2.8203E-02
-7.4426E-03
-3.2285E-02
-2.8098E-02
4.5277E-03
3.6619E-02
4.4704E-02
2.5527E-02
-1.1026E-02
-3.0262E-02
-1.8054E-02
-3.1666E-04
2.2190E-02
4.3540E-02
5.1051E-02
3.1455E-02
-6.9540E-03
-2.0367E-02
-1.1517E-02
-8.4982E-03
-1.7141E-02
-2.7882E-02
-2.0178E-02
6.2995E-03
3.1324E-02
2.0024E-02
-2.1990E-02
-4.9308E-02
-4.5300E-02
-1.5123E-02
-1.1016E-03
-1.6445E-02
-2.4682E-02
-1.3422E-02
6.1882E-03
8.7744E-03
-1.1308E-02
-2.1155E-02
3.6575E-04
3.0289E-02
3.9188E-02
2.7402E-02
1.4103E-02
2.2414E-02
4.3844E-02
4.1215E-02
1.5298E-02
1.2540E-02
5.1952E-02
7.6569E-02
2.9780E-02
-5.1192E-02
-6.6182E-02
5.8512E-02
2.5688E-01
3.4316E-01
1.8331E-01