7.0010E+03
1.0000E-02
0.0000E+00
4.3032E-07
1.6523E-06
-1.7214E-06
7.7731E-06
-8.1095E-07
2.5565E-06
3.4714E-06
4.0156E-07
2.2371E-06
1.9228E-06
-2.0644E-06
8.0494E-06
-4.5230E-06
5.2800E-06
6.7869E-07
-5.7656E-06
4.6566E-06
-2.5452E-07
-1.4826E-06
1.5772E-06
3.4657E-07
-8.8245E-07
4.3236E-06
3.3446E-07
3.3039E-07
1.9873E-08
3.6948E-06
-1.2153E-06
-9.0640E-07
7.3640E-06
-6.4413E-06
1.2220E-06
2.1354E-06
-1.2420E-06
-2.4718E-06
2.8508E-07
3.3465E-06
2.7690E-07
1.1903E-06
-9.5851E-07
1.4904E-06
-3.5280E-07
2.0948E-06
-6.7048E-07
-2.5124E-06
1.1640E-06
3.3027E-06
-3.7465E-06
5.4408E-06
2.2612E-07
-3.7615E-06
8.4971E-06
1.7423E-06
-6.2306E-06
-7.1360E-07
1.4278E-06
-1.3347E-06
8.0332E-07
-3.7980E-06
1.1056E-06
2.6320E-06
-6.5634E-06
7.8336E-06
-1.6707E-06
-1.6753E-06
-1.0658E-06
1.3831E-06
1.9864E-06
-5.9865E-06
7.8095E-06
-6.6046E-06
1.6711E-06
4.7233E-06
-6.9269E-06
2.2693E-06
-8.0250E-07
-3.2534E-06
5.9290E-06
-4.8006E-06
4.3943E-06
-2.9684E-06
-5.1766E-07
1.6174E-06
-5.4346E-06
4.6804E-06
-3.6007E-06
2.8301E-06
-2.6892E-06
-5.4826E-07
4.0447E-06
-8.5251E-06
5.5674E-06
-3.6313E-06
1.8843E-06
6.5260E-07
-2.7234E-06
-2.7599E-07
-1.1991E-06
3.3023E-07
-8.9969E-07
1.2433E-06
3.6845E-06
-5.5131E-06
-6.1100E-07
-1.8386E-06
6.4302E-06
-2.7684E-06
-1.4340E-08
-3.2506E-07
-4.6200E-06
3.9567E-06
-4.3185E-06
3.3395E-06
-5.5581E-06
1.1841E-06
1.7893E-06
-5.2559E-06
6.6920E-06
-6.4996E-06
-1.8992E-06
8.5144E-06
-1.3033E-06
-6.2093E-06
6.3583E-06
-3.7606E-06
5.1188E-06
-5.6122E-06
7.5703E-06
-5.3138E-06
-1.9429E-06
3.5656E-06
-4.0996E-06
4.1753E-06
-9.0122E-06
3.8597E-06
1.7125E-07
-6.8816E-06
-1.3649E-06
2.3095E-06
-4.1300E-06
2.9113E-06
-3.8349E-06
4.5541E-07
4.1285E-06
-2.3162E-06
-4.7660E-06
3.1987E-06
1.6589E-06
-9.6863E-06
5.6345E-06
-3.5630E-06
1.1009E-07
-2.6532E-06
2.5554E-06
9.5556E-08
-3.5825E-06
1.0095E-06
6.9861E-07
-2.9849E-06
-1.1496E-06
-1.7720E-06
-7.2909E-06
8.0341E-06
-1.1279E-05
8.6338E-06
-7.9203E-06
-2.0980E-06
3.7205E-06
-1.1300E-05
5.5488E-06
-5.1813E-06
-1.8133E-06
-3.9606E-06
5.2271E-06
-6.1120E-06
3.6908E-06
-1.0725E-05
8.8941E-06
-2.1475E-06
-3.1557E-07
-4.9169E-06
-9.3330E-07
3.3541E-06
-1.2473E-06
1.8082E-06
-5.5513E-06
3.0318E-06
-9.5513E-07
7.3179E-06
6.3989E-06
1.2831E-05
2.1106E-05
1.2212E-05
1.9251E-05
6.9949E-06
1.6184E-05
1.1888E-05
2.0775E-05
1.6180E-05
2.8732E-05
1.5549E-05
8.7953E-06
-1.0256E-06
-1.0836E-05
-4.0969E-06
8.0998E-07
3.2705E-05
4.3427E-05
3.2678E-05
1.1833E-05
-1.8847E-05
-3.5996E-05
4.7712E-05
5.7846E-05
8.7570E-05
7.9586E-05
3.8514E-05
1.0967E-04
1.5687E-04
1.5411E-04
1.6178E-04
1.8939E-04
2.2742E-04
2.6053E-04
2.6389E-04
3.1052E-04
3.2098E-04
4.3176E-04
5.9353E-04
5.0434E-04
5.2672E-04
4.9254E-04
1.6962E-04
5.3566E-05
-1.6402E-04
-2.0080E-04
-6.7442E-05
-1.2654E-04
-1.4986E-05
-3.2793E-05
-3.2584E-04
-8.1830E-04
-8.4222E-04
-4.1653E-04
-8.7713E-05
-2.7915E-04
4.7007E-04
1.3334E-03
5.7670E-04
1.9762E-04
7.8455E-04
6.2990E-04
4.4024E-04
-6.4500E-04
-5.9841E-06
2.7254E-03
-9.1269E-05
-1.9287E-03
3.7845E-04
5.3716E-05
-1.1405E-03
2.0010E-04
4.6396E-04
2.3840E-06
-1.2239E-03
-2.5409E-03
-1.6815E-03
-6.3637E-04
-1.1922E-03
-1.7392E-04
-1.1264E-03
-1.2875E-03
4.1100E-04
-5.5264E-04
-2.5421E-03
-2.1361E-03
3.6948E-04
2.1170E-03
5.4347E-04
-1.8587E-03
7.0566E-04
-2.2573E-03
-2.6658E-03
3.5248E-03
1.8527E-03
-4.7408E-03
-2.4364E-03
-3.1986E-04
-4.0136E-04
1.4870E-03
3.5949E-03
8.6603E-04
-2.6851E-03
-8.9757E-04
-2.2339E-03
-5.1416E-03
-2.8329E-03
8.4574E-04
-1.6911E-03
-1.3023E-03
3.0668E-03
-3.1846E-03
-4.7412E-03
5.6015E-03
7.3605E-03
-2.2503E-03
-3.5574E-03
3.4716E-03
-1.3408E-03
-4.5968E-03
2.5515E-03
3.5883E-03
3.5054E-04
-8.2899E-04
-7.5344E-04
-1.7361E-03
-1.4615E-03
-8.9610E-04
2.7985E-03
5.5908E-03
2.9052E-03
1.0372E-03
-2.9237E-03
9.2788E-04
3.6999E-03
-4.8068E-03
-2.5661E-03
5.8872E-03
-1.8755E-03
-1.0663E-02
-6.1097E-03
3.8328E-04
2.8134E-04
5.5993E-03
9.7858E-03
1.0102E-03
-2.1259E-03
-1.3155E-03
-9.1643E-04
-7.1628E-03
-6.0148E-03
1.7453E-03
4.3909E-03
1.3030E-02
1.1290E-02
-1.7677E-03
-8.1358E-03
-2.4003E-03
7.1882E-03
1.2279E-02
9.6469E-03
6.8609E-03
-3.7353E-03
-1.3805E-02
-1.3825E-02
-7.2948E-03
-9.4879E-04
1.7802E-03
1.3076E-03
-4.1209E-03
-6.1326E-03
-3.6391E-03
-5.7599E-03
-2.1253E-05
1.0480E-02
8.2967E-03
1.0930E-02
1.6388E-02
1.2187E-02
-2.4807E-03
-7.5394E-03
7.3710E-04
4.0606E-04
-1.2736E-02
-7.6562E-03
2.8288E-03
-3.5877E-03
1.8910E-05
3.0736E-03
-2.8911E-03
-1.0658E-03
4.6141E-03
4.5042E-03
3.7344E-03
1.8519E-03
2.7778E-03
4.3635E-03
6.5118E-03
7.8125E-03
1.5953E-03
-7.1063E-03
-5.9564E-03
-9.7281E-03
-9.9987E-03
-3.4968E-03
2.7004E-03
2.3426E-04
-1.0032E-02
-4.9085E-03
-6.5993E-03
-1.0492E-02
4.0183E-03
1.3875E-02
-5.2940E-03
-5.2968E-03
-7.6498E-03
-1.6529E-02
-1.1913E-02
-5.5299E-03
-5.8511E-03
-8.6196E-03
1.3275E-03
7.2403E-03
1.6497E-03
4.5003E-03
9.3371E-03
9.2447E-03
7.5024E-03
1.7456E-02
1.4690E-02
-5.5844E-03
-3.8796E-03
-1.4523E-03
-1.4817E-02
-7.9511E-03
-3.0620E-03
-5.9616E-03
-1.5322E-02
-1.4623E-02
-3.9057E-03
8.5621E-03
2.4322E-02
1.5499E-02
1.3488E-02
1.2489E-02
1.0092E-04
-3.4502E-04
-1.4383E-02
-3.4103E-02
-1.5374E-02
-4.0539E-02
-2.7156E-02
-1.4519E-03
-1.7991E-03
1.1573E-02
-2.0732E-04
1.7079E-02
-7.0112E-03
-8.8328E-03
3.1042E-02
-7.2119E-03
-2.3699E-02
-4.1728E-02
-6.5341E-02
-6.8719E-02
5.4932E-04
3.0555E-02
8.6223E-03
1.1119E-02
5.7128E-02
1.1360E-01
4.0884E-02
-3.1027E-02
-5.1669E-02
9.5516E-03
1.5490E-02
-5.9362E-02
-6.7478E-02
-4.5307E-02
2.2135E-03
-3.2480E-02
-9.5221E-03
1.6083E-02
-3.5085E-02
-2.4372E-02
5.7841E-02
8.0868E-02
6.9986E-02
1.0559E-01
2.5191E-02
-4.6150E-02
-8.8905E-02
-6.3685E-02
-3.4793E-04
5.7377E-02
1.5954E-02
-3.5924E-02
-2.2548E-02
3.0511E-02
-1.1038E-04
-3.8211E-02
-3.9077E-03
4.3895E-03
-5.7389E-02
-5.4815E-02
4.4093E-02
3.0923E-02
1.2486E-02
2.6146E-02
3.7445E-03
-1.2705E-02
-9.5079E-03
1.2351E-02
2.1551E-02
6.3946E-02
7.9117E-02
4.2505E-02
2.5906E-02
-1.1480E-02
3.8725E-02
-7.1620E-02
-1.8258E-01
-3.9408E-02
6.9229E-02
5.3878E-02
8.3755E-02
1.4148E-01
4.6671E-02
-7.5641E-02
-6.0254E-02
-1.8379E-02
1.6157E-02
5.7735E-02
6.4022E-02
-2.4250E-02
-1.1472E-01
-4.0261E-02
2.9892E-02
-1.8383E-02
-2.9584E-02
-9.1591E-03
7.3185E-03
6.0926E-02
2.9226E-02
-7.2694E-02
-8.3250E-02
2.9057E-02
4.7021E-02
1.1951E-02
3.0959E-02
6.8430E-03
-3.5178E-02
-3.0940E-02
-5.4933E-02
-5.0087E-02
4.4178E-02
1.8109E-02
5.3869E-03
2.9565E-02
7.3970E-02
-1.4709E-03
-3.4274E-02
-3.8321E-03
-4.3132E-02
-4.2740E-02
1.0369E-02
-1.8041E-02
-4.6744E-03
-8.4004E-03
-7.8269E-02
-8.1583E-02
-9.6154E-02
-6.8430E-02
-2.2967E-02
-5.4428E-02
-3.3408E-02
4.9098E-02
-3.6238E-02
-1.0719E-01
-5.5017E-02
-2.4057E-03
-5.6463E-02
-4.6473E-02
2.6182E-02
3.2982E-02
-2.5572E-02
2.6906E-03
-2.7343E-03
-1.8256E-02
-1.7776E-02
-3.2281E-02
-7.8478E-03
8.5922E-02
6.3120E-02
-7.2238E-03
-4.4783E-02
-4.5286E-02
-1.7911E-02
-4.2239E-02
-2.0819E-02
7.5834E-02
6.5791E-02
4.5571E-02
1.4062E-01
1.0458E-01
2.6161E-02
2.5415E-02
1.4852E-01
1.4370E-01
2.6542E-02
-3.6397E-02
-1.6484E-02
-5.8481E-02
-1.1614E-01
-5.3760E-02
8.2153E-02
5.5610E-02
-2.0659E-02
1.9646E-02
-2.2175E-02
-1.0343E-01
-9.3126E-02
-2.1810E-02
-6.7560E-02
-2.0199E-01
-1.9161E-01
-3.6932E-02
8.9726E-02
4.9066E-03
-1.3346E-01
-6.5363E-03
1.0160E-01
2.7130E-02
2.2268E-02
1.1303E-01
9.2784E-02
-7.5559E-02
-7.7176E-02
-7.4482E-02
-8.1329E-02
-1.8624E-02
1.1604E-02
-1.0888E-01
-2.1695E-01
-7.4061E-02
8.2047E-02
1.9885E-01
8.2519E-02
4.0710E-02
1.5246E-01
-5.5345E-03
-5.6002E-02
-3.2731E-02
-6.6177E-02
-4.0292E-02
-4.4717E-02
2.9172E-03
1.9118E-02
1.7781E-02
-8.7969E-03
-6.3765E-02
-7.7847E-03
1.3473E-01
-1.0032E-02
-1.0251E-01
6.3394E-02
2.6718E-02
-4.8242E-02
5.2420E-04
1.2493E-01
5.4159E-02
-2.3144E-01
-1.9095E-01
8.2336E-02
1.3806E-01
-5.2565E-02
-6.5786E-02
5.9293E-02
-2.3873E-02
2.1456E-02
1.2129E-01
2.1051E-02
2.0940E-01
2.2428E-01
1.9756E-01
1.9492E-01
2.0041E-01
1.7976E-01
3.0756E-02
2.9958E-02
1.0039E-01
2.0726E-01
2.4285E-01
3.8729E-01
2.5691E-01
1.4835E-01
2.1745E-01
7.5084E-02
1.1895E-01
2.5716E-01
3.1814E-01
2.3219E-01
2.6084E-01
3.7300E-01
3.7461E-02
1.7983E-01
1.0529E-01
1.3875E-01
3.2970E-01
2.3706E-01
3.8274E-01
4.3470E-01
4.1261E-01
4.1447E-01
4.0800E-01
5.2141E-01
2.1408E-01
2.1899E-01
5.0293E-01
3.7948E-01
1.7276E-01
4.2187E-01
6.3190E-01
5.0782E-01
5.0431E-01
2.5958E-01
1.5968E-02
-7.2738E-02
-1.8248E-01
-1.3869E-01
-4.0660E-02
-4.0561E-02
7.2097E-02
-4.1702E-02
-6.4196E-02
-1.1514E-01
-1.7009E-01
1.9765E-02
2.6565E-02
1.5416E-01
8.6431E-02
-1.6349E-01
-2.7386E-01
-3.9908E-01
-5.2615E-01
-3.8522E-01
-2.3405E-01
-1.6118E-01
-1.6337E-01
-1.5243E-01
-8.4699E-02
-2.3470E-01
-2.3280E-01
-1.2868E-01
-1.9012E-01
3.2419E-02
2.3582E-03
-1.7650E-01
-1.7824E-01
-1.3274E-01
6.0254E-02
9.9276E-02
-1.0196E-02
-1.0707E-01
7.5572E-02
1.5403E-01
1.0874E-02
-1.5598E-01
-5.6702E-02
1.0289E-01
1.1185E-01
2.3193E-01
2.1353E-01
2.4739E-01
4.8646E-02
-3.4322E-02
1.2331E-01
9.5431E-02
-6.1923E-02
-1.0391E-01
-1.4625E-01
-1.9829E-01
-1.2869E-01
-3.6813E-02
1.0312E-01
9.9000E-02
1.3688E-01
1.9603E-01
2.6236E-01
2.6452E-01
1.7181E-01
1.0405E-01
6.9285E-02
-8.1652E-02
-1.8917E-01
-2.1405E-01
-2.4128E-01
-2.3261E-01
-2.3124E-01
-3.1911E-01
-2.3515E-01
-6.9187E-02
-3.8966E-02
-4.8149E-02
9.4618E-03
-6.6659E-02
-1.0490E-01
-7.9694E-02
-1.4659E-01
-1.2728E-01
-5.0313E-02
-7.4798E-02
-1.8690E-01
-2.5704E-01
-2.3584E-01
-1.1506E-01
-1.6140E-01
-1.6820E-01
-1.1161E-01
-1.5280E-01
-2.0117E-01
-1.6670E-01
-5.0965E-02
-8.4512E-02
-1.0320E-01
-1.0168E-01
-8.5204E-02
-7.1861E-02
-1.4897E-01
-3.2500E-01
-3.7193E-01
-2.7135E-01
-1.5287E-01
-1.1467E-01
-1.1645E-01
-2.0715E-01
-1.9775E-01
-1.3231E-01
-1.1360E-01
-2.4987E-01
-1.7423E-01
-5.7323E-02
-9.1963E-02
-1.9397E-01
-1.3198E-01
-1.4017E-01
-1.4272E-01
-2.9786E-02
-4.0349E-02
-6.8126E-02
-1.1745E-01
5.2489E-02
-1.9359E-02
-6.7206E-02
-2.8582E-02
-4.5837E-02
-5.6612E-02
-7.1499E-02
-1.0910E-01
-9.4269E-02
-1.4469E-01
-9.8435E-02
-8.7337E-02
-1.3127E-01
-2.0028E-01
-5.3413E-02
9.2753E-03
3.1434E-02
9.8844E-02
1.0316E-01
-3.7615E-03
-5.4994E-02
-6.0059E-02
5.0662E-02
1.3560E-01
4.2688E-02
1.0838E-02
-2.5047E-02
-1.9269E-01
-1.9662E-01
-6.7785E-02
7.8550E-02
1.5032E-01
1.5187E-01
1.5903E-01
9.1618E-02
4.9092E-02
1.6690E-02
2.2806E-02
2.9002E-02
9.9396E-02
8.5747E-03
-3.6198E-02
-4.9500E-04
9.3133E-03
-5.1114E-02
-1.1473E-01
-2.1546E-01
-1.6446E-01
8.2764E-03
3.9081E-02
-2.4860E-02
-6.6230E-02
-4.2826E-02
-1.4555E-01
-2.8416E-01
-2.6491E-01
-2.4865E-01
-1.7121E-01
-1.5528E-01
-4.6160E-02
2.4340E-02
1.8723E-02
-2.8304E-02
-8.5611E-02
-7.8943E-02
-8.8389E-02
-7.5544E-02
-1.2447E-01
-1.4727E-01
-1.5086E-01
-2.3109E-01
-1.3988E-01
2.6995E-02
-1.5908E-03
-6.4516E-02
9.1879E-02
1.4347E-01
1.5799E-01
1.9362E-01
6.1333E-02
-4.0774E-02
-1.2815E-01
-1.7008E-01
-2.6730E-01
-1.7196E-01
-1.2410E-01
-7.4163E-02
1.5029E-02
7.8712E-02
-7.3306E-02
-6.8700E-02
7.3733E-02
7.2991E-02
7.8521E-02
8.8038E-02
-3.7792E-02
-2.6055E-02
4.7361E-02
-1.3039E-01
-1.9622E-01
-7.5650E-02
-3.5305E-02
-9.8144E-02
-5.0162E-02
-9.9432E-02
-1.1607E-01
-1.0646E-01
-1.1575E-01
-9.4165E-02
-7.0611E-02
-7.5447E-02
-9.8668E-02
-1.0116E-01
3.1475E-02
1.5526E-01
1.5872E-01
9.2500E-02
1.2616E-01
1.3435E-01
1.4408E-01
9.6041E-02
8.5716E-02
1.1761E-01
2.1985E-01
8.4103E-02
-2.9612E-02
-2.1140E-02
-1.8519E-01
-1.9934E-01
-1.2133E-01
2.7171E-02
4.0255E-02
-2.5625E-02
-2.2852E-04
-5.4215E-02
-5.6628E-02
3.2487E-02
9.9702E-02
3.0064E-02
-4.2083E-02
-5.7963E-02
-1.2508E-01
-1.2835E-01
-9.4304E-02
-4.8115E-02
2.9426E-02
1.4342E-01
1.5992E-01
1.7470E-01
1.7859E-01
9.3799E-02
5.8962E-02
1.3258E-01
1.3437E-01
1.0269E-01
8.3272E-02
5.7311E-02
2.8404E-02
5.1687E-03
3.0711E-02
-4.0350E-02
-2.1254E-01
-1.6306E-01
-4.4683E-02
5.5605E-02
1.8984E-01
3.0525E-01
2.0820E-01
8.3748E-02
2.1391E-01
2.8546E-01
2.7211E-01
2.3973E-01
1.9573E-01
7.7332E-02
3.7751E-02
3.6507E-02
3.3428E-03
9.1031E-03
-1.0563E-02
1.0330E-02
1.2076E-01
1.8230E-01
1.8861E-01
1.8455E-01
5.2316E-02
-3.5580E-03
3.8048E-02
9.4389E-02
3.0893E-02
-4.4861E-02
-3.7502E-02
-2.1221E-02
-7.7918E-02
-1.3057E-01
-7.1384E-02
-4.2810E-02
-8.5748E-02
-9.3627E-02
-1.7985E-02
-4.0858E-02
-1.2675E-01
-9.7968E-02
-1.2850E-02
1.7820E-02
2.4957E-02
8.2141E-02
1.2367E-01
1.2717E-01
1.8069E-01
2.4835E-01
2.9968E-01
2.4326E-01
1.3647E-01
1.3035E-01
1.5071E-01
9.7865E-02
9.3837E-02
1.1042E-01
1.1490E-01
8.3849E-02
-1.6084E-02
-1.1644E-01
-1.0215E-01
-7.5307E-02
-7.0269E-02
-2.2698E-02
-8.9266E-02
-7.0105E-02
3.0783E-02
8.2655E-02
6.3383E-02
1.2407E-01
1.7931E-01
9.3454E-02
3.1025E-02
-2.5230E-02
-3.8430E-03
1.0952E-01
7.2609E-02
-1.7301E-02
-2.8372E-02
-4.9135E-02
-3.4496E-02
-5.4116E-03
2.5363E-02
8.3747E-04
-1.5832E-02
1.0584E-02
-4.4233E-02
-4.1497E-02
-1.5066E-02
-4.1474E-02
-2.9081E-04
-9.7738E-03
1.9943E-02
6.5128E-02
5.1619E-02
4.7204E-02
1.1380E-01
1.6103E-01
6.3721E-02
-5.9401E-02
-1.8467E-02
9.4797E-02
1.3725E-01
1.6738E-01
2.3679E-02
-9.6626E-02
-4.9971E-02
-3.0939E-02
-8.0777E-02
-1.3335E-01
-1.7449E-01
-1.2026E-01
8.3202E-03
1.3549E-01
1.0632E-01
4.2111E-02
8.4211E-02
6.1804E-02
3.0800E-02
-3.3895E-02
-1.0095E-01
-8.6038E-02
-8.8993E-02
-1.2200E-01
-1.8467E-01
-1.9341E-01
-1.8085E-01
-1.8005E-01
-1.4679E-01
-9.9771E-02
-1.0334E-01
-7.1441E-02
-4.4480E-03
6.4092E-02
1.1591E-02
-1.0006E-02
1.0872E-01
1.3470E-01
9.9230E-02
3.8018E-02
1.1627E-03
2.0260E-02
4.9369E-02
5.2563E-02
1.2058E-01
9.3763E-02
-7.0173E-02
-8.7791E-02
-2.2738E-02
-8.0428E-02
-9.1937E-02
-6.5452E-02
-8.9992E-02
-8.8215E-02
-3.4844E-02
-2.2492E-02
-5.4568E-03
2.2821E-02
9.0212E-02
6.9716E-02
-2.0615E-02
-2.2559E-02
-5.9092E-02
-4.7935E-02
-1.1302E-02
-2.2253E-02
1.8365E-02
7.0224E-02
-3.3158E-02
-4.0134E-02
5.8285E-03
-1.7032E-02
-3.5452E-02
-4.7218E-02
-1.6088E-02
-1.5805E-02
-1.9230E-02
8.7059E-03
1.3226E-02
4.6763E-02
-2.2567E-02
-1.0203E-01
-2.4649E-02
6.9368E-02
4.8705E-02
-5.9197E-02
-1.1810E-01
-1.1485E-01
1.7823E-02
6.8119E-02
7.1851E-02
1.0828E-01
9.4912E-02
2.4995E-02
-6.9732E-03
4.8743E-02
5.0359E-02
-9.5032E-02
-1.2314E-01
-8.2214E-02
-1.1512E-01
-1.0813E-01
-1.4148E-01
-9.6807E-02
-8.1357E-03
5.7651E-03
-1.3613E-02
-4.3148E-02
-8.8886E-02
-8.7443E-02
-6.4393E-02
2.3991E-02
1.0404E-01
3.6045E-02
2.2217E-02
5.5620E-02
3.2627E-02
4.1436E-02
7.2381E-02
2.4694E-02
-4.9573E-02
-3.4218E-02
4.6254E-02
3.7870E-02
4.9585E-02
3.8326E-02
-3.3715E-03
-1.0498E-02
-2.6826E-02
-4.8410E-02
-6.1931E-02
-5.0012E-03
2.8672E-02
4.9836E-02
1.0891E-01
1.1459E-01
4.1196E-02
3.2845E-02
2.0571E-02
3.9934E-02
1.0848E-01
1.0937E-02
-1.0442E-01
-1.2698E-01
-9.8963E-02
-5.7747E-02
-9.9798E-03
1.8211E-02
4.3135E-02
9.7191E-02
1.0990E-01
9.9325E-02
8.8387E-02
7.8876E-02
1.1285E-01
1.3689E-01
6.1361E-02
-3.7933E-02
-7.2277E-02
-6.9645E-02
-4.6089E-02
-8.7056E-02
-1.4296E-01
-1.4199E-01
-8.1898E-02
3.0283E-02
1.3653E-01
7.7867E-02
-2.0657E-02
-4.5878E-02
-1.4574E-01
-1.7320E-01
-1.1273E-01
-3.8084E-02
-2.8506E-02
-5.8108E-02
-2.2963E-02
-1.1898E-02
-3.9108E-02
-3.6340E-02
-1.9562E-02
2.6589E-03
7.5063E-03
-4.9496E-02
-4.6510E-02
-4.9705E-02
-3.3515E-02
4.1008E-02
2.8907E-02
-1.6470E-02
-4.8084E-02
-7.7157E-02
-5.3639E-02
-4.3343E-02
-8.9754E-03
-3.5666E-02
-1.2607E-01
-9.9457E-02
-8.3858E-02
-1.1313E-01
-1.1337E-01
-7.2658E-02
-5.5632E-02
-6.4332E-02
1.9648E-02
1.2846E-01
6.2674E-02
2.0014E-02
9.8773E-02
1.8111E-01
2.3125E-01
1.5502E-01
2.5477E-02
5.3350E-02
7.2849E-02
1.7048E-02
-2.2574E-02
-2.7137E-02
-2.2135E-02
-1.5917E-02
5.6174E-03
-1.6375E-02
-6.0208E-02
-6.4138E-02
-3.4242E-02
-5.5822E-02
-7.2686E-02
-1.0275E-02
5.2629E-02
1.1705E-01
1.2966E-01
1.1590E-01
1.0636E-01
1.0100E-01
6.8836E-02
-5.8955E-02
-1.4821E-01
-1.6379E-01
-1.9113E-01
-1.8472E-01
-1.1496E-01
-3.5316E-02
4.7352E-03
-1.1180E-02
1.5812E-02
6.3974E-02
9.0334E-02
9.4943E-02
-8.6318E-03
-7.6727E-02
-3.0615E-02
-9.7591E-02
-1.8563E-01
-1.4132E-01
-7.3853E-02
2.4944E-02
1.0256E-01
7.2660E-02
3.2654E-02
-1.4612E-02
-7.0538E-02
-4.3921E-02
1.0393E-02
1.4709E-02
3.9686E-02
6.2122E-02
7.3940E-02
9.8619E-02
1.5305E-02
-4.4440E-02
-1.1903E-02
-2.3934E-03
3.4255E-03
-1.1750E-02
-7.5480E-02
-1.1869E-01
-1.1882E-01
-9.5630E-02
-1.8750E-02
2.4369E-02
1.1235E-02
2.9217E-02
-2.8437E-02
-1.9817E-02
2.9619E-02
5.0381E-02
3.5417E-02
-3.2453E-02
-4.8181E-02
-5.0094E-02
-2.8394E-02
1.8849E-02
7.5209E-02
9.0295E-02
5.3025E-02
3.8209E-02
7.8388E-02
1.1854E-01
1.3418E-01
1.3431E-01
1.3373E-01
1.1298E-01
1.3330E-01
1.7326E-01
1.4335E-01
5.9757E-02
7.4778E-02
1.2396E-01
6.7052E-02
-2.0627E-02
-7.2779E-02
-8.7524E-02
-4.9715E-02
-1.7836E-03
-2.5100E-02
-3.9607E-02
-5.2591E-03
3.9959E-02
4.5196E-02
7.5539E-03
-6.2786E-02
-6.7296E-02
1.0741E-02
7.0532E-02
3.6854E-02
-3.6234E-02
4.9169E-03
4.3672E-02
-3.6498E-02
-5.1158E-02
2.6167E-02
3.9092E-02
4.5987E-02
9.7128E-02
1.5414E-01
1.0466E-01
1.2963E-02
2.6987E-02
4.6225E-02
3.8366E-02
2.7340E-02
3.8290E-02
3.3631E-02
4.0737E-03
1.0800E-02
1.4055E-02
6.2392E-04
-1.4502E-02
9.1578E-03
3.4670E-02
-1.0159E-02
-6.7412E-02
-4.6946E-02
-1.5726E-02
1.2218E-02
5.9478E-02
6.5726E-02
7.4583E-03
1.4440E-03
2.2038E-02
2.6595E-02
6.3859E-02
4.1300E-02
1.5488E-02
2.2199E-02
1.4529E-02
-3.1100E-02
-9.9632E-02
-1.2394E-01
-1.3293E-01
-1.5903E-01
-1.5710E-01
-1.2182E-01
-8.1576E-02
-3.9732E-02
9.8357E-04
6.1655E-02
8.3486E-02
2.8514E-02
8.2032E-03
-1.7106E-03
-9.8531E-03
1.7771E-02
2.5082E-02
9.8108E-03
-1.0328E-02
2.7632E-02
5.7666E-02
8.2260E-02
7.9365E-02
7.8526E-02
7.1607E-02
3.7613E-02
2.9829E-02
1.2913E-02
1.1193E-02
1.7237E-02
-8.8370E-03
-2.9019E-03
4.7670E-02
4.4340E-02
1.2076E-02
3.4910E-02
6.9319E-02
1.9759E-02
-6.3912E-02
-1.0728E-01
-8.0951E-02
-1.5130E-02
1.7358E-03
-4.2322E-02
-5.3680E-02
6.4129E-03
7.0657E-02
8.3290E-02
3.1297E-02
-6.6627E-03
-2.7072E-02
-5.0551E-02
-5.3331E-02
-2.8404E-02
7.7664E-03
8.9709E-03
-2.0139E-02
-2.1834E-02
-4.2893E-04
1.8719E-02
3.7654E-03
-5.1376E-02
-1.7669E-02
9.5002E-03
1.3053E-02
4.8369E-02
5.6704E-02
7.2441E-02
7.7218E-02
1.5506E-02
2.2040E-03
3.9894E-02
-2.0848E-02
-9.6139E-02
-5.7408E-02
-1.6978E-02
-5.2970E-02
-9.0970E-02
-9.4566E-02
-4.9950E-02
-1.2500E-02
-6.8042E-03
2.0457E-02
2.5334E-02
4.0849E-02
3.3429E-02
-6.4851E-03
-2.1685E-02
-4.0651E-02
-6.4214E-02
-5.3964E-02
-5.2860E-02
-7.1100E-02
-5.2583E-02
-2.2462E-02
-8.5513E-03
-2.0400E-02
-2.3131E-02
1.1513E-02
3.8044E-02
5.3072E-02
7.3487E-02
3.7957E-02
3.8832E-03
7.3042E-03
-4.0506E-03
-5.5199E-03
3.4524E-02
6.1092E-02
1.0281E-02
-7.5069E-02
-9.3158E-02
-5.8243E-02
-5.3257E-02
-5.8601E-02
-3.7785E-02
-3.3903E-02
-6.3473E-02
-4.9747E-02
-2.0038E-02
1.1202E-02
3.1143E-02
3.3062E-02
1.0700E-02
-1.1048E-03
9.5764E-03
2.0604E-02
5.1305E-02
6.0110E-02
6.6632E-02
8.6481E-02
9.4856E-02
3.7648E-02
2.9685E-03
-9.6582E-03
-3.0228E-02
-4.6755E-02
-4.9966E-02
-1.9755E-03
2.7875E-02
-4.0369E-03
-2.0100E-02
-1.1946E-02
1.8833E-03
-1.4669E-02
-2.8967E-02
-1.3724E-02
-1.6980E-02
-3.2436E-02
-4.0677E-02
-2.5607E-02
-3.5100E-02
-4.3089E-02
-8.9169E-03
4.0462E-03
-7.3685E-03
-8.2144E-04
2.2797E-02
2.9377E-02
3.4439E-02
4.0523E-02
4.9595E-03
-7.1155E-03
-1.3042E-02
-3.4124E-02
-3.4809E-02
-3.6299E-02
-3.1135E-02
4.5680E-03
3.7386E-02
5.2644E-02
6.7095E-02
3.9780E-02
-3.6985E-04
-6.3105E-03
-8.3105E-04
-4.7345E-02
-1.0240E-01
-7.8728E-02
-1.5382E-02
4.5393E-02
5.4615E-02
2.2248E-02
1.6655E-02
2.4082E-02
2.1427E-03
4.2618E-03
3.1434E-03
-1.8564E-02
-2.3606E-02
-4.6283E-03
1.3509E-02
1.1145E-02
8.7145E-03
1.1863E-02
1.0828E-02
2.1341E-02
2.5901E-02
1.1054E-02
-2.8954E-02
-3.0075E-02
-8.0065E-03
6.4579E-03
1.0216E-02
-8.5610E-03
1.9260E-02
5.3895E-02
3.6978E-02
1.4894E-02
-2.0055E-02
-5.4367E-02
-4.2160E-02
-4.2528E-02
-3.4230E-02
-3.8897E-02
-4.8295E-02
-4.7632E-02
-4.3915E-02
-3.6552E-02
-5.9529E-02
-4.8223E-02
-1.5320E-02
-3.1964E-02
-6.0485E-02
-3.8403E-02
8.0728E-03
4.9531E-02
5.2041E-02
1.1673E-02
-2.9692E-02
-4.4724E-02
-2.0890E-02
5.6117E-06
1.4372E-02
5.2379E-02
9.0275E-02
9.5676E-02
1.0143E-01
9.1287E-02
8.0907E-02
3.5438E-02
-1.2601E-02
-2.9389E-02
-1.9894E-02
8.5363E-03
2.4125E-02
1.2495E-02
1.4133E-02
1.6779E-02
-5.7405E-03
-6.6653E-03
4.1132E-03
-2.1295E-03
-1.7895E-02
-3.4739E-02
-6.2798E-02
-4.4596E-02
8.0542E-04
2.1214E-02
-1.3764E-02
-6.0041E-02
-4.4771E-02
-6.8380E-03
1.9916E-02
4.8852E-02
6.8219E-02
7.3396E-02
5.7588E-02
2.7188E-02
2.7141E-02
5.9376E-02
6.9389E-02
2.3984E-02
-2.8344E-02
-2.7815E-02
-1.9389E-02
-4.3074E-03
3.2740E-02
5.0539E-02
3.5932E-02
1.2615E-02
-1.4446E-02
-9.5164E-03
2.5863E-02
3.0130E-02
4.6302E-02
5.9439E-02
3.9666E-02
4.4660E-02
3.3880E-02
3.5448E-03
-2.8651E-02
-4.8654E-02
-5.5703E-02
-4.3646E-02
-2.6754E-02
7.7777E-03
2.5611E-02
3.0688E-02
5.6327E-02
4.3327E-02
-3.1380E-03
-4.7108E-02
-8.1110E-02
-8.2050E-02
-4.0266E-02
-1.4998E-02
-5.1323E-03
-1.4897E-02
-2.8619E-02
-2.4622E-02
1.3702E-03
3.3754E-02
3.1934E-02
3.4740E-02
6.7930E-02
7.3376E-02
7.2133E-02
7.9267E-02
8.1347E-02
8.3201E-02
7.5838E-02
4.3078E-02
5.4978E-03
-2.0019E-02
-5.3822E-02
-5.9668E-02
-4.3922E-02
-4.3912E-02
-4.7203E-02
-8.3792E-02
-8.3283E-02
7.7651E-03
6.6618E-02
4.7643E-02
4.2439E-02
2.2226E-02
-1.0713E-02
-1.9627E-02
-7.3863E-03
1.1234E-02
-2.2690E-02
-5.0139E-02
-2.6697E-02
7.3007E-03
1.3307E-02
1.3080E-02
-2.9734E-03
-3.6945E-02
-3.8217E-02
-4.9526E-02
-5.9918E-02
-4.8706E-02
-5.1017E-02
-2.2576E-02
2.3480E-02
5.0800E-02
6.8320E-02
6.8894E-02
7.0438E-02
3.0542E-02
-4.2247E-03
-6.7787E-03
-1.1371E-02
-1.0460E-02
-1.1249E-03
1.0328E-02
3.9007E-02
4.5869E-02
3.6933E-02
2.8375E-02
2.6527E-02
4.9070E-02
3.4070E-02
1.2850E-02
2.7796E-02
3.7788E-02
1.4777E-02
-1.7948E-02
-4.3578E-02
-5.2102E-02
-6.8769E-02
-6.9034E-02
-4.1127E-02
-3.0949E-02
-1.8970E-02
-9.9079E-03
-5.5226E-03
9.9000E-03
2.5303E-02
4.7172E-02
3.6485E-02
2.1142E-02
4.2023E-02
3.3734E-02
1.6204E-02
1.4603E-02
-9.9417E-04
-1.9297E-02
-2.1672E-02
-2.7490E-02
-2.7770E-02
-2.9113E-02
-4.5287E-02
-4.5423E-02
-4.9911E-02
-6.2195E-02
-7.2936E-02
-7.4431E-02
-5.9386E-02
-3.1932E-02
1.9327E-02
4.8016E-02
2.3780E-02
4.1476E-02
5.0109E-02
1.3300E-02
-2.2970E-02
-1.0988E-02
-1.3317E-03
-4.1835E-02
-8.7538E-02
-8.0468E-02
-6.5152E-02
-3.4931E-02
-1.4571E-02
8.0912E-03
1.4356E-02
4.2692E-03
2.7124E-02
3.4401E-02
1.5157E-02
7.6245E-03
2.2605E-02
2.6219E-02
-2.1402E-03
-9.2679E-03
2.9256E-02
3.4338E-02
2.7987E-02
3.6157E-02
2.0486E-02
-5.1346E-03
-2.1870E-02
-1.8508E-02
-1.3487E-03
-4.6678E-03
-1.4179E-02
-5.0114E-03
1.9801E-02
3.3403E-02
3.5321E-02
2.5738E-02
1.5364E-02
4.2120E-02
4.8818E-02
-1.5133E-02
-4.2108E-02
-3.1855E-03
3.8841E-02
5.4633E-02
5.7922E-02
5.0166E-02
1.8763E-02
3.4461E-03
1.0568E-02
4.7185E-03
1.6045E-02
2.0398E-02
6.2404E-03
-2.0492E-02
-2.7332E-03
4.0213E-02
6.0041E-02
5.4842E-02
5.2993E-02
3.2543E-02
4.4159E-04
-2.9711E-02
-4.3174E-02
-8.0324E-03
8.4410E-03
-4.5504E-03
-1.6720E-03
-1.0968E-03
-2.1232E-02
-3.3800E-02
-1.5785E-02
1.5948E-02
1.6815E-02
1.1512E-02
1.4681E-02
1.6123E-02
2.2886E-02
3.7769E-02
6.1915E-02
5.5558E-02
1.1119E-02
-1.9953E-02
-2.3860E-02
-2.8166E-02
-1.6927E-02
6.8350E-03
3.5332E-02
3.8864E-02
3.1456E-02
2.3479E-02
5.0970E-03
-5.3352E-03
-9.1409E-03
-2.6111E-02
-3.8207E-02
-1.3855E-02
1.3709E-02
2.9747E-02
1.4524E-02
-1.9445E-03
-1.8284E-02
-1.6233E-02
-2.6424E-03
1.4076E-04
1.8052E-02
4.1119E-02
2.1201E-02
-1.3043E-03
-1.7296E-02
-1.1939E-03
1.7040E-02
-2.9006E-03
-1.5110E-02
-4.2607E-04
4.0229E-02
3.9116E-02
4.5986E-03
5.8163E-03
1.6158E-02
4.7424E-03
9.4092E-03
1.8176E-02
3.1157E-02
2.2375E-02
2.9931E-03
1.1617E-02
-1.4762E-02
-2.2934E-02
6.3527E-03
2.5057E-02
1.1340E-02
9.0607E-03
3.2310E-02
1.8226E-02
-1.4021E-02
-3.5444E-02
-3.5747E-02
-2.7266E-02
-1.9106E-02
-2.6081E-02
-3.6389E-02
-2.0855E-02
-9.4933E-03
-3.0534E-02
-2.8444E-02
-3.1987E-02
-4.0462E-02
-2.1403E-02
-2.3638E-02
-3.0225E-02
6.4584E-03
4.2869E-02
3.0495E-02
3.6516E-02
3.5410E-02
3.7830E-02
6.3737E-02
5.6977E-02
1.7982E-02
-6.8368E-03
-2.1826E-02
-3.2922E-02
-6.2172E-03
1.9157E-02
2.5257E-02
2.6749E-02
2.9779E-02
1.0978E-02
1.2542E-02
2.3505E-02
2.6067E-02
2.0313E-02
-2.7410E-02
-5.0981E-02
-4.0646E-02
-4.1147E-02
-2.5275E-02
-7.3655E-03
7.8131E-03
3.6758E-02
4.6134E-02
5.4199E-02
4.7064E-02
1.7517E-02
3.6272E-02
5.4442E-02
4.7256E-02
2.9839E-02
9.8975E-03
-5.3171E-04
-3.2452E-02
-5.3600E-02
-6.4947E-02
-6.2248E-02
-4.8349E-02
-4.9768E-02
-4.3110E-02
-1.7702E-02
5.8844E-03
2.4045E-02
2.3137E-02
1.1530E-02
1.9726E-02
4.1288E-02
4.4550E-02
3.7663E-02
2.0352E-03
-1.7235E-02
-1.3421E-02
-1.0959E-02
5.7907E-03
2.3134E-02
3.4680E-03
-5.2368E-03
2.4889E-02
1.8206E-02
4.7561E-03
1.9958E-02
2.5354E-02
1.3667E-02
-1.4467E-02
-4.0364E-02
-5.2145E-02
-5.4928E-02
-2.0172E-02
1.5317E-02
-1.3325E-02
-1.2595E-02
-2.4404E-04
-3.9874E-02
-4.1331E-02
-4.2360E-02
-4.3254E-02
-6.5511E-02
-7.8916E-02
-5.4037E-02
-2.3269E-02
-3.4791E-03
-4.5507E-03
-2.2996E-02
-5.6058E-03
9.5496E-03
-3.7865E-03
-1.4896E-02
-1.4678E-02
-1.1405E-02
4.5728E-03
1.4669E-02
-9.2401E-04
-6.8877E-03
-2.4749E-02
-6.2719E-03
2.7763E-02
1.7701E-02
-4.4371E-04
1.1134E-02
-5.0677E-03
-3.4139E-02
-4.4421E-02
-3.3620E-02
-2.0576E-02
-2.0252E-02
-3.5237E-02
-2.7416E-02
-6.6573E-03
9.9365E-04
7.1955E-03
-1.4730E-03
-2.4440E-02
-2.7322E-02
-4.6708E-02
-8.2401E-02
-6.5992E-02
-4.1499E-02
-2.3745E-02
-2.3901E-02
-4.0880E-02
-3.5873E-02
-5.2753E-03
-1.9785E-02
-5.0277E-02
-5.4561E-02
-3.0040E-02
-7.0984E-03
-2.2672E-02
-4.2924E-02
-2.3854E-02
-2.7801E-02
-2.9412E-02
-2.4650E-02
-2.5808E-02
-1.0187E-02
-1.2834E-02
-3.2925E-02
-2.8785E-02
-5.4261E-02
-6.4826E-02
-3.2654E-02
-4.5386E-02
-5.4126E-02
-3.1712E-02
-2.9349E-02
-2.9936E-02
-2.9425E-02
-5.0296E-03
3.8262E-03
1.5804E-03
-3.0391E-02
-1.5225E-02
1.5219E-02
1.7667E-03
1.8796E-02
6.0973E-03
4.0798E-03
-1.0002E-02
-2.8804E-02
-4.2375E-02
-3.3824E-02
-3.1521E-02
-4.5870E-02
-4.9722E-02
-2.4911E-02
-3.5313E-02
-3.7203E-02
-1.4793E-02
-7.8628E-03
-9.3790E-03
1.2259E-02
2.9326E-02
2.3949E-02
2.9738E-02
4.5820E-02
2.9971E-02
3.8516E-03
1.2303E-02
8.2829E-03
-1.1349E-02
-1.1529E-02
-2.4147E-02
-5.0958E-02
-6.7198E-02
-3.9801E-02
-1.3996E-02
-1.9987E-02
-4.3800E-03
1.2244E-02
-1.3302E-03
-5.8119E-03
-4.4144E-03
-1.2054E-02
-1.7781E-02
-3.5506E-02
-3.6210E-02
-3.0559E-02
-3.1539E-02
-4.5649E-02
-5.0792E-02
-4.9817E-02
-2.8329E-02
1.1371E-02
2.8798E-02
1.3647E-02
9.9227E-03
2.1306E-02
1.0834E-02
7.3619E-03
8.6409E-03
1.6851E-02
4.4887E-04
-4.9133E-02
-4.4746E-02
-1.4005E-02
-3.8471E-02
-2.5182E-02
-3.1877E-02
-2.3141E-02
-2.9558E-02
-1.2759E-02
1.2920E-02
-2.9108E-04
1.6006E-02
3.7842E-03
2.1510E-03
1.7438E-02
-1.1096E-02
-2.5603E-02
-2.6130E-02
-5.3823E-02
-3.0149E-03
-2.1074E-02
-3.4171E-02
-1.0789E-02
3.4211E-03
5.8595E-03
1.0762E-02
2.5758E-02
3.8839E-02
3.1083E-02
2.2794E-02
1.3983E-02
8.9570E-03
-1.5795E-03
-2.4861E-02
-4.9247E-02
-5.5815E-02
-5.6844E-02
-6.4072E-02
-4.8841E-02
-5.7283E-02
-4.8299E-02
-2.0700E-03
4.3705E-02
4.7001E-02
5.9999E-02
7.5247E-02
7.6752E-02
7.5419E-02
3.8707E-02
-7.6111E-03
-1.0635E-02
-1.4846E-02
-1.8128E-02
2.5557E-02
5.2976E-02
4.8644E-02
2.4474E-02
1.5502E-02
6.0505E-02
8.4716E-02
5.8265E-02
2.7115E-02
1.7012E-02
2.4291E-02
1.1063E-02
6.3771E-03
-2.5846E-03
7.7774E-03
3.7696E-03
-1.1061E-02
-9.4410E-03
-9.1747E-04
5.8175E-02
5.6478E-02
3.9715E-02
7.4481E-02
7.0153E-02
6.5546E-02
8.0187E-02
4.5933E-02
1.8185E-02
7.7217E-03
-3.4761E-02
-4.1654E-02
4.9127E-03
2.3696E-02
2.2149E-02
4.1960E-02
1.4802E-02
2.0764E-02
4.8593E-02
1.1901E-02
3.5640E-02
4.0379E-02
-2.2723E-03
-1.2655E-02
-2.3261E-02
-2.3595E-02
7.5554E-03
1.6655E-02
2.9987E-02
1.5534E-02
-2.5392E-02
-4.2132E-02
-1.7994E-02
-1.2623E-03
-2.3306E-02
-1.6524E-02
1.0858E-02
-7.5349E-03
-7.4410E-03
3.8692E-02
3.1484E-02
-1.3033E-03
-9.9237E-03
-3.4888E-02
-3.6038E-02
-6.8220E-03
1.9885E-02
4.5598E-02
2.5411E-02
5.0830E-02
1.3483E-01
1.3836E-01
1.0220E-01
9.3241E-02
5.7917E-02
4.3537E-02
1.7997E-02
-2.2021E-02
-2.3866E-02
-1.2795E-02
-3.1411E-02
-2.4715E-02
7.0851E-03
3.4797E-02
4.8847E-02
5.9454E-02
8.3488E-02
7.4215E-02
3.8668E-02
2.3709E-02
2.7213E-02
2.6882E-02
2.3956E-02
2.9859E-02
8.6153E-02
1.3272E-01
9.7480E-02
7.5416E-02
6.3420E-02
1.0201E-01
7.9173E-02
1.1421E-01
9.2210E-02
-1.6115E-02
5.2722E-02
7.0102E-02
3.5797E-02
5.3788E-02
5.1300E-02
3.4273E-02
1.9843E-02
1.5610E-02
3.6934E-02
3.0027E-02
4.7815E-02
4.7246E-02
6.4824E-02
1.3444E-01
1.4508E-01
1.0176E-01
8.6220E-02
1.0406E-01
9.9857E-02
9.9644E-02
1.1132E-01
4.5779E-02
2.2474E-02
-3.3500E-02
-1.0433E-01
-8.9906E-02
-7.2480E-02
-8.2808E-02
-1.0810E-01
-1.0451E-01
-7.0645E-02
-5.4579E-02
-3.1387E-02
2.3170E-03
3.8915E-02
8.4452E-02
6.2364E-02
1.0221E-02
8.7008E-04
-1.4870E-02
-3.5530E-02
-5.7465E-02
-7.5553E-02
-1.1746E-01
-1.0522E-01
-7.3484E-02
-5.0590E-02
-8.8102E-03
-1.8995E-02
-1.8839E-03
5.1145E-02
4.6518E-02
3.4271E-02
1.1202E-02
-3.9534E-03
1.5792E-02
-3.7965E-03
2.0923E-02
3.9842E-02
6.3821E-03
-3.3248E-02
-1.2958E-02
3.4902E-02
-1.1048E-02
-5.2783E-02
-3.6938E-02
-9.5503E-02
-1.3574E-01
-1.0388E-01
-7.2385E-02
-4.3460E-02
-8.0286E-02
-1.0874E-01
-5.9759E-02
-1.8538E-02
-1.9816E-02
-3.5449E-03
4.2499E-03
-7.0487E-03
6.3573E-03
2.1072E-02
2.8264E-02
-4.0895E-03
1.4366E-02
8.3824E-02
8.0408E-02
5.3016E-02
2.8476E-02
3.2417E-02
8.7653E-02
1.0664E-01
9.3088E-02
8.8084E-02
1.0775E-01
1.3181E-01
9.4671E-02
6.7698E-02
7.5667E-02
4.9327E-02
3.3366E-02
2.0039E-02
4.6595E-03
3.3564E-02
9.0903E-02
1.1202E-01
1.2014E-01
9.7732E-02
4.4087E-02
8.0157E-02
1.2700E-01
1.0325E-01
5.6986E-02
-2.7551E-03
-6.4096E-02
-1.2153E-01
-1.4025E-01
-1.2588E-01
-1.2349E-01
-9.2117E-02
-2.8690E-02
-4.3095E-02
-1.2384E-01
-1.2919E-01
-4.3253E-02
-1.8970E-02
-8.5657E-03
-1.3643E-02
-4.2788E-03
1.1809E-02
-1.8831E-02
-1.9653E-02
-6.7658E-03
-5.3280E-02
-4.4275E-02
-2.8709E-02
-5.5715E-02
-1.0097E-01
-1.2194E-01
-6.5602E-02
1.7742E-02
4.3616E-02
7.7904E-02
8.6975E-02
3.4044E-02
-6.0213E-02
-7.7411E-02
-2.1793E-02
-2.6354E-02
-1.8402E-02
5.3843E-02
4.3358E-02
-1.3375E-02
-3.3194E-02
-1.0186E-02
3.1685E-02
6.9928E-02
2.3396E-02
1.6345E-02
2.3359E-02
3.3546E-02
2.6787E-02
3.7403E-02
5.3464E-02
7.1836E-02
7.5913E-02
-7.9537E-03
-5.0888E-02
-2.8761E-02
-1.8571E-02
-3.0301E-02
2.2493E-02
1.6297E-02
2.1170E-02
1.6258E-02
5.5051E-02
3.4907E-04
-7.7856E-02
-5.5005E-02
2.4380E-02
5.4217E-04
2.4177E-02
6.7947E-02
6.6482E-02
1.8464E-02
3.5174E-02
1.9114E-02
2.6249E-02
5.0291E-02
5.6293E-02
7.0129E-02
4.5442E-02
4.5969E-02
-1.6132E-03
-4.4154E-02
-4.0949E-02
-4.2624E-02
-5.8809E-02
-1.2030E-01
-1.6869E-01
-1.8297E-01
-1.3528E-01
-5.9432E-02
-4.9579E-02
-5.2669E-02
-1.9514E-02
5.5559E-02
1.1965E-01
1.0759E-01
1.2306E-01
1.4267E-01
1.2222E-01
3.0961E-02
-6.5310E-02
-1.6163E-01
-1.9480E-01
-1.7318E-01
-1.8722E-01
-1.7814E-01
-1.0513E-01
-9.8208E-02
-7.2815E-02
1.5431E-02
5.2988E-02
1.1529E-01
1.2114E-01
1.4666E-01
1.6785E-01
1.7034E-01
1.3941E-01
1.1362E-01
8.8888E-02
3.2120E-02
-7.2893E-02
-1.3564E-01
-1.4419E-01
-9.4181E-02
-8.7206E-02
-1.1674E-01
-1.0651E-01
-7.5929E-02
-9.0440E-02
-1.2907E-01
-5.7304E-02
3.4348E-02
3.8545E-03
-6.1812E-03
2.9777E-02
1.6890E-02
1.4705E-02
3.4479E-02
7.5602E-02
1.3305E-01
1.1683E-01
3.0752E-02
-9.0060E-03
-3.8483E-02
-7.8062E-02
-8.8863E-02
-5.3844E-02
-5.3343E-02
-3.4730E-02
6.4383E-03
-1.1955E-03
3.1169E-02
5.1112E-02
2.4058E-02
1.8782E-02
4.2723E-02
7.9696E-02
8.0894E-02
7.9019E-02
1.0848E-01
1.2259E-01
9.3230E-02
7.1590E-02
4.5226E-02
1.1179E-02
-8.6909E-03
2.9959E-02
5.9058E-02
2.4106E-02
-2.1220E-02
-3.5527E-02
-2.8051E-02
-9.3615E-05
3.4691E-02
5.0071E-02
6.3635E-02
4.1872E-02
1.6232E-02
-2.0114E-02
-8.4374E-02
-7.1514E-02
-1.2977E-03
-6.8182E-03
-2.6688E-02
2.1547E-02
3.8920E-02
-1.4963E-02
-1.3111E-02
-2.8533E-02
-3.8014E-02
-4.7337E-02
-7.1920E-02
-5.8595E-02
-3.4318E-02
-2.4606E-02
-1.5863E-02
-4.6916E-05
5.5776E-03
2.0507E-02
3.5398E-02
-4.0582E-03
-4.0083E-02
1.0152E-02
4.9088E-02
2.5525E-02
9.0395E-03
1.6821E-02
2.2653E-02
3.0970E-02
3.6619E-02
8.0112E-02
1.5732E-01
1.4810E-01
7.0124E-02
2.0750E-02
-6.5879E-03
-6.6045E-03
-4.5388E-02
-8.9187E-02
-1.0003E-01
-1.0367E-01
-8.6156E-02
-5.0530E-02
5.1109E-03
7.5578E-02
8.0410E-02
9.0220E-02
1.0339E-01
8.7136E-02
6.9497E-02
3.0283E-02
-1.8618E-02
-3.1490E-02
-4.4618E-02
-5.1784E-02
-6.6485E-03
3.7439E-02
7.7303E-02
9.3423E-02
2.5219E-02
-2.2295E-03
3.4103E-02
4.3048E-02
4.1535E-02
5.5842E-02
1.7820E-02
-3.7424E-02
-1.5824E-02
1.3381E-02
-2.4198E-02
-1.4411E-02
2.5095E-02
5.2466E-03
-1.4505E-02
-3.1606E-02
5.5593E-03
4.0909E-02
-3.1280E-03
-3.5025E-02
-4.1524E-02
-2.2161E-02
3.1603E-02
4.6087E-02
-4.1257E-03
-3.3186E-02
-4.3801E-02
-2.3054E-02
-1.1843E-03
-2.7882E-02
-2.5035E-02
-4.2538E-02
-6.0827E-02
-5.8904E-02
-4.5121E-02
-1.8288E-02
-3.7920E-02
-7.0125E-02
-7.0946E-02
-1.1108E-01
-1.3844E-01
-1.2549E-01
-1.4354E-01
-1.3323E-01
-8.8477E-02
-1.0763E-01
-1.2024E-01
-9.5320E-02
-8.9734E-02
-6.4391E-02
-6.6428E-03
4.1498E-02
3.1651E-02
3.5463E-03
1.3800E-02
5.1895E-03
3.9583E-03
1.7186E-02
1.6444E-02
2.2892E-02
-2.0054E-02
-2.0527E-02
2.2950E-02
1.5937E-02
1.3795E-02
2.6593E-02
3.8483E-02
4.2008E-02
5.1750E-02
7.3562E-02
1.0693E-01
9.7190E-02
5.3681E-02
2.6668E-02
-2.7834E-03
1.9771E-03
7.5581E-03
-1.9111E-02
-2.9304E-02
-4.8641E-02
-5.2576E-02
-2.9284E-02
-4.9464E-02
-1.0816E-01
-1.1197E-01
-1.1472E-01
-1.1843E-01
-1.0813E-01
-1.0311E-01
-7.8124E-02
-4.5400E-02
-4.5838E-02
-2.1469E-02
-2.3694E-02
-2.4571E-02
2.1464E-02
2.1211E-02
-6.7221E-04
-3.9474E-02
-6.5940E-02
-6.1354E-02
-7.0716E-02
-8.3402E-02
-1.0504E-01
-7.4262E-02
-5.1858E-02
-1.0712E-01
-1.1056E-01
-7.4582E-02
-5.7267E-02
-3.8607E-02
-2.7039E-02
-7.8425E-03
5.4938E-02
6.7740E-02
1.9443E-02
2.9657E-02
4.0266E-02
1.0673E-02
-2.8590E-02
-5.3641E-02
-7.5458E-03
1.0220E-02
-3.4807E-02
-3.3140E-02
-2.0274E-03
-2.7040E-02
-1.4435E-02
3.9860E-02
6.8746E-02
7.3423E-02
9.2307E-02
1.4636E-01
1.6925E-01
1.4677E-01
1.3933E-01
1.3436E-01
9.9420E-02
6.6924E-02
7.6252E-02
1.0482E-01
1.2047E-01
1.1244E-01
9.9761E-02
7.7561E-02
2.6960E-02
-2.2125E-03
8.9370E-03
1.7112E-02
2.7658E-02
6.2869E-02
8.7488E-02
1.0837E-01
8.2516E-02
6.8276E-02
7.2539E-02
6.2306E-02
7.6462E-02
7.6079E-02
3.7541E-02
-8.2898E-03
-1.1373E-02
1.3235E-03
1.4602E-03
8.0649E-03
1.3709E-02
3.9712E-03
3.3847E-02
4.2757E-02
-2.2330E-02
-4.3250E-02
-5.1921E-02
-4.8701E-02
-6.3531E-02
-7.3218E-02
-5.8862E-02
-3.1341E-02
4.4171E-03
7.1511E-03
1.6572E-02
4.1215E-02
8.6665E-03
4.6841E-03
1.8176E-02
-5.9678E-03
-6.5770E-03
-1.1078E-02
-1.2197E-02
-1.3513E-02
-4.2885E-03
2.3756E-02
6.1675E-02
7.4961E-02
1.4632E-02
4.4185E-03
4.3988E-02
3.5342E-02
2.9989E-02
3.9103E-02
6.6152E-02
6.6623E-02
3.9807E-02
6.9467E-02
6.1652E-02
5.2183E-02
4.6220E-02
4.4766E-03
-1.8786E-02
-2.5736E-02
-3.2296E-02
-2.2246E-02
-1.2447E-02
-2.9292E-02
-1.9745E-02
-2.0664E-02
-1.2781E-02
3.9073E-03
-1.8094E-02
1.2237E-02
-6.2828E-03
-6.8510E-02
-6.2056E-02
-8.4346E-02
-7.9520E-02
-7.6985E-02
-5.8383E-02
-1.7286E-02
1.4951E-02
4.2889E-02
6.7357E-02
4.2285E-02
2.7522E-02
5.7670E-02
7.8048E-02
4.7879E-02
3.3024E-02
4.7055E-02
7.9163E-02
9.3188E-02
7.7677E-02
5.7720E-02
3.5025E-02
4.1778E-02
3.4745E-02
3.4031E-02
6.8173E-02
8.9643E-02
9.4942E-02
7.7644E-02
3.9833E-02
-1.5928E-02
-7.7633E-02
-1.0262E-01
-9.6491E-02
-7.2069E-02
-7.6162E-02
-7.2880E-02
-4.4323E-02
-4.9077E-02
-9.3593E-02
-1.4281E-01
-1.4672E-01
-1.3925E-01
-1.6292E-01
-1.6833E-01
-1.3985E-01
-8.6367E-02
-5.1610E-02
-2.4214E-02
-1.5914E-02
-3.6698E-02
-5.4226E-02
-6.8594E-02
-1.1369E-01
-1.7229E-01
-2.1600E-01
-2.1817E-01
-1.8306E-01
-1.5508E-01
-1.2787E-01
-1.0018E-01
-3.1631E-02
2.0320E-02
2.4954E-02
5.0472E-02
4.1509E-02
-2.0451E-02
-5.2807E-02
-7.4139E-02
-1.0891E-01
-1.1961E-01
-1.2201E-01
-1.2019E-01
-9.1196E-02
-3.7054E-02
-7.2609E-04
1.7495E-02
1.1139E-02
-1.4874E-02
-2.4870E-02
-2.6532E-02
-4.5871E-02
-8.8717E-02
-1.2513E-01
-1.3998E-01
-1.1402E-01
-6.1791E-02
-5.2733E-02
-7.0109E-02
-5.1346E-02
-1.0277E-02
6.2906E-03
-4.9717E-03
1.5732E-02
3.1993E-03
-1.2376E-02
-9.9722E-03
-2.9138E-02
-6.2804E-02
-9.4763E-02
-7.6918E-02
-6.0077E-02
-6.2882E-02
-6.0595E-02
-2.8818E-02
-2.8147E-02
-4.2737E-02
-3.7006E-02
-4.8320E-02
-5.1179E-02
-4.8810E-02
-6.0407E-02
-8.5919E-02
-1.0569E-01
-1.1803E-01
-1.4978E-01
-1.6454E-01
-1.6220E-01
-1.7216E-01
-1.6439E-01
-9.2857E-02
-1.0094E-02
-5.7330E-03
-4.4230E-02
-5.2273E-02
-2.4331E-02
-1.1612E-02
-3.6948E-02
-2.2870E-02
-6.7880E-03
-2.1912E-02
-2.9699E-02
-2.5496E-02
-2.5967E-02
-1.6380E-02
4.2225E-02
1.2593E-01
1.3391E-01
1.0489E-01
7.1730E-02
-6.9805E-03
-4.0010E-02
-1.9397E-02
-1.3234E-02
-4.8938E-02
-5.9566E-02
-2.0424E-02
2.0154E-02
2.8761E-03
6.0044E-03
4.5480E-02
4.6559E-02
1.6706E-02
4.2799E-02
9.5560E-02
8.3538E-02
4.4383E-02
3.8257E-02
3.0023E-02
2.6364E-03
-4.2550E-02
-6.1319E-02
-4.8173E-02
-4.9347E-02
-4.5439E-02
-3.5716E-02
-2.2726E-02
1.6966E-02
6.4949E-02
9.9673E-02
8.7794E-02
9.4586E-02
7.3312E-02
1.8184E-02
-2.5438E-02
-5.7527E-02
-4.8922E-02
-3.7729E-02
-1.8488E-02
2.4771E-03
9.2251E-03
8.9448E-03
-4.0865E-03
-4.7435E-04
2.0063E-03
-3.5256E-02
-6.8819E-02
-8.7423E-02
-8.4177E-02
-8.7555E-02
-8.6154E-02
-4.6684E-02
2.7769E-02
5.3084E-02
3.5426E-02
4.6452E-02
6.9008E-02
8.7088E-02
6.3723E-02
3.6238E-02
5.3268E-02
7.8910E-02
7.6033E-02
6.6647E-02
2.4988E-02
-3.9603E-02
-3.0077E-02
-6.2164E-04
-5.0901E-03
4.4114E-03
3.1665E-02
3.9709E-02
3.4604E-02
3.7203E-02
3.4665E-02
2.0122E-02
-1.7350E-02
-6.4489E-02
-7.3523E-02
-9.6995E-02
-1.1185E-01
-6.7056E-02
-2.7065E-02
3.8657E-02
1.0774E-01
1.0331E-01
1.0247E-01
1.3156E-01
1.3472E-01
3.8287E-02
-2.0139E-03
3.3260E-02
4.2917E-02
6.8451E-02
5.5734E-02
3.0066E-02
4.6574E-02
5.0070E-02
5.9448E-02
8.1850E-02
6.1909E-02
4.0828E-02
8.2670E-02
9.0514E-02
4.2804E-02
2.1312E-02
1.4989E-02
1.2445E-02
3.5482E-02
5.1218E-02
2.1486E-02
6.4303E-02
1.4562E-01
1.6478E-01
1.7489E-01
1.7186E-01
1.0885E-01
3.9975E-02
-2.7370E-02
-6.9902E-02
-6.9242E-02
-9.1236E-02
-9.0379E-02
-5.8011E-02
-7.7250E-02
-8.4038E-02
-6.0670E-02
-7.0325E-02
-1.1926E-01
-1.4004E-01
-1.2494E-01
-1.2140E-01
-1.0457E-01
-7.4710E-02
-3.4783E-02
1.8807E-02
2.4500E-02
1.1289E-02
5.8778E-02
5.0863E-02
1.2678E-02
3.4400E-02
4.0384E-02
4.3611E-02
4.4846E-02
6.4881E-02
1.1834E-01
1.4777E-01
1.0735E-01
6.6323E-02
7.0078E-02
3.6030E-02
1.1949E-02
3.6482E-02
5.9870E-02
6.5741E-02
1.0292E-01
1.1619E-01
6.8590E-02
2.5402E-02
2.8342E-02
2.6076E-02
5.0316E-03
-1.4990E-03
-8.7289E-03
1.3750E-02
6.9674E-02
9.7920E-02
7.8912E-02
5.8757E-02
-2.9500E-02
-1.1604E-01
-1.1409E-01
-1.1379E-01
-1.2235E-01
-7.1276E-02
1.4483E-03
5.8202E-02
9.8670E-02
1.0224E-01
4.7548E-02
3.1833E-02
6.6923E-02
5.9529E-02
4.8615E-02
6.4803E-02
1.0532E-01
1.4190E-01
1.1217E-01
3.1082E-02
-2.6006E-02
-3.1630E-02
-3.7772E-02
-1.4163E-02
4.5098E-02
6.9665E-02
1.0133E-01
1.5786E-01
1.7240E-01
1.3796E-01
1.5280E-01
1.9585E-01
1.5190E-01
1.0329E-01
6.3483E-02
3.4079E-02
4.5032E-02
6.0710E-02
2.5667E-02
-7.9783E-03
-3.1873E-02
-4.1667E-02
-4.4667E-02
-1.2109E-01
-1.7727E-01
-1.3895E-01
-7.1577E-02
-4.9770E-02
-4.5431E-02
-5.6097E-02
-4.7015E-02
-6.4782E-02
-1.0269E-01
-1.2312E-01
-1.2206E-01
-1.2970E-01
-1.2544E-01
-1.2102E-01
-1.3294E-01
-1.1096E-01
-5.7973E-02
-1.9815E-02
-1.8738E-02
-1.8861E-02
-6.8699E-05
-1.8151E-02
-4.9135E-02
-4.7327E-02
-3.7188E-02
-3.5692E-02
-4.9378E-02
-5.0949E-02
-5.0159E-02
-2.4305E-02
-1.7465E-02
-4.5726E-02
-6.1236E-02
-7.7524E-02
-1.0826E-01
-9.5744E-02
-5.0403E-02
-1.2270E-02
-1.9212E-02
3.7473E-03
5.8573E-02
9.9547E-02
8.9615E-02
3.5859E-02
7.2554E-03
3.5596E-02
5.9932E-02
5.4744E-02
5.4983E-02
3.3351E-02
1.5362E-02
1.5392E-02
3.1692E-02
5.5951E-02
6.2116E-02
6.7247E-02
8.9626E-02
5.2983E-02
2.8779E-02
5.8482E-02
4.5420E-02
-2.3566E-02
-4.7225E-02
-7.0372E-02
-1.0302E-01
-8.4755E-02
-4.3611E-02
-5.2190E-02
-6.8296E-02
-1.7073E-02
3.4441E-03
-6.5837E-03
2.8312E-02
2.6022E-02
-9.1810E-03
9.3947E-03
2.1829E-02
1.1785E-03
-6.3340E-02
-7.8262E-02
-4.3928E-02
-7.4213E-02
-9.9921E-02
-9.4252E-02
-1.0806E-01
-1.0538E-01
-1.0824E-01
-8.7746E-02
-4.5891E-02
-4.6918E-02
-4.1728E-02
-2.4872E-02
-2.0614E-02
2.6461E-02
7.3046E-02
7.4550E-02
7.4755E-02
9.9775E-02
1.2518E-01
1.3494E-01
1.4243E-01
1.0452E-01
1.0505E-01
1.6695E-01
1.3878E-01
9.1332E-02
9.8123E-02
7.3591E-02
4.7508E-02
3.6358E-02
1.2999E-02
-1.8538E-04
-1.1765E-02
-3.2893E-02
-2.1969E-02
6.0301E-04
1.3391E-02
-4.9150E-03
-1.6283E-02
3.5211E-02
4.8585E-02
4.0625E-02
3.6505E-02
4.0158E-02
5.5647E-02
5.2455E-02
1.3210E-02
-2.1933E-02
-3.4063E-02
-2.7115E-02
-1.1917E-02
9.5656E-03
2.3174E-02
2.2480E-02
4.5524E-02
7.1566E-02
8.3323E-02
1.0266E-01
8.8358E-02
6.6570E-02
7.7674E-02
6.2956E-02
4.1872E-02
2.4941E-02
-3.3212E-02
-2.2484E-02
9.3168E-03
-1.5365E-02
-2.5212E-02
-1.4385E-02
-1.1928E-02
-1.4724E-02
-2.4560E-02
-4.5099E-02
-4.0543E-02
-4.3923E-02
-7.4214E-02
-9.8799E-02
-5.2338E-02
-3.5303E-02
-4.1878E-02
-4.8759E-02
-6.3049E-02
-6.4691E-02
-7.0537E-02
-8.1425E-02
-9.3499E-02
-9.3079E-02
-6.5793E-02
-3.2577E-02
-2.8539E-02
-5.0832E-02
-5.7497E-02
-5.8790E-02
-3.7237E-02
-2.9368E-02
-4.3374E-02
-2.7246E-02
-9.9981E-03
-1.6667E-02
-2.9434E-02
-5.1946E-03
1.7704E-02
1.0277E-02
-1.7698E-02
-1.6240E-02
-1.4341E-02
-1.5768E-02
5.4665E-04
3.9693E-02
5.3862E-02
4.1011E-02
5.8452E-02
6.3172E-02
4.3861E-02
4.8908E-02
3.8271E-02
3.6145E-02
4.4609E-02
5.1278E-02
6.7432E-02
8.8415E-02
7.6374E-02
2.4859E-02
-7.3296E-03
-2.8541E-02
-6.5989E-02
-7.9062E-02
-5.2246E-02
-1.7222E-02
-2.0712E-02
-2.6062E-02
-3.8932E-02
-6.2243E-02
-4.0443E-02
-5.8869E-03
-3.3132E-03
-1.1347E-02
1.4516E-02
3.6918E-02
5.6463E-02
4.7439E-02
4.9664E-02
6.1288E-02
5.2863E-02
2.0880E-02
1.8079E-02
3.3269E-02
2.5638E-02
3.3138E-03
1.9773E-02
5.2097E-02
5.3550E-02
7.9988E-02
1.0072E-01
9.6057E-02
1.0163E-01
9.5184E-02
9.1443E-02
9.6171E-02
8.3465E-02
6.5483E-02
6.0524E-02
6.4129E-02
7.4526E-02
9.4259E-02
1.4253E-01
1.8666E-01
1.7296E-01
1.4020E-01
1.1032E-01
1.0816E-01
9.2951E-02
6.2615E-02
3.8388E-02
-6.6076E-03
-5.9463E-02
-9.4589E-02
-1.0911E-01
-1.4551E-01
-1.8168E-01
-1.8098E-01
-1.4696E-01
-1.3393E-01
-1.1565E-01
-6.6217E-02
-2.8033E-02
-5.2216E-02
-1.0490E-01
-1.2288E-01
-1.0608E-01
-1.1598E-01
-1.2871E-01
-9.6366E-02
-9.9098E-02
-1.3360E-01
-1.3053E-01
-1.1727E-01
-8.0768E-02
-5.5929E-02
-4.4590E-02
9.8004E-03
4.1245E-02
4.8966E-02
3.9408E-02
1.0637E-02
2.6429E-02
4.9099E-02
2.3534E-02
2.0751E-02
1.1003E-02
8.8498E-03
2.4149E-02
1.3977E-02
-9.6144E-03
-3.0026E-02
-2.2637E-02
6.9195E-03
3.6353E-02
3.8838E-02
4.0325E-03
-7.6852E-05
1.3046E-02
1.3217E-02
-1.0460E-02
-1.2688E-02
2.8084E-02
5.3896E-02
3.4753E-02
3.3588E-02
3.8222E-02
1.2793E-02
7.0258E-04
-2.8778E-02
-8.0793E-02
-9.4095E-02
-8.6525E-02
-5.8371E-02
-1.5762E-02
-1.2754E-02
3.5752E-03
5.1356E-02
9.0938E-02
9.0158E-02
5.1862E-02
3.0238E-02
2.6101E-02
1.6459E-02
-1.6187E-02
-3.8009E-02
-1.7793E-02
-7.0383E-03
-4.2538E-02
-6.3267E-02
-6.5910E-02
-8.3247E-02
-9.1672E-02
-7.5063E-02
-4.9508E-02
-3.8037E-02
-2.0740E-02
1.6424E-02
4.1416E-02
2.1394E-02
1.3418E-02
3.2450E-02
3.2414E-02
5.2121E-03
8.2826E-03
8.7572E-03
-6.7774E-03
-1.8482E-02
-2.0867E-02
-2.3403E-02
-2.1385E-03
1.1117E-02
1.4242E-03
-7.7884E-03
-2.6609E-02
-3.0763E-03
3.8577E-02
3.3355E-02
3.7683E-02
1.6247E-02
-2.4119E-02
-1.9421E-02
-3.0412E-02
-7.9546E-02
-6.8528E-02
-1.8906E-02
2.3455E-03
1.3997E-02
2.6343E-02
3.4688E-02
5.7322E-02
5.2315E-02
2.8715E-02
5.3324E-02
4.2897E-02
1.2408E-02
3.7031E-03
-1.6527E-02
-6.1192E-02
-6.3411E-02
-2.3452E-02
-1.9525E-03
-5.7990E-03
1.9208E-02
4.7196E-02
5.3447E-02
5.5102E-02
6.1246E-02
5.9694E-02
1.4643E-02
-4.8302E-03
5.2452E-03
-1.2420E-02
-2.5397E-02
-2.1709E-02
-4.4027E-02
-3.5830E-02
-5.9583E-03
-8.3009E-04
2.4851E-03
7.7587E-03
1.0165E-02
1.5164E-02
2.1153E-02
9.7313E-03
-8.5421E-03
-6.0194E-03
-1.2526E-02
-4.1059E-02
-4.4121E-02
-4.7881E-02
-6.2164E-02
-7.3848E-02
-6.9336E-02
-6.2963E-02
-8.1286E-02
-7.3140E-02
-3.8218E-02
-1.2937E-02
3.0837E-03
-3.0458E-03
-7.6487E-03
-5.3464E-03
-1.6236E-02
-2.8786E-02
-5.3343E-02
-5.4645E-02
-3.2451E-02
-7.9112E-03
1.7622E-02
4.2842E-02
4.2572E-02
2.0974E-02
1.1526E-02
5.0531E-03
-8.8051E-03
-2.8230E-02
-4.5254E-02
-2.0897E-02
1.6776E-02
2.5492E-02
3.7258E-02
4.9082E-02
6.2790E-02
5.6684E-02
5.6774E-02
7.1314E-02
8.4940E-02
9.0491E-02
5.9188E-02
2.2749E-02
9.6725E-03
3.5056E-03
3.7716E-03
1.9873E-02
2.6221E-02
1.1584E-02
-2.0463E-02
-3.0531E-02
2.5345E-03
1.3612E-02
7.3557E-03
1.4672E-02
3.0762E-02
5.0733E-02
4.5304E-02
3.4319E-02
3.7609E-02
2.9320E-02
1.0050E-02
-2.1252E-02
-5.1981E-02
-6.7956E-02
-4.5172E-02
-1.3705E-02
-1.0375E-02
-1.5341E-02
-1.0885E-02
3.3736E-02
7.2313E-02
7.9625E-02
6.1928E-02
3.2589E-02
2.2518E-02
1.6985E-02
1.2854E-02
6.1370E-04
5.8852E-03
3.5801E-02
3.1351E-02
5.4092E-03
1.0927E-03
2.9409E-02
4.6768E-02
3.1719E-02
1.2112E-02
-1.9153E-03
-1.5081E-02
7.7455E-04
1.3454E-02
-6.4219E-03
-3.1947E-03
-4.3167E-03
-2.2253E-02
-1.5543E-02
-3.3591E-04
1.1110E-02
1.3817E-02
2.3649E-03
-8.2482E-03
-5.4431E-03
2.8097E-03
1.0280E-02
9.5991E-03
-7.4702E-04
-1.0820E-02
-4.1312E-03
1.7658E-02
9.6369E-03
-7.7891E-03
1.0154E-02
3.4375E-02
4.6866E-02
7.1739E-02
9.3176E-02
7.7813E-02
3.7615E-02
1.9975E-02
3.5494E-03
-3.2126E-03
4.6921E-04
-6.3936E-03
-5.2407E-03
-6.5385E-03
-9.7848E-03
-1.0648E-02
-1.2010E-02
-1.5079E-02
-4.0505E-03
-1.2743E-03
-9.5970E-03
6.9383E-03
1.5919E-02
3.4423E-02
5.1923E-02
3.4642E-02
2.0441E-02
1.2473E-02
8.6097E-03
1.2894E-02
-1.8610E-03
-1.4602E-02
-1.2384E-02
-1.5220E-02
-3.1363E-02
-3.6605E-02
-3.6484E-02
-4.5211E-02
-3.8384E-02
-2.1047E-02
-1.3062E-02
-1.5276E-02
-1.2468E-02
5.7648E-03
1.7658E-02
4.3557E-02
5.4701E-02
1.7619E-02
1.1380E-02
1.9677E-02
2.1028E-03
-1.2502E-02
-2.4323E-02
-9.9603E-03
1.1975E-02
2.7114E-03
-4.1585E-04
3.8842E-03
-5.8951E-03
7.3633E-04
1.3362E-02
1.2054E-02
2.6523E-02
4.0567E-02
4.6974E-02
4.8754E-02
4.0554E-02
2.6019E-02
4.7105E-03
-1.3497E-02
5.4445E-03
4.9083E-03
-1.9686E-02
-4.6156E-02
-7.1636E-02
-7.3264E-02
-6.2060E-02
-6.3578E-02
-7.6625E-02
-7.8596E-02
-4.8447E-02
-1.3629E-02
-1.3902E-02
-2.1128E-03
9.2878E-04
-7.3179E-03
-5.6205E-03
-2.0399E-02
-4.1683E-02
-5.7083E-02
-5.6019E-02
-4.5543E-02
-5.3348E-02
-4.9469E-02
-2.4362E-02
2.7846E-03
3.2331E-02
5.7907E-02
7.0793E-02
6.1077E-02
4.5195E-02
2.2773E-02
-4.1299E-04
2.5841E-03
2.1102E-02
3.8015E-02
3.9544E-02
8.0863E-03
-2.0325E-02
-2.3241E-02
-2.4304E-02
-2.4841E-02
-2.2996E-02
-2.5395E-02
-1.6281E-02
2.9457E-03
9.6614E-03
1.0994E-02
1.3331E-02
1.4160E-02
2.0226E-02
3.0090E-02
1.2408E-02
-2.7329E-02
-4.2738E-02
-2.8093E-02
-1.2659E-02
-6.4881E-03
7.6175E-03
2.5837E-02
3.5465E-02
4.4005E-02
4.9338E-02
2.7858E-02
-1.6086E-02
-3.6650E-02
-3.1003E-02
-4.3468E-02
-6.5703E-02
-7.2580E-02
-6.2909E-02
-4.9178E-02
-3.1659E-02
-1.4259E-02
-3.3941E-03
9.5872E-03
4.0197E-02
3.2582E-02
6.3606E-03
-6.3489E-04
-1.1947E-02
-1.8575E-02
-1.5395E-02
-1.3250E-02
-2.2290E-02
-1.5326E-02
-3.2989E-03
4.2671E-03
-2.0360E-02
-2.9888E-02
-1.3554E-02
-1.4061E-02
-1.8463E-02
-2.1038E-03
2.5525E-02
3.7600E-02
2.9839E-02
2.2104E-02
1.8426E-02
5.6392E-03
-1.3617E-04
-4.0770E-03
-2.5983E-02
-2.5200E-02
-4.7752E-03
-1.2503E-02
-9.6147E-04
2.7090E-02
4.3780E-02
6.3066E-02
7.0011E-02
4.3694E-02
4.0171E-02
4.8229E-02
2.9249E-02
-6.3388E-03
-3.3553E-02
-3.4969E-02
-2.2849E-02
-1.8291E-02
-2.4677E-02
-1.7085E-02
8.0688E-03
1.6170E-02
1.2748E-02
2.3646E-02
1.9516E-02
-9.1502E-03
-2.5861E-02
-1.5407E-02
-7.4063E-03
-4.9708E-04
4.3790E-03
1.4348E-02
3.1382E-02
3.2183E-02
2.8811E-02
3.1856E-02
3.5224E-02
2.9359E-02
1.7750E-02
1.4492E-02
5.4766E-03
-7.1962E-04
-1.0928E-02
-2.5807E-02
-2.7096E-02
-1.5466E-02
5.1582E-03
1.8114E-02
2.7410E-02
2.1187E-02
9.9797E-03
8.0096E-03
1.1875E-02
1.3478E-02
5.6950E-03
6.6107E-03
-6.8479E-03
-2.4040E-02
-2.4817E-02
-3.2151E-02
-3.8116E-02
-3.7595E-02
-2.1317E-02
4.4737E-04
1.8698E-02
1.3788E-02
4.6044E-03
1.2281E-02
1.6474E-02
9.1159E-03
7.8595E-03
1.3009E-02
1.2308E-02
-1.0288E-02
-3.0450E-02
-3.3941E-02
-2.8184E-02
-3.4239E-02
-4.7371E-02
-3.7094E-02
-1.9604E-02
-4.6448E-05
1.5622E-02
1.4806E-02
-1.6148E-03
-4.1341E-03
1.8675E-02
2.8437E-02
2.0760E-02
5.5559E-03
-1.9232E-02
-1.8825E-02
-1.8677E-02
-3.0546E-02
-3.5513E-02
-4.0640E-02
-3.6088E-02
-2.8732E-02
-2.6608E-02
-2.2358E-02
4.6691E-03
2.5185E-02
1.7836E-02
1.1816E-03
-3.2179E-04
-3.4946E-03
-1.5684E-02
-1.3075E-02
-1.7612E-02
-2.1664E-02
-1.6772E-02
-1.0284E-02
-3.4247E-03
-1.5649E-03
-1.0449E-02
-1.5422E-02
-1.7482E-02
-2.2013E-02
-2.8374E-02
-2.3634E-02
-9.3084E-03
6.4154E-04
6.9338E-03
1.9789E-02
3.3697E-02
3.2678E-02
2.4971E-02
2.5474E-02
2.1776E-02
1.6200E-03
-4.7447E-04
1.0251E-02
-4.6912E-03
-1.9329E-02
-1.4508E-02
-4.4060E-03
-8.4532E-03
-2.7722E-02
-3.5196E-02
-2.6779E-02
-3.1139E-02
-2.3115E-02
-1.2605E-02
-1.0567E-02
-1.8574E-03
-1.2310E-03
-4.2878E-03
-1.1052E-02
-1.8338E-02
-1.7447E-02
-1.9585E-02
-2.1092E-02
-3.3219E-02
-5.3636E-02
-6.2463E-02
-5.1173E-02
-3.4114E-02
-1.9224E-02
-1.4325E-03
-3.3397E-03
3.8862E-03
2.3315E-02
3.2826E-02
3.0480E-02
1.9753E-02
-1.6644E-02
-5.0540E-02
-4.9682E-02
-5.1941E-02
-5.4748E-02
-4.2903E-02
-3.6237E-02
-2.2559E-02
-9.3961E-03
-1.4863E-02
-1.3553E-02
-1.1742E-02
-1.5762E-02
-1.0367E-02
-5.1027E-03
1.0557E-02
2.3345E-02
8.7018E-03
-1.0309E-02
-4.5354E-03
1.7419E-02
2.8536E-02
4.0104E-02
5.7423E-02
5.0573E-02
1.6037E-02
-1.9689E-02
-2.2822E-02
-1.1691E-02
-1.2218E-02
6.5656E-03
2.8273E-02
2.4366E-02
5.5548E-03
-6.8236E-03
-1.6087E-02
-2.1121E-02
-2.7206E-03
1.7807E-02
2.6248E-02
4.1746E-02
5.6539E-02
5.6522E-02
5.5897E-02
5.0306E-02
3.6774E-02
1.6489E-02
2.0513E-02
2.6154E-02
1.5234E-02
1.2357E-02
9.6996E-03
-7.1697E-03
-1.7907E-02
-2.5268E-02
-3.6149E-02
-2.1826E-02
5.8591E-03
2.1271E-02
3.9220E-02
4.8404E-02
5.5295E-02
6.5345E-02
4.6963E-02
4.4665E-02
4.9932E-02
3.9167E-02
3.3360E-02
2.5864E-02
2.9236E-02
2.8984E-02
6.0195E-03
-1.9588E-02
-2.4618E-02
-1.1441E-02
-6.4218E-03
-6.1891E-03
-1.0397E-02
-1.9739E-02
-1.1444E-02
-1.4735E-02
-4.1804E-02
-5.5407E-02
-5.3291E-02
-3.6255E-02
-2.3055E-02
-1.0275E-02
7.9918E-03
2.7737E-02
2.8519E-02
3.1258E-02
3.5917E-02
4.5089E-02
4.9638E-02
4.1628E-02
1.8733E-02
-1.2712E-02
-2.7282E-02
-3.2936E-02
-3.5568E-02
-2.5539E-02
-7.0524E-03
1.0584E-02
3.3826E-02
5.4646E-02
7.5512E-02
9.0557E-02
8.8119E-02
6.7001E-02
4.1466E-02
3.1790E-02
2.1834E-02
-6.2415E-03
-3.3649E-02
-4.9219E-02
-5.4497E-02
-5.8166E-02
-5.4510E-02
-3.0117E-02
5.2878E-03
2.7527E-02
4.0083E-02
7.2052E-02
8.8777E-02
5.9030E-02
4.3008E-02
2.7297E-02
-3.2184E-03
-1.9883E-02
-4.1414E-02
-6.1007E-02
-5.9189E-02
-6.8758E-02
-8.2045E-02
-7.7210E-02
-6.2734E-02
-3.1895E-02
-6.9869E-03
1.1748E-02
2.5760E-02
3.4131E-02
2.9688E-02
1.2698E-02
9.1988E-03
8.8885E-03
1.3138E-03
-8.4506E-03
-1.6220E-02
-2.5014E-02
-4.0831E-02
-5.0264E-02
-5.6898E-02
-4.5471E-02
-8.2279E-03
1.7409E-02
3.6320E-02
6.6945E-02
8.6642E-02
8.3839E-02
7.1020E-02
5.7936E-02
3.4109E-02
1.7810E-02
2.9458E-03
-1.6943E-02
-4.0676E-02
-3.4103E-02
-1.6736E-02
-1.9216E-02
-2.5060E-02
-1.5850E-02
5.5111E-03
1.3929E-03
-1.6005E-02
-7.8212E-03
1.4592E-02
1.9662E-02
1.2857E-02
7.4770E-03
-1.3624E-03
-3.6260E-02
-5.5789E-02
-4.4314E-02
-4.6338E-02
-4.5546E-02
-1.8590E-02
-6.7652E-04
-4.0089E-03
-1.4213E-02
-6.9726E-03
1.3725E-03
-1.0602E-02
-2.4657E-02
-3.3730E-02
-5.5127E-02
-7.7259E-02
-8.2043E-02
-6.2821E-02
-3.4909E-02
-1.7640E-02
-1.3320E-03
2.8145E-02
6.2393E-02
8.5147E-02
8.7693E-02
8.5925E-02
8.4012E-02
8.8595E-02
8.1413E-02
5.6417E-02
3.3572E-02
1.5667E-02
9.3994E-05
-2.7783E-02
-5.8242E-02
-7.3959E-02
-7.6953E-02
-5.4931E-02
-3.3518E-02
-2.3156E-02
-4.1209E-03
8.8920E-03
1.9664E-02
2.8067E-02
2.4380E-02
4.2491E-03
-9.8041E-03
-8.7315E-03
-1.2552E-02
-2.5765E-02
-2.1359E-02
-3.8281E-03
8.2370E-03
2.2256E-02
2.4423E-02
2.2563E-02
3.0724E-02
2.5233E-02
2.1575E-04
-2.2167E-02
-3.8958E-02
-4.9015E-02
-5.6908E-02
-6.2728E-02
-4.8312E-02
-4.9820E-02
-7.1329E-02
-8.5115E-02
-7.2652E-02
-4.2920E-02
-2.7273E-02
-9.4004E-03
3.6541E-03
4.1687E-03
2.0682E-02
2.8442E-02
2.7322E-02
3.9429E-02
4.9899E-02
4.4481E-02
3.0611E-02
1.1012E-02
1.5470E-02
3.1395E-02
2.4817E-02
1.2613E-02
5.7061E-03
-3.5215E-03
2.8681E-03
1.4669E-02
1.6128E-02
6.6328E-03
1.2096E-02
2.8772E-02
3.6946E-02
3.5635E-02
9.7182E-03
-1.2620E-02
-1.9166E-02
-1.1356E-02
-8.6666E-03
-2.1094E-02
-3.7962E-02
-5.6007E-02
-6.1240E-02
-4.9577E-02
-4.3416E-02
-3.9921E-02
-3.6898E-02
-1.8702E-02
1.0979E-02
1.9473E-02
1.8179E-02
2.0680E-02
6.8121E-03
-3.5509E-03
-9.8747E-03
-2.2803E-02
-3.5628E-02
-4.4709E-02
-5.9044E-02
-6.4340E-02
-5.6966E-02
-4.8166E-02
-3.7169E-02
-1.8668E-02
-1.1499E-02
-2.4353E-02
-3.1458E-02
-2.4282E-02
-4.2803E-03
2.6331E-03
-6.5489E-03
-9.4743E-03
-1.0865E-02
-7.1921E-03
6.2345E-03
1.4089E-02
2.4922E-02
3.2904E-02
3.2938E-02
2.1738E-02
1.9618E-02
3.0697E-02
3.0463E-02
2.1463E-02
1.9769E-02
2.3693E-02
2.8399E-02
2.9688E-02
2.5157E-02
2.3399E-02
1.6304E-02
5.7877E-03
-4.0065E-03
-7.6063E-03
-2.8228E-04
-5.2515E-03
-1.7627E-02
-1.6066E-02
1.1504E-02
3.9581E-02
4.6511E-02
5.2525E-02
6.6505E-02
5.2212E-02
2.7119E-02
1.9691E-02
2.3985E-02
2.1804E-02
2.8185E-03
-5.2857E-03
-9.8593E-03
-2.6039E-02
-4.2320E-02
-5.3074E-02
-6.3398E-02
-5.9789E-02
-4.8300E-02
-4.4073E-02
-3.0996E-02
-2.5813E-02
-3.4327E-02
-2.5732E-02
-1.1044E-02
-1.9236E-03
9.8978E-03
2.2892E-02
2.7311E-02
1.9930E-02
7.2073E-03
-2.4351E-03
-2.9795E-03
-9.7864E-03
-1.5814E-02
-9.4280E-03
-3.3163E-03
-8.2789E-03
-8.0683E-03
-1.3311E-02
-1.2713E-02
4.5721E-03
-8.7840E-03
-2.7135E-02
-1.7709E-02
5.4305E-03
1.1076E-02
-4.3374E-03
-7.7665E-03
4.6456E-03
3.4096E-03
7.2145E-03
9.7433E-03
1.4563E-02
2.8269E-02
1.9696E-02
2.9360E-02
3.9745E-02
2.3488E-02
5.9049E-03
-4.5067E-03
3.4473E-03
6.0496E-03
-1.1309E-02
-3.2409E-02
-3.5809E-02
-2.5023E-02
-2.0713E-02
-2.4436E-02
-1.4165E-02
1.2279E-02
2.5623E-02
1.9816E-02
1.4463E-02
3.4297E-02
4.9898E-02
4.1025E-02
3.8365E-02
4.3769E-02
4.0905E-02
3.5972E-02
2.8351E-02
6.0819E-03
3.3265E-03
7.5504E-03
7.0409E-03
1.0159E-02
5.7161E-03
1.8479E-02
3.2761E-02
3.7676E-02
2.7575E-02
1.7551E-02
1.7066E-02
1.3624E-02
9.0841E-03
6.1111E-03
-5.3808E-03
-2.3374E-02
-3.5422E-02
-4.2387E-02
-2.7547E-02
-9.2692E-03
-1.5796E-02
-3.4633E-02
-3.3685E-02
-4.2096E-02
-4.1665E-02
-3.2294E-02
-3.2359E-02
-3.4198E-02
-2.9158E-02
-5.3320E-03
2.3418E-02
4.2886E-02
3.7342E-02
2.4135E-02
8.3183E-03
2.9123E-03
-5.5185E-03
-9.1025E-03
-4.7536E-03
-5.6403E-03
-6.9965E-03
-6.5605E-03
-3.8669E-03
1.7006E-03
2.0840E-04
2.0013E-03
9.6702E-03
2.0670E-02
3.2058E-02
2.5360E-02
1.3182E-02
9.3844E-03
3.4757E-03
-1.3767E-02
-2.1961E-02
-2.0398E-02
-2.0788E-02
-2.6631E-02
-2.8504E-02
-1.7495E-02
-1.3530E-02
-1.7583E-02
-3.0118E-02
-4.3158E-02
-4.4571E-02
-3.8557E-02
-2.0618E-02
-6.7397E-03
-4.2256E-03
1.5084E-02
4.5452E-02
4.9626E-02
3.8289E-02
3.1247E-02
2.6167E-02
2.3765E-02
2.4692E-02
2.5136E-02
2.8845E-02
2.9412E-02
2.0563E-02
1.4141E-02
2.6983E-04
-1.8175E-02
-8.1502E-03
-2.4177E-03
-9.8359E-03
-5.4310E-03
1.8591E-03
-3.9634E-03
-1.0482E-02
-8.5094E-04
-1.0488E-03
7.0027E-03
2.0035E-02
1.9947E-02
3.6229E-02
4.5090E-02
2.9177E-02
1.7397E-02
-7.4031E-03
-1.9669E-02
-1.5222E-02
-1.0474E-02
2.2416E-03
1.1339E-02
5.6311E-03
-1.8080E-02
-1.3002E-02
-2.0210E-03
-3.4035E-02
-4.5724E-02
-3.5672E-02
-2.7218E-02
-1.2545E-02
1.5676E-03
4.4902E-03
-5.9465E-03
-4.0099E-03
-1.3860E-03
-9.0366E-03
-1.0096E-02
1.0205E-02
2.1769E-02
7.7774E-03
3.0802E-03
1.9225E-03
-3.0109E-03
-5.7649E-03
-5.0714E-03
5.4135E-03
2.2865E-02
3.8089E-02
4.9565E-02
3.9340E-02
1.8077E-02
1.0483E-02
5.0402E-03
2.7803E-03
3.6382E-03
-2.1282E-03
-4.3299E-03
-8.3517E-03
-2.0806E-03
6.2443E-03
5.2129E-04
-3.5369E-03
-9.6391E-03
-1.4379E-02
-3.1573E-02
-4.1853E-02
-3.5932E-02
-1.7149E-02
5.0163E-03
1.8550E-02
1.9386E-02
1.4554E-02
1.7979E-02
2.3221E-02
8.0933E-03
-1.9682E-02
-3.3403E-02
-1.4554E-02
7.5639E-03
1.5487E-02
2.0709E-02
5.0483E-03
-1.4288E-03
-4.4808E-03
-2.3853E-03
1.0064E-02
1.6978E-02
2.4604E-02
2.7488E-02
2.5899E-02
1.8613E-02
7.8291E-03
6.2961E-03
9.4701E-03
1.0550E-02
1.2862E-02
1.8728E-02
2.7337E-02
3.0679E-02
3.4349E-02
2.5802E-02
1.1636E-02
1.0300E-02
5.8128E-03
8.8135E-03
1.9881E-02
1.2396E-02
-2.0655E-03
-7.2675E-03
-1.6574E-02
-1.9942E-02
-1.2927E-02
-1.3169E-02
-2.0925E-03
1.2670E-03
-8.5447E-03
1.0569E-03
1.5154E-02
1.4848E-02
1.7681E-02
8.3663E-03
-3.3049E-03
2.4811E-03
6.8557E-03
-3.8349E-03
-9.9515E-03
-1.6453E-02
-1.9845E-02
-9.3212E-03
3.3890E-03
4.5629E-03
-2.7886E-03
6.6487E-03
1.8813E-02
1.5013E-02
3.3372E-02
4.2300E-02
1.8521E-02
7.9030E-03
-1.1101E-02
-1.3616E-02
-1.3529E-02
-2.3211E-02
-2.5801E-02
-2.9023E-02
-1.6863E-02
-1.1885E-03
4.0948E-03
1.4086E-02
1.6627E-02
2.0921E-02
3.7486E-02
5.7316E-02
5.1136E-02
3.7311E-02
2.6642E-02
1.3877E-03
-9.2087E-04
2.0367E-02
2.6829E-02
2.2913E-02
2.0079E-02
6.5705E-03
6.9843E-03
-2.1093E-03
-1.6137E-02
-1.2124E-02
-8.0562E-03
-1.1383E-03
-6.0779E-03
-1.6032E-02
-1.4484E-02
-1.4929E-02
-8.2771E-03
7.9033E-03
2.2217E-02
2.5540E-02
1.5384E-02
1.9675E-02
1.8968E-02
1.0969E-02
2.6585E-03
-5.8743E-03
6.9679E-03
1.1874E-02
5.8865E-03
7.6635E-03
4.4428E-03
4.5467E-04
-9.7566E-04
-5.0781E-03
-8.2241E-03
-1.2059E-02
-1.7733E-02
-2.0660E-02
-1.9247E-02
-2.5995E-02
-2.5652E-02
-9.9317E-03
7.0763E-04
1.9067E-03
2.4452E-03
-7.3115E-03
-9.2831E-03
-7.1016E-03
-1.3172E-02
-1.6851E-02
-1.1713E-02
1.4074E-03
-1.6422E-03
-2.6737E-02
-3.2875E-02
-2.0585E-02
-4.6939E-03
-1.2016E-02
-1.5664E-02
-1.5168E-03
-1.8190E-03
-1.1432E-03
3.6212E-03
-4.0660E-03
-8.8341E-03
-1.1430E-02
-6.7530E-03
1.6608E-02
2.9204E-02
2.2932E-02
4.4752E-03
-2.4831E-03
2.1510E-03
4.3320E-03
-1.0160E-02
-1.7014E-02
-1.2716E-02
-1.1227E-02
-2.1930E-02
-2.0289E-02
-1.1737E-02
-1.0206E-02
-4.6115E-03
-1.8922E-03
3.2740E-03
1.4900E-02
1.1264E-02
7.7247E-03
1.4507E-02
2.7317E-02
3.1624E-02
9.0848E-03
-1.6885E-03
7.5335E-03
5.2002E-03
-8.4934E-03
-2.0141E-02
-1.5592E-02
-1.0291E-02
-1.2378E-02
-2.3277E-03
2.4187E-03
2.6820E-04
5.2708E-03
5.6306E-03
-9.1784E-03
-2.7575E-02
-3.0389E-02
-1.9232E-02
-7.7357E-03
-2.5532E-03
-3.2186E-03
-2.6962E-03
-6.9629E-03
7.9688E-03
1.3029E-02
-1.5463E-02
-3.4751E-02
-2.3893E-02
-1.6963E-02
-1.4707E-02
-1.5680E-02
2.2492E-03
1.6582E-02
1.4382E-03
4.6866E-03
6.0242E-03
-4.4092E-04
9.7409E-04
7.5609E-03
1.2956E-02
3.4754E-03
-7.7322E-03
-5.7073E-03
9.6986E-04
6.2543E-04
-1.0144E-02
-9.7328E-03
-3.5934E-03
1.9345E-03
7.4736E-04
-7.0166E-03
-1.0230E-02
-6.6286E-03
2.4973E-03
1.5850E-02
2.5995E-02
3.5807E-02
3.9797E-02
2.6858E-02
1.0082E-02
-4.0947E-03
1.6178E-04
2.4239E-03
-7.5896E-03
-5.7542E-03
2.0125E-03
-8.1495E-03
-1.5204E-02
-4.0797E-03
-4.8363E-04
5.8477E-03
1.4836E-02
2.5868E-02
1.6206E-02
1.2147E-02
1.8752E-02
1.7692E-02
5.3625E-03
-1.1333E-02
-1.0733E-02
-7.1155E-04
-5.0988E-03
-2.2214E-02
-3.2668E-02
-2.7212E-02
-1.3159E-02
-9.8324E-03
-8.9418E-03
1.6594E-03
2.0971E-02
3.4093E-02
3.9179E-02
2.0236E-02
2.7137E-03
1.5667E-02
2.2678E-02
4.4667E-03
-1.3933E-02
-2.0305E-02
-2.8438E-02
-2.1357E-02
-1.2352E-02
-1.3558E-02
-5.9360E-03
7.3874E-03
1.5460E-02
9.5301E-03
-1.1319E-03
4.8471E-03
1.5667E-02
1.6011E-02
1.5485E-02
7.4675E-03
-1.4876E-02
-1.3117E-02
-8.9029E-05
-1.4529E-02
-2.6883E-02
-1.1267E-02
1.4840E-02
2.1370E-02
1.7409E-02
9.5444E-03
7.1775E-03
1.0741E-02
2.6169E-03
2.7386E-03
2.3180E-02
3.6216E-02
2.9495E-02
1.5612E-03
-1.5599E-02
-2.5343E-02
-2.6625E-02
-1.9149E-02
-7.9274E-03
-3.3125E-03
-7.3391E-03
-2.6203E-02
-3.0106E-02
-1.4612E-02
-1.3103E-02
-1.3041E-02
-8.2018E-03
1.2903E-02
2.7824E-02
3.4443E-02
2.9741E-02
2.1453E-02
2.1788E-02
1.5123E-02
1.7217E-02
2.2483E-02
9.7898E-03
-8.4884E-03
-1.8017E-02
-9.2825E-03
-5.3758E-04
-2.0269E-03
-6.5494E-03
-1.5657E-02
-2.2495E-02
-2.1271E-02
-2.2289E-02
-2.4285E-02
-2.4228E-02
-1.6478E-02
1.5047E-03
1.1962E-02
-4.8962E-03
-1.1341E-02
-6.7860E-03
-1.2571E-02
-9.8315E-03
-3.5218E-03
-9.8818E-04
7.0873E-03
8.3195E-03
4.3321E-03
-2.3416E-03
-2.5905E-03
1.1094E-02
5.7953E-03
6.3127E-04
1.6689E-02
2.0615E-02
1.4902E-02
3.4500E-03
-8.2760E-03
-1.3813E-02
-2.9687E-02
-3.5529E-02
-2.5045E-02
-1.4879E-02
-8.2409E-03
-7.8761E-03
-1.6519E-02
-2.3880E-02
-2.1115E-02
-1.1782E-02
-2.0459E-02
-2.4311E-02
-1.1861E-02
-3.2587E-03
-4.0301E-03
-9.5624E-03
-1.6297E-02
-9.8537E-03
-5.5969E-03
-2.3583E-02
-3.6589E-02
-3.1809E-02
-1.8185E-02
-3.1855E-04
5.4723E-03
4.4701E-03
1.3607E-02
1.2504E-02
7.2111E-03
8.8927E-03
1.3330E-02
1.9862E-02
2.3730E-02
2.7355E-02
2.5833E-02
2.2666E-02
1.5427E-02
1.9495E-02
2.6322E-02
1.3337E-02
1.0218E-02
1.5978E-02
1.4444E-02
1.5793E-03
-6.4570E-04
1.1459E-02
6.4630E-03
4.0878E-04
8.1332E-04
-1.1535E-02
-1.6957E-02
-1.2902E-02
-5.0663E-03
-4.1591E-03
3.4620E-03
1.0673E-02
6.4217E-03
2.2673E-03
4.2456E-03
4.0481E-03
3.9405E-03
9.6909E-03
1.4279E-02
1.2142E-02
1.0733E-02
1.3469E-02
9.2534E-03
-1.1438E-03
6.5798E-04
1.2811E-02
1.7361E-02
-1.1208E-03
-1.6848E-02
-1.6553E-02
-2.1979E-02
-1.5768E-02
-8.8094E-03
-5.5158E-03
-6.9546E-03
-8.1278E-03
-7.0784E-03
2.5921E-03
2.1225E-02
2.8877E-02
1.2475E-02
1.1884E-02
2.0885E-02
5.2386E-03
-1.1607E-02
-2.6589E-02
-2.9575E-02
-1.3657E-02
-6.6024E-03
-1.0540E-02
-1.3368E-02
-1.5466E-02
-6.2956E-03
-1.7487E-03
-1.1454E-02
-1.1534E-02
-5.8302E-03
-1.0848E-02
-1.1110E-02
-5.5579E-03
-7.0771E-03
-3.3958E-03
2.8496E-03
1.0732E-03
-3.9461E-03
1.6226E-05
5.8212E-03
9.0382E-04
-2.3056E-03
1.1823E-03
-6.0687E-03
-1.2122E-02
-5.7457E-03
1.6931E-02
2.5310E-02
1.4062E-02
9.8057E-03
1.7065E-02
1.3125E-02
6.9999E-04
7.1446E-04
1.0940E-02
1.3562E-02
2.5726E-03
-3.6843E-03
-2.4322E-03
6.6130E-03
1.2967E-02
1.8050E-02
1.9796E-02
2.1472E-02
2.1544E-02
1.2412E-02
5.8585E-03
-5.7850E-03
-1.8295E-02
-1.9588E-02
-1.1507E-02
7.0673E-03
2.1067E-02
1.7190E-02
1.4388E-02
2.2970E-02
2.2540E-02
6.8660E-03
-7.1805E-03
-9.3535E-03
-5.3809E-03
-3.7280E-03
-1.0379E-02
-3.0124E-03
8.4020E-03
1.5553E-02
2.5287E-02
2.3619E-02
1.8690E-02
2.2895E-02
2.7423E-02
2.4559E-02
2.8553E-02
3.3931E-02
2.9980E-02
3.5030E-02
3.9012E-02
3.9939E-02
4.0474E-02
3.9376E-02
4.9018E-02
5.2870E-02
3.7139E-02
3.5172E-02
4.4580E-02
3.9081E-02
1.9752E-02
1.0660E-02
9.7433E-03
3.0033E-03
1.7715E-03
3.8355E-03
3.3303E-04
-3.8988E-03
-1.1194E-02
-1.4308E-02
-1.2026E-02
-1.7277E-02
-1.9587E-02
-2.7025E-02
-3.8605E-02
-4.7883E-02
-4.7001E-02
-4.1653E-02
-4.3380E-02
-3.7939E-02
-2.7801E-02
-3.4579E-02
-3.8908E-02
-4.2558E-02
-4.8881E-02
-5.8946E-02
-6.8560E-02
-7.7830E-02
-8.7210E-02
-8.6965E-02
-7.4795E-02
-6.0993E-02
-5.7323E-02
-5.5824E-02
-4.7547E-02
-4.0338E-02
-4.3759E-02
-4.4008E-02
-4.4500E-02
-5.0141E-02
-5.6315E-02
-5.7606E-02
-5.9576E-02
-6.0998E-02
-5.7486E-02
-5.2954E-02
-5.2426E-02
-4.5626E-02
-4.6962E-02
-5.4426E-02
-5.5832E-02
-5.7934E-02
-6.2504E-02
-6.1573E-02
-5.9070E-02
-6.1570E-02
-5.1339E-02
-3.4631E-02
-2.9443E-02
-3.2650E-02
-4.3999E-02
-5.3458E-02
-4.6052E-02
-3.5188E-02
-2.4959E-02
-9.4861E-03
3.3985E-05
2.5882E-03
1.3079E-02
2.1579E-02
2.5228E-02
2.4230E-02
2.0782E-02
2.1730E-02
2.8661E-02
4.1793E-02
5.7849E-02
6.6564E-02
6.8318E-02
7.1056E-02
7.2660E-02
6.7066E-02
5.7036E-02
5.7252E-02
7.0372E-02
7.1870E-02
5.9033E-02
6.3756E-02
8.0139E-02
9.2976E-02
9.2126E-02
8.2843E-02
7.7171E-02
6.7896E-02
5.7812E-02
5.5223E-02
5.4539E-02
4.3706E-02
3.1139E-02
2.8670E-02
3.6105E-02
4.5298E-02
4.7738E-02
3.5642E-02
2.9558E-02
2.2721E-02
2.1354E-02
3.6263E-02
4.6440E-02
5.9714E-02
7.1841E-02
7.8239E-02
7.5735E-02
6.3887E-02
6.4215E-02
7.7477E-02
8.4005E-02
8.2571E-02
7.8667E-02
6.7586E-02
4.8312E-02
3.0207E-02
2.7403E-02
1.9692E-02
1.3646E-02
1.4963E-02
1.7715E-02
2.6533E-02
3.8402E-02
5.5674E-02
5.8159E-02
6.5175E-02
7.2006E-02
6.5789E-02
5.5025E-02
4.7445E-02
3.8201E-02
3.0964E-02
2.4082E-02
2.1314E-02
1.6909E-02
-1.9111E-03
-1.9470E-02
-2.7279E-02
-3.6036E-02
-3.1603E-02
-1.3349E-02
-1.6386E-03
2.8544E-03
1.2219E-02
1.9066E-02
1.6563E-02
9.6336E-05
-1.6454E-02
-2.5576E-02
-2.4876E-02
-1.9092E-02
-2.1368E-02
-3.0676E-02
-3.9745E-02
-4.9079E-02
-6.7354E-02
-7.3360E-02
-6.6170E-02
-5.8647E-02
-5.1198E-02
-4.1780E-02
-3.3607E-02
-2.3675E-02
-1.7375E-02
-1.2443E-02
-7.7102E-03
-4.3320E-03
-9.0931E-03
-1.7258E-02
-2.4227E-02
-3.1993E-02
-4.2722E-02
-5.9255E-02
-6.6512E-02
-6.1676E-02
-5.9900E-02
-6.6108E-02
-6.8999E-02
-6.0228E-02
-5.5035E-02
-5.1738E-02
-4.6304E-02
-3.3337E-02
-1.3629E-02
-7.3283E-04
1.4250E-03
5.6565E-04
-9.2666E-03
-2.5223E-02
-2.9051E-02
-3.5794E-02
-4.5550E-02
-4.9307E-02
-5.0059E-02
-5.0270E-02
-5.4448E-02
-6.1987E-02
-6.9817E-02
-7.4114E-02
-7.5349E-02
-7.9978E-02
-7.3183E-02
-6.0297E-02
-5.6816E-02
-4.8173E-02
-3.3848E-02
-2.4557E-02
-2.2017E-02
-1.3467E-02
-1.5874E-02
-2.8434E-02
-3.5664E-02
-4.2454E-02
-4.8538E-02
-5.9000E-02
-5.3950E-02
-3.8147E-02
-3.8312E-02
-4.0781E-02
-2.0361E-02
-6.6989E-03
-2.1454E-03
-6.8398E-04
2.3809E-03
9.1238E-03
8.0404E-03
9.3879E-03
1.6518E-02
2.3375E-02
2.6260E-02
3.0273E-02
2.4829E-02
8.5698E-03
1.2718E-03
-6.4269E-03
-2.1814E-02
-3.1278E-02
-2.6314E-02
-7.6632E-03
-8.0749E-03
-1.7343E-02
-1.0191E-02
3.4962E-03
1.6030E-02
2.0272E-02
1.8938E-02
1.5245E-02
3.8294E-03
-5.7756E-04
2.7913E-03
1.1357E-02
1.9339E-02
1.9654E-02
2.2232E-02
2.5229E-02
2.1993E-02
2.2157E-02
3.1857E-02
3.7547E-02
3.7940E-02
3.0959E-02
1.7684E-02
8.3987E-03
-1.6894E-03
-5.7259E-04
1.6482E-02
2.1149E-02
2.1467E-02
3.8571E-02
5.1734E-02
5.2009E-02
4.9559E-02
4.6061E-02
4.7062E-02
4.1378E-02
3.9584E-02
3.9548E-02
4.1614E-02
3.0088E-02
2.1425E-02
1.3813E-02
1.9089E-03
-4.6794E-03
1.5433E-03
1.4966E-02
1.9101E-02
1.5077E-02
5.7204E-03
-4.6348E-03
-1.5470E-02
-2.8569E-02
-3.5184E-02
-2.8061E-02
-2.2005E-02
-1.9479E-02
-1.7528E-02
-6.1195E-03
1.0996E-02
2.4239E-02
3.3730E-02
3.3478E-02
2.8924E-02
3.3739E-02
2.5553E-02
5.8470E-03
-2.9955E-03
-6.4409E-03
-1.0762E-02
-3.5464E-03
2.9289E-03
-6.1341E-03
-2.3344E-02
-3.0596E-02
-3.0913E-02
-2.9271E-02
-2.8050E-02
-1.2115E-02
7.3286E-03
9.6842E-03
-4.6867E-04
-1.2797E-02
-1.7733E-02
-1.5537E-02
-1.6750E-02
-2.4263E-02
-2.4238E-02
-2.9712E-02
-3.5948E-02
-3.1752E-02
-3.7948E-02
-3.8255E-02
-2.6482E-02
-3.3166E-02
-3.7924E-02
-3.2598E-02
-3.0481E-02
-2.1951E-02
-1.2304E-02
-1.8456E-02
-2.3090E-02
-1.4788E-02
-1.2058E-02
-1.4605E-02
-1.9521E-02
-1.7664E-02
-1.7831E-02
-2.1471E-02
-2.0002E-02
-1.7985E-02
-1.9183E-02
-1.1828E-02
-5.4235E-03
-4.6337E-03
-3.1614E-03
-2.6651E-03
1.4759E-03
3.0192E-03
9.6130E-03
1.2879E-02
1.5400E-02
1.7525E-02
1.8034E-02
1.3809E-02
1.5269E-02
2.3251E-02
3.2697E-02
3.8314E-02
4.5610E-02
5.5021E-02
4.7378E-02
3.3692E-02
3.4334E-02
3.5347E-02
3.1178E-02
3.7209E-02
3.7815E-02
2.8102E-02
1.2129E-02
1.7250E-02
2.1329E-02
1.3575E-02
8.6829E-03
1.3565E-02
1.6828E-02
5.7140E-03
-1.8287E-03
7.8137E-03
1.4947E-02
8.3483E-03
1.5996E-02
3.1855E-02
3.5481E-02
2.6894E-02
2.5975E-02
4.1133E-02
4.9224E-02
5.1287E-02
5.6098E-02
4.9813E-02
3.6785E-02
2.8554E-02
2.5310E-02
1.7198E-02
1.6236E-02
1.7036E-02
1.2598E-02
7.6957E-03
1.2422E-02
2.7584E-02
3.1463E-02
3.3324E-02
5.1155E-02
5.9083E-02
4.2523E-02
2.6715E-02
2.0739E-02
2.0401E-02
1.1161E-02
5.1198E-03
4.0229E-03
1.7985E-03
7.5337E-03
1.7003E-02
2.5442E-02
2.1457E-02
1.7132E-02
2.4968E-02
2.3375E-02
9.2520E-03
6.2985E-03
7.9918E-03
9.1519E-03
1.2928E-02
1.1648E-02
1.1635E-02
1.1504E-02
4.8646E-03
2.8997E-03
3.8072E-03
5.8952E-03
7.9099E-03
8.0709E-03
4.2168E-03
4.8424E-04
4.6511E-03
3.5240E-03
1.8159E-04
-2.6151E-03
-3.0627E-03
-9.8818E-04
5.8933E-03
1.1701E-02
5.9017E-03
-1.5183E-03
-9.0873E-03
-1.5539E-02
-1.1656E-02
-6.7208E-03
-1.2859E-02
-1.4405E-02
-1.2229E-02
-2.5335E-02
-2.5184E-02
-1.7537E-02
-2.0942E-02
-1.6170E-02
-1.4069E-02
-8.5006E-03
-3.6751E-04
2.1575E-03
4.2533E-03
7.3241E-03
-2.7462E-03
-9.8546E-03
-8.4739E-03
-1.3847E-02
-2.3584E-02
-2.9065E-02
-3.3965E-02
-3.7573E-02
-3.6117E-02
-3.9424E-02
-3.8563E-02
-2.5485E-02
-2.0281E-02
-2.2579E-02
-1.7441E-02
-1.3709E-02
-1.0533E-02
3.1515E-05
1.4032E-02
1.8844E-02
1.8139E-02
2.0060E-02
1.6192E-02
4.7289E-03
4.0095E-04
-4.7039E-03
-1.1178E-02
-1.8162E-02
-1.7604E-02
-1.1539E-02
-6.9007E-03
-3.2579E-03
-2.7929E-03
-7.7019E-04
1.4402E-03
-3.2323E-03
-6.3179E-03
9.0868E-04
9.5628E-03
9.0407E-03
-1.6158E-03
-1.7959E-02
-2.9925E-02
-3.4124E-02
-3.5804E-02
-3.3212E-02
-2.9038E-02
-2.2286E-02
-1.9788E-02
-1.1340E-02
-8.6929E-05
-4.8369E-03
-1.3912E-02
-1.3859E-02
-4.9819E-03
-7.2593E-03
-1.7722E-02
-2.0629E-02
-2.1949E-02
-3.2353E-02
-3.3639E-02
-2.2074E-02
-1.5816E-02
-1.2085E-02
-2.1542E-03
1.2703E-02
1.8502E-02
1.4189E-02
1.2693E-02
9.1602E-03
1.4117E-04
-9.7017E-03
-1.7969E-02
-1.2012E-02
-3.4620E-03
2.6350E-04
9.2359E-03
1.1695E-02
1.6303E-02
2.8806E-02
2.9030E-02
2.1727E-02
1.7593E-02
8.9912E-03
-2.1627E-03
-4.8063E-03
-1.7090E-03
1.9263E-03
4.7494E-03
1.3060E-02
1.6563E-02
1.7520E-02
1.9456E-02
1.4348E-02
1.8632E-02
2.7407E-02
2.2610E-02
2.0383E-02
2.3902E-02
1.9268E-02
7.0797E-03
2.9696E-04
7.8349E-03
2.0682E-02
1.8410E-02
1.1628E-02
1.8270E-02
2.6401E-02
2.3881E-02
1.5193E-02
1.2264E-02
8.4641E-03
1.1820E-02
1.8447E-02
1.9404E-02
2.5085E-02
3.1382E-02
2.8365E-02
2.0701E-02
7.1984E-03
-7.6404E-03
-7.3743E-03
-4.0223E-03
-7.7711E-03
-6.7845E-03
-1.0180E-02
-8.7509E-03
7.1761E-03
6.2374E-03
3.8328E-03
6.5237E-03
5.7735E-03
5.9512E-03
6.1853E-03
-3.4308E-04
-4.6188E-03
2.1374E-03
-2.9504E-03
-8.3726E-03
-6.4362E-03
-7.3448E-03
-1.0650E-02
-1.0855E-02
-3.9325E-03
5.7905E-04
-3.8586E-05
8.2337E-04
1.2926E-03
-1.8672E-03
-7.7590E-03
-7.7656E-03
-8.0115E-03
-1.3959E-02
-1.6062E-02
-3.5294E-03
7.0572E-03
5.9217E-03
2.6455E-03
-6.1557E-03
-1.0279E-02
-9.8554E-03
-1.4962E-02
-2.0520E-02
-2.6812E-02
-2.6471E-02
-2.3196E-02
-1.5581E-02
-9.7348E-03
-9.2714E-03
3.9782E-03
1.9441E-02
2.5889E-02
2.7076E-02
2.3493E-02
9.7175E-03
-7.3609E-03
-1.3490E-02
-1.5785E-02
-3.0600E-02
-3.2781E-02
-2.8394E-02
-3.2242E-02
-2.4302E-02
-2.4400E-03
1.7483E-02
3.0977E-02
3.4311E-02
3.0221E-02
1.9538E-02
1.3162E-02
8.2377E-03
2.9105E-03
2.2716E-03
-3.0568E-03
-1.2865E-02
-1.1966E-02
-1.9051E-02
-3.9352E-02
-4.9514E-02
-4.5871E-02
-2.7728E-02
-2.2713E-02
-2.8259E-02
-2.4218E-02
-1.3601E-02
-1.0478E-02
-1.2549E-02
-1.5126E-02
-1.6346E-02
-2.7878E-02
-3.9327E-02
-3.5934E-02
-2.8918E-02
-3.0080E-02
-3.2668E-02
-2.2737E-02
-1.2898E-02
-4.5398E-03
5.5921E-03
1.0183E-02
1.1999E-02
6.0956E-03
4.3636E-03
6.9050E-03
8.5593E-03
-2.8074E-04
-1.9095E-02
-2.5321E-02
-2.0870E-02
-2.4879E-02
-3.3277E-02
-3.5677E-02
-3.2058E-02
-3.1963E-02
-2.9013E-02
-2.2095E-02
-1.8909E-02
-7.3429E-03
-7.9706E-04
4.1249E-03
8.6613E-03
1.4582E-03
1.9000E-03
7.8038E-03
9.4950E-03
1.0947E-02
1.4604E-02
1.5732E-02
1.4693E-02
1.6502E-02
1.4473E-02
3.6324E-03
2.8240E-03
1.4850E-02
1.9149E-02
1.9993E-02
3.1883E-02
4.1615E-02
4.4448E-02
5.2609E-02
4.7015E-02
3.0023E-02
2.5415E-02
1.9802E-02
3.3354E-03
-1.4652E-02
-2.0328E-02
-3.0704E-02
-4.9147E-02
-5.3231E-02
-5.5622E-02
-5.3391E-02
-4.7127E-02
-3.9692E-02
-1.8185E-02
-9.3997E-03
-2.0685E-02
-1.6945E-02
-6.9104E-03
1.1119E-03
1.2412E-02
2.0479E-02
2.7333E-02
2.4067E-02
8.8755E-03
5.1782E-04
-1.6180E-02
-2.6298E-02
-2.1421E-02
-1.0931E-02
-5.0600E-03
4.5082E-03
1.6922E-02
1.3922E-02
1.5571E-02
1.7527E-02
6.1239E-03
8.3767E-03
1.4287E-02
1.5271E-02
9.4887E-03
7.3148E-04
9.6151E-03
1.2752E-02
9.4062E-03
3.8714E-04
-4.1170E-03
-2.7748E-03
-6.9000E-03
-5.1761E-04
9.7829E-03
-2.4307E-03
-1.3354E-02
-4.4165E-03
-5.1077E-03
-1.3458E-02
-2.4763E-03
5.5752E-03
3.1279E-03
1.4126E-02
2.3469E-02
3.1456E-02
4.4644E-02
3.3286E-02
1.6744E-02
3.0182E-02
3.8858E-02
2.9822E-02
2.2528E-02
2.1786E-02
2.2783E-02
1.2582E-02
1.9825E-03
-2.5886E-03
4.7801E-03
8.4331E-03
8.1142E-03
1.5544E-02
2.1161E-02
2.0984E-02
2.9221E-02
2.9007E-02
1.9367E-02
1.8653E-02
1.9018E-02
4.3421E-03
2.3976E-03
1.0015E-02
5.1698E-03
-7.0252E-03
-1.7986E-02
-1.7651E-02
-7.4012E-03
-1.4372E-02
-2.2673E-02
-1.4717E-02
-7.8697E-03
1.6559E-03
8.5550E-03
1.0225E-02
1.5370E-02
1.5257E-02
1.9646E-03
-6.6062E-03
-5.1155E-03
1.1795E-03
-5.7419E-04
5.3469E-05
1.3634E-02
1.4305E-02
-5.9355E-04
-1.0806E-02
-1.2585E-02
-8.4871E-03
-1.0953E-02
-1.6218E-02
-1.5027E-02
-1.1377E-02
-1.7627E-03
6.3124E-03
1.2286E-02
1.3625E-02
1.1895E-02
2.4983E-02
2.8070E-02
1.2425E-02
8.6487E-03
2.4610E-03
-9.1492E-03
-1.8460E-02
-3.4646E-02
-4.4075E-02
-4.6187E-02
-4.6862E-02
-4.1474E-02
-3.2417E-02
-2.6373E-02
-1.1770E-02
-2.1361E-04
-8.9384E-04
-7.2632E-03
-2.9484E-03
-3.8641E-03
-9.8262E-03
-9.4684E-03
-2.5100E-03
-3.6540E-03
-1.8683E-02
-2.0898E-02
-7.7078E-03
-2.4293E-03
-1.0871E-02
-8.7941E-03
-2.4652E-03
3.9731E-03
1.2827E-02
5.3447E-03
-8.6223E-04
-6.4647E-03
-2.3220E-02
-2.5712E-02
-2.0379E-02
-1.7665E-02
-1.9090E-02
-1.6986E-02
-1.0528E-02
-1.3806E-02
-1.9364E-02
-2.3764E-02
-2.6917E-02
-2.7852E-02
-2.3065E-02
-1.1583E-02
-1.1037E-02
-1.0067E-02
-3.8210E-03
-1.7005E-03
1.9901E-03
-3.8335E-03
-1.5775E-02
-8.5834E-03
2.9993E-03
9.6620E-03
1.9736E-02
1.8854E-02
1.9689E-02
2.7940E-02
2.1762E-02
1.1394E-02
1.2265E-02
1.1857E-02
1.2066E-02
7.3862E-03
1.7462E-04
5.9020E-04
-3.8730E-03
-1.0532E-02
-8.3014E-03
7.2786E-03
8.5891E-03
1.4985E-03
1.1710E-02
7.2066E-03
-5.6079E-03
-5.6327E-03
3.4449E-03
1.2586E-02
7.9150E-03
-4.6374E-04
-9.1488E-04
8.2753E-03
1.0809E-02
-2.5015E-03
-1.5150E-02
-2.0707E-02
-1.4083E-02
-9.2910E-03
-8.6573E-03
-1.6943E-02
-2.4977E-02
-1.4766E-02
-1.3700E-02
-2.1436E-02
-1.1607E-02
-2.8561E-04
3.0685E-03
7.8506E-03
6.8391E-03
-5.0966E-03
-7.0407E-03
-7.7295E-03
-1.8337E-02
-1.6621E-02
-1.0074E-02
-6.4564E-03
-1.4568E-03
-2.7002E-03
-1.8860E-03
-1.1796E-03
-1.5427E-02
-2.6596E-02
-2.5417E-02
-1.4463E-02
-6.7369E-03
-2.2604E-02
-3.4426E-02
-2.7327E-02
-2.5153E-02
-2.4154E-02
-1.0735E-02
-8.3076E-03
-1.0359E-03
1.0200E-02
5.7171E-03
5.2426E-03
-1.8381E-03
-1.1790E-02
-1.9210E-02
-2.0991E-02
-9.8873E-03
1.4880E-03
3.1654E-03
2.3336E-03
1.0624E-02
1.5726E-02
6.3552E-03
3.1290E-03
3.5764E-03
-9.8540E-03
-1.3923E-02
-1.1500E-02
-6.9804E-03
-1.4178E-03
-2.6449E-03
7.9825E-03
1.7355E-02
1.8812E-02
5.4831E-03
2.2676E-03
4.7304E-03
1.2098E-02
2.7159E-02
3.7708E-02
3.1739E-02
1.5698E-02
6.1009E-03
1.7735E-03
7.5326E-04
-6.3793E-03
-2.6198E-02
-4.5462E-02
-4.8047E-02
-4.3222E-02
-5.0224E-02
-5.9253E-02
-5.1951E-02
-3.0691E-02
-8.0579E-03
-1.3183E-03
7.5248E-03
2.9029E-02
3.0808E-02
8.6724E-03
-2.6738E-03
6.7473E-04
-3.3299E-03
-1.2418E-02
-8.4266E-03
-1.2167E-02
-2.5548E-02
-1.9247E-02
5.4763E-03
1.6988E-02
9.1385E-03
2.4498E-03
1.8163E-02
2.9422E-02
2.7788E-02
3.4285E-02
3.9303E-02
2.6366E-02
1.0631E-02
3.9528E-03
1.4932E-03
2.3181E-03
7.1071E-03
4.4488E-03
-3.7671E-03
-4.7737E-03
-2.2670E-03
9.6733E-03
2.0059E-02
1.3916E-02
9.3934E-03
1.8201E-02
1.3157E-02
3.4052E-03
1.6285E-03
8.7809E-03
1.8781E-02
2.0944E-02
1.8666E-02
2.2235E-02
3.8487E-02
3.8028E-02
1.4503E-02
-5.0394E-03
-1.5878E-02
-1.9804E-02
-2.0770E-02
-1.1564E-02
3.0282E-03
8.0960E-03
1.3619E-02
1.4417E-02
7.7964E-03
4.0285E-03
1.4539E-02
2.2482E-02
2.8368E-02
3.3047E-02
2.7092E-02
2.9693E-02
2.8606E-02
1.8115E-02
1.4065E-02
7.3606E-03
7.1740E-04
8.0437E-03
1.7776E-02
1.7491E-02
6.9444E-03
-5.6058E-05
1.3499E-02
2.7060E-02
3.3175E-02
3.4587E-02
2.6589E-02
1.5043E-02
-1.8395E-03
-1.7391E-02
-2.5577E-02
-1.8904E-02
-8.5732E-03
-7.1830E-03
-4.1205E-03
4.6383E-03
9.3482E-03
5.0128E-03
-7.4755E-03
-2.2328E-02
-3.1264E-02
-1.8402E-02
-6.3386E-03
-3.0396E-03
2.2390E-03
1.0506E-02
1.1032E-02
1.0915E-02
1.7784E-02
2.2920E-02
2.3678E-02
9.3287E-03
-5.1569E-03
-7.2256E-03
-7.9915E-03
-5.5156E-03
8.7685E-04
6.2262E-03
8.8487E-03
7.0891E-03
1.0586E-02
2.2089E-02
3.3860E-02
3.7223E-02
3.5340E-02
3.5933E-02
3.0008E-02
9.8656E-03
3.4843E-04
-4.2620E-03
1.5594E-04
5.5377E-03
5.2116E-03
1.6065E-03
-1.7271E-03
5.3522E-04
7.8780E-03
7.7830E-03
3.6062E-04
-5.3309E-03
-1.4792E-02
-1.5622E-02
-5.0103E-04
5.5336E-03
-2.3601E-03
-3.9052E-03
-7.4988E-03
-1.9248E-02
-3.5088E-02
-3.6460E-02
-2.8310E-02
-2.2946E-02
-1.7154E-02
-7.1545E-03
-9.6086E-03
-2.2129E-02
-1.0554E-02
7.3584E-03
1.0747E-02
1.4755E-02
2.1953E-02
1.1443E-02
-4.4613E-03
-3.6346E-03
-9.9779E-04
3.6963E-04
1.7287E-04
-3.3021E-03
8.8058E-03
1.7002E-02
1.2284E-02
1.6958E-02
2.6514E-02
2.6269E-02
1.0076E-02
-7.2992E-04
2.4240E-03
-1.6462E-03
-5.2313E-03
2.3653E-03
8.7624E-03
2.1085E-03
5.0854E-04
3.2565E-03
-4.3321E-03
-2.8061E-03
4.8211E-03
1.3251E-02
1.6732E-02
1.6424E-02
1.0162E-02
2.8033E-03
6.4466E-04
-3.6299E-03
-1.5222E-02
-1.7140E-02
-3.2352E-03
1.9364E-03
-4.6453E-03
-1.2450E-02
-1.4083E-02
1.0932E-02
3.8219E-02
4.8050E-02
4.8753E-02
3.6805E-02
2.5788E-02
1.9678E-02
1.1084E-02
2.0182E-03
1.2498E-03
-4.0066E-03
-1.3809E-02
-1.2338E-02
-1.7021E-03
7.5106E-03
1.2836E-02
6.2057E-03
2.9002E-03
-4.2205E-03
-8.3350E-03
9.5704E-03
1.8200E-02
1.2939E-02
5.1811E-03
-3.3696E-03
-5.6757E-03
-2.1004E-04
7.0346E-03
1.0762E-02
8.7025E-03
9.3057E-03
1.0016E-02
6.0960E-03
5.7610E-04
8.3143E-03
1.3583E-02
7.5645E-03
3.1357E-03
-3.4499E-03
-5.3029E-03
-8.5160E-04
9.3166E-03
1.8547E-02
2.2673E-02
2.2613E-02
2.1393E-02
1.9792E-02
9.3886E-03
-2.2793E-03
1.7131E-04
1.3444E-02
1.3822E-02
7.2815E-03
4.9005E-03
1.9111E-03
4.7353E-03
7.6301E-03
2.8936E-03
8.6661E-04
-8.6959E-04
-8.6416E-03
-1.4150E-02
-1.8929E-02
-2.1704E-02
-1.9094E-02
-1.5482E-02
-1.1260E-02
-1.5741E-02
-2.4023E-02
-1.7819E-02
2.0527E-06
1.8925E-02
2.4347E-02
1.3544E-02
3.2264E-03
2.6542E-03
1.8961E-03
-1.6776E-02
-3.9175E-02
-4.4163E-02
-3.7227E-02
-3.3589E-02
-3.2798E-02
-2.2578E-02
-8.4649E-03
3.1248E-03
1.4976E-03
9.1972E-03
1.8458E-02
1.3480E-02
1.3372E-02
6.9433E-03
4.4075E-03
-2.7745E-03
-1.8087E-02
-1.8779E-02
-1.7375E-02
-2.0142E-02
-1.4786E-02
-8.0280E-03
-1.7362E-02
-1.8414E-02
6.2161E-04
2.6080E-03
-1.6477E-03
2.8812E-04
-1.8033E-03
-8.4254E-03
-1.4628E-02
-3.7733E-03
-2.4081E-03
-1.0266E-02
-1.0512E-02
-1.5171E-02
-1.9429E-02
-2.6443E-02
-2.6069E-02
-1.9635E-02
-2.9060E-02
-2.7398E-02
-1.1654E-02
-2.9748E-03
2.5220E-03
9.2602E-03
1.3021E-02
7.4113E-03
-8.5795E-03
-5.1734E-03
1.3086E-02
1.7196E-02
1.1318E-02
6.7210E-03
3.3545E-03
-6.9759E-03
-1.7078E-02
-2.1294E-02
-2.2677E-02
-1.7265E-02
-1.0045E-02
-1.0453E-03
1.4351E-02
2.5363E-02
3.1971E-02
4.0043E-02
3.9824E-02
3.6835E-02
4.2031E-02
3.4440E-02
2.1435E-02
2.2306E-02
1.6271E-02
-3.5643E-03
-1.4492E-02
-2.3251E-02
-3.2413E-02
-2.4744E-02
-1.9771E-02
-2.1000E-02
-1.9501E-02
-1.2671E-02
-6.2650E-03
-1.2786E-03
1.6365E-04
-4.2397E-03
2.6436E-03
4.2743E-03
1.6539E-03
3.7683E-04
3.2877E-04
-5.2150E-04
-3.7987E-03
-8.2485E-03
6.9267E-03
1.9507E-02
1.4991E-02
1.3281E-02
3.7221E-03
-8.5302E-03
-9.3082E-03
-7.1736E-03
-7.6353E-03
-6.3295E-03
-3.9834E-03
2.9789E-03
1.1468E-02
2.4621E-02
3.5624E-02
2.8643E-02
1.1981E-02
4.1050E-05
-1.5951E-02
-2.8538E-02
-3.4366E-02
-4.0209E-02
-3.4364E-02
-2.7876E-02
-2.3038E-02
-1.1134E-02
-1.6527E-03
1.1095E-02
2.0798E-02
2.9273E-02
2.8412E-02
1.9151E-02
1.3316E-02
3.8448E-03
-6.9968E-03
-1.9552E-02
-2.9395E-02
-2.8883E-02
-2.4016E-02
-1.9716E-02
-1.1981E-02
-5.5061E-03
-1.9001E-03
-6.4818E-03
-1.2758E-02
-1.5962E-02
-2.5129E-02
-2.4837E-02
-1.0293E-02
-7.5816E-04
7.4745E-03
1.4137E-02
1.7270E-02
1.8848E-02
1.6145E-02
1.1916E-02
1.7587E-02
2.1820E-02
2.0453E-02
1.7498E-02
9.7763E-03
-1.1721E-02
-3.1692E-02
-3.5003E-02
-3.4202E-02
-3.9564E-02
-4.1034E-02
-2.6164E-02
-1.9611E-02
-1.4263E-02
-6.2191E-03
-3.8467E-03
1.4149E-03
2.0777E-03
4.4716E-03
9.2803E-03
3.9835E-03
-2.0195E-03
-1.9202E-03
1.8339E-03
-6.9525E-04
-4.4974E-03
-4.4979E-03
-2.4312E-03
7.0675E-03
1.9407E-02
2.2510E-02
1.0753E-02
-1.0490E-02
-2.5645E-02
-2.8059E-02
-2.2229E-02
-2.0134E-02
-2.2394E-02
-2.1328E-02
-1.8088E-02
-1.7570E-02
-2.1659E-02
-1.9119E-02
-8.2076E-03
-4.5857E-03
-7.2917E-03
-9.8187E-03
-9.5885E-03
-1.0078E-02
-1.3285E-02
-1.4224E-02
-9.1018E-03
3.8734E-03
6.8121E-03
2.9091E-03
-1.0628E-03
-6.9102E-04
4.4360E-03
2.7539E-03
-5.2402E-03
-6.6437E-03
-6.0847E-03
-1.5118E-02
-1.1010E-02
-4.3568E-03
-6.0334E-03
-9.9820E-03
-7.2943E-03
9.2756E-03
1.9571E-02
1.9084E-02
2.1414E-02
1.9295E-02
1.6693E-02
1.8949E-02
2.0746E-02
1.2070E-02
-4.3103E-05
-1.0395E-03
4.1343E-03
5.4172E-03
-1.0541E-03
-4.3865E-03
9.0754E-04
-1.4885E-03
-1.1303E-02
-9.3134E-03
-2.3280E-03
7.2822E-03
1.6935E-02
2.4529E-02
2.9605E-02
2.9282E-02
2.7976E-02
2.1786E-02
1.3313E-02
1.3105E-02
1.5917E-02
9.6509E-03
1.0043E-03
8.5787E-03
1.6279E-02
3.5334E-03
-8.6196E-03
-8.7963E-03
-2.5964E-03
-1.1963E-03
-5.2773E-03
4.4275E-04
9.6347E-03
2.3639E-03
-4.1848E-03
-6.7502E-04
-8.8692E-04
1.1390E-05
-6.6727E-03
-1.5146E-02
-2.3779E-02
-2.4306E-02
-1.4581E-02
-1.0053E-02
-4.5030E-03
-2.3395E-03
-4.2318E-03
-1.7293E-03
-3.5414E-03
-8.7804E-03
-1.6194E-02
-1.8518E-02
-2.2082E-02
-2.3534E-02
-2.3193E-02
-1.8738E-02
-9.7831E-03
-7.7058E-04
5.5602E-03
2.2048E-03
-1.3071E-03
2.6230E-03
4.6021E-03
5.5448E-03
7.2503E-03
9.3216E-03
8.9486E-03
5.0190E-03
6.4556E-03
3.1873E-03
3.5532E-03
1.0629E-02
8.4395E-03
7.6522E-03
9.1055E-03
3.1006E-03
-2.8031E-03
-2.3160E-03
-1.4629E-03
-3.8813E-03
-9.9660E-04
2.4279E-03
2.7598E-03
5.9776E-03
4.5304E-03
-1.0792E-03
-4.2065E-03
-4.7505E-03
1.9335E-03
6.8647E-03
9.6219E-03
9.2049E-03
9.7676E-03
1.0602E-02
2.3375E-03
6.9087E-05
1.1503E-02
1.4406E-02
1.5214E-02
1.8276E-02
2.2727E-02
1.8716E-02
1.7144E-03
-3.8126E-03
-5.4579E-03
-1.5402E-02
-2.2469E-02
-2.1324E-02
-1.1530E-02
-4.5895E-04
1.0170E-02
8.3895E-03
-3.9552E-03
-1.0507E-02
-1.4284E-02
-6.7528E-03
-1.7740E-03
-6.1979E-03
-5.3839E-03
-4.4317E-03
-1.7967E-03
2.1960E-03
1.4949E-03
-8.0951E-04
-3.7090E-03
-1.0329E-02
-1.2598E-02
-3.0462E-03
5.2756E-03
7.8802E-03
1.0372E-02
8.4306E-03
2.3673E-03
1.2208E-03
8.3197E-03
1.2313E-02
1.2570E-02
2.0631E-02
2.3391E-02
1.4459E-02
3.7924E-03
3.0238E-03
1.0081E-02