7.0010E+03
1.0000E-02
-5.0210E-07
-4.8722E-08
1.9146E-07
1.8355E-07
1.1668E-07
1.2410E-07
1.5107E-07
8.9085E-08
-4.1181E-08
-1.0412E-07
-2.7137E-08
1.0023E-07
1.3378E-07
4.7273E-08
-4.5888E-08
-3.7936E-08
4.9639E-08
1.0889E-07
8.2550E-08
1.8354E-08
-1.1799E-08
-5.8974E-09
-1.7360E-08
-6.5656E-08
-1.0128E-07
-7.1132E-08
7.3162E-09
6.3020E-08
5.6134E-08
2.0286E-08
1.2732E-08
4.1704E-08
6.2172E-08
3.7227E-08
-1.7569E-08
-5.7308E-08
-5.9300E-08
-3.7814E-08
-1.5369E-08
1.5591E-09
1.4447E-08
1.7319E-08
4.7088E-09
-1.0699E-08
-5.8143E-09
2.1806E-08
4.2411E-08
2.5156E-08
-2.3115E-08
-6.1810E-08
-6.0573E-08
-2.8988E-08
2.1388E-09
1.8397E-08
2.8274E-08
3.6643E-08
3.0682E-08
2.2802E-09
-2.7588E-08
-2.5965E-08
8.3917E-09
3.5096E-08
1.8142E-08
-2.6102E-08
-4.3640E-08
-7.8477E-09
4.5424E-08
5.9051E-08
2.2735E-08
-1.7131E-08
-1.7397E-08
9.2811E-09
1.5813E-08
-1.3972E-08
-4.2195E-08
-2.6930E-08
2.0122E-08
4.4066E-08
1.4211E-08
-3.6203E-08
-4.8066E-08
-5.4315E-09
4.7317E-08
5.7885E-08
2.2429E-08
-1.7848E-08
-2.7378E-08
-1.0360E-08
5.4377E-09
4.8030E-09
-4.4327E-09
-1.0148E-08
-1.1363E-08
-1.1745E-08
-8.5321E-09
2.5651E-09
1.4704E-08
1.2741E-08
-7.6566E-09
-3.0700E-08
-3.6272E-08
-2.2249E-08
-3.9089E-09
8.0283E-09
1.9841E-08
4.0132E-08
5.9034E-08
5.3626E-08
1.6520E-08
-2.9068E-08
-5.0955E-08
-4.2364E-08
-2.6528E-08
-2.5243E-08
-3.1055E-08
-1.8709E-08
1.7921E-08
5.1264E-08
4.8731E-08
1.1888E-08
-2.1727E-08
-1.8539E-08
1.4545E-08
3.8551E-08
2.5816E-08
-1.1040E-08
-3.5401E-08
-2.7745E-08
-4.7074E-09
3.3575E-09
-1.1506E-08
-2.6404E-08
-1.5625E-08
1.7761E-08
4.2990E-08
3.4531E-08
-2.5454E-10
-2.9333E-08
-3.0729E-08
-1.3856E-08
-3.5386E-09
-7.4660E-09
-7.7073E-09
1.2339E-08
3.9734E-08
4.1425E-08
4.9331E-09
-3.9227E-08
-4.5813E-08
-6.0990E-09
3.8724E-08
4.1586E-08
2.2771E-09
-3.3309E-08
-2.7548E-08
5.8477E-09
2.1706E-08
6.9873E-10
-2.7121E-08
-2.1550E-08
1.5182E-08
3.9348E-08
1.9149E-08
-2.5202E-08
-4.4671E-08
-1.8578E-08
2.3890E-08
4.1029E-08
2.5689E-08
5.4892E-09
2.1427E-09
5.9162E-09
-4.1382E-09
-2.6135E-08
-3.5254E-08
-1.7425E-08
1.0095E-08
1.9428E-08
6.7479E-09
-4.6404E-09
4.2963E-09
2.4601E-08
3.3029E-08
2.2178E-08
6.1836E-09
-2.5039E-09
-9.8988E-09
-0.0000E+00
-1.4242E-05
-2.5079E-05
-5.7510E-06
3.2545E-05
3.1093E-05
-4.0806E-05
-1.1567E-04
-8.1594E-05
7.7532E-05
2.3110E-04
2.2851E-04
6.5682E-05
-1.0806E-04
-1.5132E-04
-6.5199E-05
4.2454E-05
8.7621E-05
6.5137E-05
2.7027E-07
-9.1071E-05
-1.7429E-04
-1.8373E-04
-9.1160E-05
2.8809E-05
6.5448E-05
1.4374E-05
-2.7822E-06
1.0515E-04
2.6580E-04
3.2158E-04
2.4006E-04
1.5445E-04
1.6841E-04
1.9291E-04
4.9666E-05
-2.7848E-04
-5.9173E-04
-6.8867E-04
-5.4070E-04
-2.1540E-04
2.7321E-04
8.9090E-04
1.3459E-03
1.1879E-03
3.1514E-04
-7.3682E-04
-1.1715E-03
-7.6423E-04
-9.7933E-05
1.5594E-04
1.2904E-05
8.0335E-06
3.6093E-04
5.8940E-04
2.3732E-04
-3.5065E-04
-3.7628E-04
3.1169E-04
7.7118E-04
3.2527E-05
-1.5006E-03
-2.2421E-03
-1.2531E-03
6.0857E-04
1.4559E-03
7.6348E-04
-4.8095E-05
5.4882E-05
7.2659E-04
6.0352E-04
-5.1067E-04
-1.0117E-03
1.0277E-04
1.8992E-03
2.3106E-03
5.1416E-04
-1.8885E-03
-2.4929E-03
-8.8794E-04
9.1085E-04
1.3143E-03
9.1070E-04
8.0556E-04
5.7585E-04
-9.6237E-04
-3.5060E-03
-4.5454E-03
-1.9662E-03
3.1207E-03
6.0747E-03
3.8627E-03
-8.3722E-04
-3.5650E-03
-1.9789E-03
1.6402E-03
2.9015E-03
8.7002E-04
-1.5343E-03
-2.2040E-03
-1.4585E-03
-1.2226E-03
-2.1883E-03
-2.1205E-03
8.2375E-04
4.2889E-03
4.2644E-03
1.2131E-04
-4.4019E-03
-5.7046E-03
-4.2027E-03
-1.1425E-03
1.5273E-03
2.8552E-03
4.1753E-03
4.6639E-03
2.6413E-03
-8.1286E-04
-2.7905E-03
-1.7289E-03
-9.0096E-04
-1.4238E-03
-1.6947E-03
-1.0118E-03
9.8388E-04
2.8454E-03
1.8148E-03
-3.4609E-04
-9.1786E-04
-2.9007E-04
1.5888E-03
1.2824E-03
-1.4416E-04
-1.1938E-03
-1.3836E-03
-1.3522E-03
-3.2154E-03
-6.7407E-03
-7.2947E-03
-1.7294E-03
6.1401E-03
1.2736E-02
1.4262E-02
8.0124E-03
-2.6615E-03
-8.3708E-03
-6.4414E-03
1.0328E-03
6.8982E-03
4.5234E-03
-2.0252E-03
-8.8677E-03
-7.5195E-03
2.5624E-03
1.0438E-02
8.9180E-03
-1.6159E-03
-1.0981E-02
-1.1156E-02
-5.8752E-03
-3.6243E-03
-5.9186E-03
-7.8675E-03
-2.2971E-03
6.7966E-03
9.4499E-03
3.4909E-03
-5.1543E-03
-5.0475E-03
7.1984E-03
1.8894E-02
1.2596E-02
-5.7211E-03
-1.5092E-02
-8.9777E-03
5.6393E-03
1.3115E-02
6.3752E-03
-2.3599E-03
-2.1340E-03
1.4925E-03
7.7543E-04
-6.5256E-03
-1.0886E-02
-2.0907E-03
1.4544E-02
2.2084E-02
6.5195E-03
-1.7691E-02
-2.5500E-02
-1.4303E-02
5.3448E-03
1.3264E-02
3.7680E-03
-1.0114E-02
-8.3795E-03
8.7502E-03
1.9753E-02
1.4069E-02
-7.9653E-03
-2.6368E-02
-2.4933E-02
-1.8213E-03
3.1200E-02
4.7414E-02
4.0387E-02
1.7117E-02
-7.4216E-03
-1.8696E-02
-1.6429E-02
-2.3227E-03
4.0178E-03
3.9254E-04
-4.0286E-03
-1.5748E-02
-3.1389E-02
-2.9661E-02
-1.0916E-02
9.6802E-03
2.2451E-02
1.6300E-02
-3.6626E-03
-1.8777E-02
-1.4457E-02
2.9194E-03
2.4419E-02
3.6005E-02
3.0261E-02
4.6679E-03
-1.4837E-02
-9.2144E-03
7.5348E-03
1.3745E-02
8.0486E-03
5.2891E-03
-4.7582E-03
-5.1185E-03
-1.8868E-02
-4.8655E-02
-6.2496E-02
-4.3493E-02
-9.5711E-03
2.4867E-02
3.5031E-02
2.0037E-02
2.2956E-02
3.5152E-02
4.7874E-02
4.2138E-02
1.4475E-02
-1.1392E-02
-6.8733E-03
-7.6370E-03
-5.9499E-03
1.4049E-03
-2.3370E-02
-3.9619E-02
-4.0267E-02
-3.1023E-02
1.7732E-02
3.4969E-02
1.5519E-02
-1.5374E-02
-2.6974E-02
3.0691E-02
5.0685E-02
4.9489E-03
-4.8049E-02
-8.0700E-02
-6.5614E-02
-4.9304E-02
-2.6343E-02
3.6150E-03
2.6711E-02
4.8476E-02
5.4905E-02
3.3455E-02
4.9355E-03
8.5697E-03
3.2327E-02
3.1979E-02
3.3668E-02
2.1286E-02
-2.6081E-02
-4.2677E-02
-3.3799E-02
3.8638E-03
1.5191E-02
-7.1604E-02
-7.8025E-02
1.5018E-02
7.1119E-02
7.7250E-02
3.8679E-02
-1.7526E-02
-1.6071E-02
1.0801E-03
-5.8774E-02
-8.5391E-02
-6.9505E-02
-2.6790E-03
4.4771E-02
6.7687E-02
3.5756E-02
-2.0435E-02
-6.1285E-02
-9.2164E-02
-5.2066E-02
6.1046E-03
5.2614E-02
7.5233E-02
-5.1709E-03
-5.4491E-02
-1.5458E-02
-1.5213E-02
3.9076E-03
4.6702E-02
6.2201E-02
6.0205E-02
2.8194E-02
1.4169E-02
5.3610E-02
-3.4208E-03
-1.0822E-01
-1.2026E-01
-6.8854E-02
-5.8844E-02
8.4260E-03
1.0920E-01
1.8693E-02
-2.7432E-02
7.8202E-02
1.1967E-01
1.1376E-01
1.0577E-01
1.3240E-01
8.5075E-02
-3.3014E-02
-8.6673E-02
-8.5214E-02
-1.0441E-01
-7.3906E-02
-7.2947E-03
-1.8171E-02
2.6199E-04
7.0226E-02
9.7927E-02
9.5698E-02
6.2730E-02
2.5222E-02
5.0760E-02
2.0405E-02
-5.4869E-02
-9.6560E-02
-4.3139E-02
4.0872E-02
1.1097E-01
1.4623E-01
7.0308E-02
-3.9603E-02
-1.7554E-02
6.3993E-02
5.5412E-02
1.9862E-02
-1.5414E-02
-7.7881E-02
-5.4135E-02
3.0317E-02
-2.2976E-02
-7.3341E-02
1.6449E-02
9.2550E-02
2.9608E-02
2.7834E-02
9.1732E-02
1.3438E-01
1.0486E-01
7.6610E-02
6.2722E-02
8.8399E-03
-7.8500E-02
-1.1829E-01
-8.8001E-02
-7.8599E-02
6.1599E-04
1.2743E-01
1.2021E-01
3.8325E-03
-4.1905E-02
-4.4377E-02
-3.3292E-02
2.2706E-03
1.2311E-02
-9.5739E-05
4.0976E-02
8.4931E-02
7.3130E-02
3.5975E-02
-8.1855E-02
-1.2543E-01
-1.0869E-01
-3.6207E-02
9.6084E-02
1.3152E-01
1.6073E-01
1.4948E-01
4.6338E-02
-1.1408E-02
-3.7980E-02
-1.2383E-01
-1.4501E-01
-8.4988E-02
1.8400E-02
6.3998E-02
1.0689E-01
1.5929E-01
2.1842E-01
2.4596E-01
1.4001E-01
4.2084E-02
-1.1551E-01
-2.6527E-01
-1.5175E-01
-9.8960E-02
-1.1254E-01
-8.5674E-02
-1.1788E-02
1.8143E-01
2.6763E-01
1.0516E-01
9.0661E-02
1.3124E-01
-4.3564E-03
-1.9152E-02
-1.3317E-01
-2.5691E-01
-2.9828E-01
-2.4600E-01
-2.1124E-01
-1.3882E-01
1.0600E-01
9.0175E-02
6.5714E-02
-1.3022E-02
-9.2057E-02
-9.0930E-02
-1.1963E-01
-1.8953E-01
-2.2284E-01
-1.0301E-01
2.1100E-02
5.3250E-02
1.5707E-02
9.4305E-03
1.3464E-01
1.3129E-01
-3.0825E-02
-9.6995E-02
-4.9589E-02
3.9141E-02
9.1770E-02
1.4757E-01
1.8652E-01
2.0881E-01
1.7703E-01
7.7640E-02
7.9747E-02
2.2056E-01
1.9294E-01
1.2347E-01
2.5579E-02
1.1769E-01
1.9976E-01
1.7947E-01
1.7684E-01
7.7237E-02
-2.0012E-01
-3.4709E-01
-4.4804E-01
-2.7928E-01
-1.9405E-01
-1.9131E-01
-4.2053E-02
-1.4332E-01
-1.5989E-01
-6.1838E-02
1.8962E-01
1.5534E-01
2.6430E-02
1.1511E-01
4.1132E-01
2.7186E-01
1.7966E-01
-1.6444E-01
-1.9552E-01
6.1115E-02
-1.2889E-01
-1.4604E-01
-9.1418E-02
1.4013E-01
2.1949E-01
3.4252E-01
1.0907E-01
-2.4996E-01
-8.5418E-02
6.7103E-02
6.0998E-02
1.8900E-02
1.2482E-01
1.9534E-01
1.3213E-01
1.0986E-01
-4.4173E-02
-2.2287E-01
1.2934E-01
2.4612E-01
1.8529E-01
1.4684E-01
3.5401E-01
1.8698E-01
1.4391E-01
1.2562E-01
-1.6662E-01
-1.2893E-01
-8.5694E-02
-2.3662E-01
-2.4844E-01
2.3610E-02
1.4020E-01
2.5700E-01
1.2001E-01
2.0152E-01
4.2352E-01
4.4197E-01
5.1125E-01
5.0850E-01
8.0182E-01
5.8701E-01
4.4167E-01
2.4537E-01
6.1826E-02
-2.0477E-02
3.1483E-02
-9.7533E-02
-2.0455E-01
-1.8907E-01
-1.5221E-01
1.9598E-01
1.9931E-01
2.8570E-01
2.5032E-01
3.8314E-01
2.4254E-01
1.6776E-01
2.0466E-01
8.6800E-02
3.1170E-02
-5.6928E-02
-2.1299E-01
-1.4004E-01
-2.4773E-01
-1.5226E-01
-1.6061E-01
-1.7927E-01
-1.0579E-01
6.7639E-02
1.9782E-01
3.6920E-01
4.6856E-01
2.8397E-01
2.7350E-01
7.6103E-02
-3.4480E-02
2.5392E-03
-8.3480E-04
7.3348E-02
8.2703E-02
3.9808E-03
2.2429E-02
-2.4908E-03
5.2399E-02
6.1676E-02
1.0192E-02
-7.1995E-02
-1.1524E-01
-1.9192E-01
-2.4296E-01
-2.1060E-01
-2.0778E-01
-1.1258E-01
-8.0266E-02
-1.4358E-01
-2.0275E-01
-2.9263E-01
-3.4285E-01
-3.0106E-01
-2.4947E-01
-1.5817E-01
-1.6610E-01
-1.5428E-01
-2.8462E-02
2.4607E-03
-5.7738E-03
-5.3635E-02
-1.4951E-01
-2.8225E-01
-3.4826E-01
-4.2761E-01
-5.0049E-01
-4.5863E-01
-3.9312E-01
-3.5155E-01
-2.5160E-01
-1.6915E-01
-2.8612E-02
-5.8753E-02
-1.4605E-01
-1.9276E-01
-2.2888E-01
-1.1197E-01
-1.9484E-03
-3.4313E-02
-2.2789E-01
-3.0509E-01
-3.3357E-01
-2.3133E-01
-2.0687E-01
-1.5604E-01
-1.1872E-01
-1.6069E-01
-1.1746E-01
-2.4388E-02
-8.1061E-02
-6.6461E-02
-1.0039E-01
-5.1409E-02
8.5081E-02
1.3812E-01
1.0392E-01
1.2144E-01
1.4830E-02
-1.6840E-02
6.7909E-02
4.6641E-02
-1.6821E-01
-1.7988E-01
-5.9421E-02
-1.7434E-01
-1.2929E-01
-1.0364E-01
1.8024E-02
-9.5548E-02
9.4023E-02
1.9571E-01
1.2247E-01
1.4741E-02
2.5402E-02
-7.3683E-02
-1.2914E-01
-1.4223E-01
-1.0965E-01
8.7767E-03
-4.9330E-02
-1.2194E-01
-9.1290E-02
-5.6655E-02
-1.0112E-02
-6.8612E-02
-1.2267E-01
-3.7344E-02
1.2448E-02
-7.7420E-02
-9.5920E-02
5.7335E-02
1.6470E-01
1.4855E-01
1.1560E-01
6.3598E-02
2.4013E-02
8.6799E-02
1.1756E-01
5.0378E-02
-1.2693E-01
-2.7474E-01
-2.6056E-01
-1.8115E-01
-2.8894E-01
-3.0213E-01
-3.4466E-01
-2.2073E-01
-2.1176E-01
-2.8446E-01
-1.8654E-01
-1.0721E-01
-5.0944E-02
1.3110E-02
6.6180E-02
7.4516E-02
1.3541E-01
1.3146E-01
5.2287E-02
-8.9052E-02
2.0553E-02
8.0408E-02
-5.1541E-02
-8.2048E-02
-1.1923E-01
-5.7552E-02
4.7757E-02
6.3800E-02
-1.2887E-01
-1.5070E-01
-1.3913E-01
-1.2468E-01
-6.2161E-02
4.6755E-02
-3.1637E-03
-1.8930E-01
-1.9919E-01
-1.1138E-02
5.5464E-02
7.0272E-02
2.2318E-02
3.5961E-02
-9.0878E-03
7.7721E-02
8.6200E-02
-2.2156E-02
-1.9899E-02
-1.1329E-02
1.7101E-02
8.1658E-02
1.7419E-01
1.4595E-01
9.1426E-02
7.2491E-02
4.3144E-02
-1.6107E-02
1.0341E-02
-3.3186E-02
-1.3818E-01
-1.1372E-01
7.3336E-03
-4.9331E-02
-3.3838E-02
3.8046E-02
4.8431E-02
6.4667E-02
1.6046E-01
1.4716E-01
1.1956E-01
8.9101E-02
7.3997E-02
3.0303E-02
-2.1785E-02
-9.6421E-02
-1.0404E-01
-6.2715E-02
-6.5719E-02
-7.3036E-02
-8.6500E-02
-4.2196E-02
-8.2084E-02
-9.9703E-02
-2.9154E-02
-9.7703E-03
5.6925E-02
1.6599E-01
2.4222E-01
3.3187E-01
2.8885E-01
1.9291E-01
4.1979E-02
-4.7902E-02
-1.5249E-01
-1.2493E-01
7.8470E-02
3.1733E-02
-1.4591E-01
-1.8638E-01
-4.2514E-02
-2.4564E-02
3.0637E-02
1.3380E-01
1.6864E-01
7.4053E-02
1.0892E-02
-2.3539E-03
-2.4288E-02
-3.0242E-02
4.2697E-02
1.0652E-01
1.3225E-01
1.5894E-01
6.3434E-02
-6.8935E-03
-6.5604E-02
-2.0628E-01
-2.0249E-01
-6.1182E-02
-6.8681E-03
5.9742E-02
8.2429E-02
6.6130E-02
5.2007E-02
1.1147E-01
1.1037E-01
5.0918E-02
2.2239E-03
-1.9072E-02
-1.2359E-02
3.3410E-02
1.9257E-03
-1.0698E-01
-1.7044E-01
-1.3013E-01
-2.5682E-04
4.0672E-02
-6.5091E-02
-7.4963E-02
6.6955E-02
2.3915E-01
3.6127E-01
3.0535E-01
1.6362E-01
1.1990E-01
8.6553E-02
3.7398E-02
1.5373E-02
-2.0195E-02
2.7836E-02
3.3464E-02
-9.0869E-03
3.1605E-03
9.0678E-03
-1.0962E-01
-1.6941E-01
-5.2038E-02
1.3094E-01
6.2682E-02
-7.8616E-02
-7.1126E-02
-6.0690E-02
-3.5503E-02
2.5928E-02
1.9231E-01
2.8610E-01
2.9722E-01
3.4436E-01
3.5296E-01
2.8021E-01
2.2411E-01
6.9394E-02
-1.8838E-01
-3.2206E-01
-2.9534E-01
-1.5426E-01
-6.8729E-02
-8.5548E-02
2.0235E-02
7.1377E-02
1.3212E-02
-3.9379E-02
-6.7078E-02
4.3619E-02
8.2103E-02
1.5575E-02
-3.1121E-02
-6.2841E-02
-7.4244E-02
1.7095E-02
1.4770E-01
2.0048E-01
2.2651E-01
2.4039E-01
2.9215E-01
3.5972E-01
2.6857E-01
1.1859E-01
-2.5371E-02
-4.0540E-02
-7.7135E-02
-1.1854E-01
-1.3490E-01
-1.8818E-01
-1.2684E-01
-1.5484E-02
1.9258E-02
2.9736E-02
9.7578E-02
1.6714E-01
2.0034E-01
1.6856E-01
6.3530E-02
2.3382E-03
-2.2969E-02
2.6948E-02
1.0442E-01
1.7357E-01
1.8845E-01
4.2259E-02
2.3615E-02
9.1296E-02
3.1493E-03
-3.4020E-02
1.0227E-01
1.3531E-01
7.8256E-02
2.2750E-02
-1.3829E-01
-2.3562E-01
-1.5492E-01
-1.7948E-02
3.7733E-02
3.1006E-02
-6.1823E-04
-1.2644E-01
-2.2012E-01
-2.7040E-01
-1.5320E-01
-1.5390E-02
1.1716E-02
5.1554E-02
4.1113E-03
-5.4664E-02
-1.5219E-01
-1.0048E-01
-7.0067E-02
-1.0473E-01
-6.2085E-02
-2.5785E-02
-8.9282E-02
-1.1009E-01
-6.1285E-02
5.2160E-02
1.0745E-01
1.1572E-01
7.7770E-02
3.9377E-02
1.1093E-02
-8.4581E-02
-1.5443E-01
-7.7716E-02
-2.2839E-02
-5.8491E-02
-7.3858E-02
-8.7075E-02
-1.0451E-01
-1.6047E-01
-6.8723E-03
1.4243E-01
1.5232E-01
9.4384E-02
7.5163E-02
3.1270E-02
-2.0650E-02
-5.7064E-02
-5.2134E-02
-4.3404E-02
-7.9859E-02
-1.1353E-01
-4.9629E-02
-1.6948E-02
2.9569E-02
9.3054E-02
1.4095E-01
1.0270E-01
1.1546E-01
6.0438E-02
-1.0198E-01
-1.9257E-01
-9.0761E-02
-3.6056E-02
-6.6842E-02
-6.0603E-02
-2.5855E-02
-5.3425E-02
-7.2803E-02
-2.3570E-02
-8.5312E-02
-1.8584E-01
-2.5490E-01
-2.2821E-01
-6.4731E-02
3.3653E-02
2.8911E-02
3.8622E-02
7.0492E-02
1.1545E-01
1.1262E-01
1.4266E-01
1.2930E-01
1.2057E-01
3.1880E-02
-1.4302E-01
-1.5790E-01
-6.9538E-02
-1.4127E-02
-5.9274E-03
-8.6319E-03
3.5367E-02
4.8859E-02
4.7729E-02
-6.5999E-02
-6.4777E-02
1.1680E-01
1.7419E-01
1.0277E-01
1.1153E-01
1.6681E-01
1.0885E-01
4.3941E-02
2.1818E-03
1.4181E-02
7.5825E-02
7.5207E-02
-3.6029E-02
-1.3815E-01
-1.9026E-01
-3.1110E-01
-2.3237E-01
-5.3548E-02
5.9349E-02
1.1231E-01
7.8800E-02
-7.1958E-03
-3.7599E-02
1.0915E-01
1.2020E-01
4.9420E-03
-2.9894E-02
-1.4796E-01
-2.3363E-01
-1.8273E-01
-1.4110E-01
-6.1385E-02
-3.5924E-02
-1.4003E-02
-7.0717E-03
-7.3670E-02
-1.4947E-01
-7.5349E-02
2.1203E-02
5.5467E-02
4.4147E-02
5.6946E-02
7.3008E-02
1.1446E-01
1.0910E-01
-2.3115E-02
-1.4126E-01
-1.5833E-01
-1.4465E-01
-7.6284E-02
-7.1879E-02
-1.3583E-01
-4.3317E-02
8.0213E-02
7.2442E-02
5.5403E-02
7.9541E-02
5.0158E-02
6.8155E-02
1.3406E-01
1.0262E-01
1.8508E-02
-3.2854E-02
-1.0072E-01
-5.0726E-02
-3.7888E-03
-1.5609E-02
-5.8285E-02
-4.7351E-02
-6.4527E-03
2.6079E-02
-5.9335E-02
-4.9884E-02
3.6461E-02
4.5465E-02
-2.4581E-02
-5.8330E-02
-4.2533E-03
8.6078E-02
8.6932E-02
-1.6990E-02
-9.4804E-02
-1.2120E-01
-1.1243E-01
-6.0880E-02
-1.4112E-02
-2.8397E-02
-2.1328E-02
1.2622E-02
8.6713E-02
1.2207E-01
9.5161E-02
9.7529E-02
1.7229E-01
1.9140E-01
1.1002E-01
8.4519E-03
-4.6000E-03
1.2191E-02
3.8070E-02
4.1204E-02
5.6420E-03
-1.2356E-01
-8.3496E-02
-1.9839E-02
-8.3227E-02
-1.7555E-01
-1.2932E-01
-1.9781E-01
-2.0778E-01
-4.0305E-02
3.0512E-02
-6.8126E-02
-1.4802E-01
-6.3253E-02
1.5778E-02
2.5758E-02
3.7350E-02
1.1252E-01
7.9509E-02
5.2252E-02
4.0054E-02
-6.7762E-02
-9.5831E-02
-1.2135E-03
3.1997E-02
6.3633E-02
4.1315E-02
2.1418E-02
2.6633E-02
7.1918E-02
1.5981E-02
-4.5808E-02
-4.7080E-02
2.5199E-03
5.9435E-02
5.3624E-02
-9.3055E-03
-3.9118E-02
-9.4977E-02
-1.3906E-01
-6.0880E-02
1.8304E-02
3.8025E-02
3.0741E-02
1.1168E-02
3.4117E-02
3.9584E-02
1.0667E-02
2.8463E-02
7.4427E-02
7.3332E-02
2.5262E-04
2.8599E-03
6.8721E-02
1.2294E-01
1.1400E-01
5.2742E-02
3.0458E-02
9.7479E-02
1.3361E-01
-5.0672E-04
-8.6103E-02
4.3521E-02
1.3939E-01
8.7909E-02
2.0346E-02
-2.6492E-02
-1.1999E-02
1.3930E-02
-5.0104E-03
-3.7594E-02
-5.2151E-02
-8.0726E-02
-1.2977E-01
-7.9069E-02
3.9079E-02
6.8956E-02
-4.5760E-02
-8.1086E-02
-2.0429E-02
1.8858E-02
3.8287E-02
4.3806E-02
2.5971E-02
-1.9785E-02
-1.3256E-03
-4.9972E-02
-1.3647E-01
-1.1553E-01
-1.6645E-03
4.9406E-02
2.0597E-02
2.7021E-03
-2.2664E-02
-3.0641E-02
-6.4565E-02
-4.3200E-02
2.9942E-02
5.8421E-02
1.6509E-02
-7.6866E-03
1.4674E-02
3.0942E-02
4.4200E-02
3.4164E-02
4.5973E-02
4.9573E-02
7.8153E-02
8.5861E-02
5.8233E-02
3.8086E-02
3.9561E-02
5.7685E-02
8.4914E-02
1.2771E-01
1.0219E-01
-5.7897E-03
-3.2651E-02
3.2965E-02
1.6628E-02
-6.1161E-02
-6.6568E-02
-2.3165E-02
-3.2367E-02
-5.9906E-02
1.1814E-02
1.4364E-01
1.7846E-01
6.1455E-02
-8.0201E-02
-7.6757E-02
-5.8088E-02
-7.8314E-02
-1.0985E-01
-5.9078E-02
-8.8990E-03
-6.9802E-02
-8.7746E-02
6.3348E-02
1.4721E-01
7.3763E-02
3.6070E-02
3.1177E-02
-2.8494E-02
-9.3874E-02
-2.2367E-02
7.9137E-02
1.0678E-01
9.5575E-02
5.1274E-02
2.7794E-02
6.2162E-02
7.8834E-02
1.0975E-02
-8.0974E-02
-9.4271E-02
-6.4896E-02
-1.0661E-02
-8.6387E-03
-7.5390E-02
-9.4264E-02
-8.8788E-02
-5.9748E-02
1.5795E-02
5.1616E-02
5.7318E-03
-8.9436E-03
1.0727E-02
1.1166E-02
-1.2444E-02
-1.8165E-02
5.7122E-02
1.6002E-01
1.9223E-01
1.3082E-01
5.2476E-02
-2.2774E-02
-2.2425E-02
2.9620E-02
2.9643E-02
-4.6377E-03
5.2585E-04
-1.3123E-02
-5.1355E-02
-4.1618E-02
-3.6624E-03
3.9842E-03
2.8769E-03
-3.7050E-02
-5.0369E-02
3.2377E-02
8.0437E-02
5.7723E-02
3.1463E-02
4.4908E-02
5.4517E-02
7.1271E-02
5.0188E-02
-4.8652E-02
-1.0351E-01
-9.4030E-02
-7.4338E-02
-3.1680E-02
-2.4488E-02
3.1320E-02
5.5970E-02
-2.3324E-02
-4.2602E-02
-3.3218E-03
2.5185E-02
3.4371E-02
2.5617E-02
2.9641E-02
3.3265E-02
-3.7237E-02
-1.0246E-01
-4.3199E-02
5.6839E-02
8.3004E-02
7.3783E-03
-5.9477E-02
-4.6744E-02
-2.9337E-02
-3.7076E-02
-4.9704E-02
-3.5432E-02
-1.9830E-02
-2.0987E-02
-1.7801E-02
2.7583E-03
2.6970E-02
3.3222E-02
2.5099E-02
4.0462E-02
7.0344E-02
7.3245E-02
2.0493E-02
-4.5746E-02
-6.1389E-02
-7.8016E-02
-6.9978E-02
-1.1418E-02
-1.7602E-02
-9.2016E-02
-1.3012E-01
-7.2725E-02
2.9117E-02
9.1077E-02
1.0219E-01
4.2624E-02
-3.6002E-02
-7.3404E-02
-1.2760E-02
7.3320E-02
4.0279E-02
-4.9165E-02
-1.1463E-01
-1.1217E-01
-9.3118E-02
-9.7513E-02
-4.9227E-02
5.3824E-03
2.3002E-02
2.4702E-02
-3.5679E-03
-4.2476E-03
3.0584E-02
1.1201E-02
-2.8404E-02
-1.4705E-02
2.1050E-02
3.4368E-02
6.9057E-03
-2.2527E-02
-3.9315E-02
-1.3036E-02
2.8426E-02
2.9966E-02
-9.7207E-03
-2.0409E-02
-3.9179E-02
-3.6316E-02
2.8165E-02
7.6809E-02
6.1608E-02
1.4657E-02
-2.8532E-02
-3.9381E-02
-3.0465E-02
-1.9972E-02
5.1568E-03
2.0261E-02
1.8739E-03
6.1068E-03
2.0078E-02
3.2982E-02
5.9589E-02
7.3647E-02
7.5971E-02
3.3089E-02
-2.6531E-02
-4.4836E-02
-4.9640E-02
-2.8282E-02
-2.7395E-02
-5.7443E-02
-3.5335E-02
-3.4187E-02
-6.3069E-02
-5.9651E-02
-5.1502E-02
-6.8809E-02
-5.0019E-02
-1.7473E-02
-8.5399E-03
-1.0394E-03
3.5406E-02
3.1299E-02
-5.0850E-03
-1.1980E-02
-4.7149E-03
-3.1360E-02
-8.2009E-02
-7.5385E-02
-6.6419E-03
4.1436E-02
2.9075E-02
2.5161E-02
7.6177E-02
8.3028E-02
5.2135E-02
6.2418E-02
6.8778E-02
2.1335E-02
-1.3311E-02
-7.4135E-03
3.2626E-03
3.7714E-02
6.5808E-02
2.1695E-03
-9.3584E-02
-8.3843E-02
-1.2228E-02
3.5991E-02
6.8720E-02
8.2962E-02
1.0549E-01
1.2343E-01
1.0014E-01
5.2261E-02
5.1895E-03
-1.5711E-02
-3.2202E-02
-2.9364E-02
-2.1092E-02
-5.7880E-02
-1.1934E-01
-1.7005E-01
-1.5584E-01
-4.8012E-02
2.6497E-02
1.8072E-02
2.0873E-02
5.4419E-02
7.4153E-02
6.1636E-02
3.4447E-02
-1.8753E-02
-7.6303E-02
-8.3146E-02
-5.9174E-02
1.0998E-03
8.3059E-02
1.3443E-01
1.1721E-01
1.7225E-02
-3.8334E-02
-2.1024E-02
4.4535E-03
3.5880E-02
5.9347E-02
4.6812E-02
1.0514E-02
-7.9579E-03
-1.9694E-03
-2.1528E-03
1.4176E-02
2.0756E-02
-1.1612E-02
5.3994E-03
2.3523E-02
-1.4544E-02
-5.0592E-02
-4.4476E-02
-3.5933E-02
-2.6837E-02
1.6162E-02
6.5275E-02
8.6602E-02
8.9202E-02
6.8960E-02
1.6039E-02
-1.6683E-02
-1.4786E-03
2.8554E-02
4.7386E-02
3.2219E-02
-1.6156E-03
-2.7646E-02
-2.0777E-02
-5.4824E-03
-2.3534E-02
-6.1313E-02
-7.7461E-02
-6.7783E-02
-6.0647E-02
-4.8008E-02
-2.5538E-02
-3.6686E-02
-6.5498E-02
-7.7849E-02
-4.4167E-02
-7.2192E-05
2.3527E-02
4.6962E-02
4.5764E-02
2.6975E-02
2.8052E-02
3.0232E-02
4.0190E-02
3.8204E-02
4.6670E-03
5.9702E-03
1.7923E-02
-1.3268E-02
-5.6886E-02
-7.2264E-02
-4.8778E-02
-8.7241E-03
2.0175E-02
2.9354E-02
-1.9289E-02
-6.9145E-02
-5.4360E-02
-3.4908E-03
2.2637E-02
1.8343E-02
-5.1032E-03
-1.7253E-02
-3.7617E-03
3.3998E-04
5.5192E-04
3.2993E-02
7.1835E-02
1.0502E-01
9.2714E-02
1.7780E-02
-6.6319E-02
-1.1286E-01
-1.1775E-01
-1.1514E-01
-1.1672E-01
-1.1391E-01
-7.3619E-02
7.3344E-03
5.9380E-02
5.9649E-02
6.7037E-02
7.6667E-02
4.6084E-02
-6.4850E-03
-6.7630E-02
-1.1020E-01
-7.4836E-02
-4.5155E-03
1.4644E-02
-1.2956E-02
-4.7529E-03
4.5076E-02
8.6200E-02
7.5344E-02
1.3133E-02
-2.2892E-02
-8.1332E-03
-1.5092E-02
-6.0019E-02
-9.0189E-02
-9.6850E-02
-7.6132E-02
-2.7209E-02
6.2773E-03
-1.3699E-02
-5.5878E-02
-3.0041E-02
6.3343E-02
1.0710E-01
4.7100E-02
-4.1314E-02
-6.2354E-02
-1.9454E-02
2.6354E-02
2.5623E-02
-2.0702E-03
-1.3122E-02
1.5973E-02
7.8046E-02
9.6707E-02
6.0131E-02
1.7011E-03
-3.3319E-02
-2.8704E-02
-3.1594E-02
-6.1732E-02
-5.5692E-02
-4.0140E-02
-1.0335E-02
-7.6252E-04
-2.5328E-02
-2.5426E-03
2.2013E-02
5.0615E-02
6.2076E-02
3.2305E-02
3.6154E-02
7.4990E-02
9.3710E-02
8.9236E-02
6.0576E-02
2.0545E-02
-2.4022E-03
1.7817E-02
4.3417E-02
3.5366E-02
2.6214E-02
3.2007E-02
2.5273E-02
3.6901E-03
-1.9375E-02
-5.4327E-02
-8.4453E-02
-4.3039E-02
2.1524E-02
3.8066E-02
2.8902E-02
1.2984E-02
1.1314E-02
4.6106E-02
9.2892E-02
9.6158E-02
4.6285E-02
1.3671E-02
2.6725E-03
-1.9498E-02
-1.9367E-02
7.8480E-03
1.0347E-02
-6.0568E-03
-1.6655E-02
-5.2528E-03
1.1224E-02
2.4506E-02
7.0850E-03
-5.2779E-02
-5.2148E-02
2.9515E-02
1.0802E-01
1.0878E-01
3.2197E-02
-5.1300E-02
-6.1754E-02
-2.0119E-02
2.5887E-02
2.5321E-02
-2.7171E-02
-6.1126E-02
-3.4855E-02
9.2116E-03
2.2332E-02
-2.1058E-02
-6.1248E-02
-5.6139E-02
6.6855E-03
6.8608E-02
5.8233E-02
1.5148E-02
-2.0578E-02
-4.5720E-02
-3.0238E-02
2.7986E-03
3.0738E-02
4.8545E-02
1.5783E-02
-1.6351E-02
-9.1424E-03
6.8617E-04
-2.5052E-02
-2.8415E-02
-1.2757E-03
2.0589E-03
-2.5940E-02
-3.4930E-02
-3.6720E-02
-4.4877E-02
-3.7339E-02
1.0623E-02
5.8289E-02
4.2499E-02
1.9724E-02
2.1827E-02
1.9470E-02
-1.1144E-02
-6.1911E-02
-9.6695E-02
-9.2299E-02
-7.4605E-02
-1.0725E-02
7.0976E-02
7.9431E-02
2.8949E-02
-1.6756E-02
-6.8061E-03
4.6478E-02
6.4726E-02
3.4660E-02
-3.4045E-03
-3.0774E-02
-5.3184E-02
-7.6192E-02
-7.4800E-02
-4.1432E-02
9.6412E-04
1.6157E-02
2.2696E-02
4.7242E-02
6.1997E-02
3.8866E-02
-1.1729E-03
-3.2439E-02
-1.4736E-02
3.5459E-02
7.8690E-02
6.3990E-02
2.6151E-02
2.3043E-02
3.5802E-02
1.5805E-02
-3.4331E-02
-6.3954E-02
-7.6326E-02
-4.5928E-02
4.1781E-02
9.5633E-02
6.8088E-02
1.2519E-04
-2.8243E-02
9.1859E-03
7.3159E-02
7.7097E-02
2.3018E-02
1.1704E-02
9.2714E-03
-1.0154E-02
-3.9821E-03
2.2430E-03
-1.0065E-02
1.0207E-02
4.4667E-02
5.6138E-02
3.1232E-02
3.2818E-03
-3.0465E-02
-2.9763E-02
-2.1574E-02
-6.5397E-03
2.5623E-02
2.3035E-02
-2.3348E-02
-5.2269E-02
-3.8302E-02
-2.5372E-02
-6.8793E-03
5.9419E-03
-1.9307E-02
-4.5587E-02
-3.3256E-02
-1.5627E-02
3.4105E-02
8.1876E-02
6.3657E-02
8.4245E-03
2.1036E-03
2.7516E-02
4.6398E-02
5.4374E-02
3.9367E-02
3.9920E-02
4.1354E-02
1.5953E-02
-1.7757E-02
-3.0016E-02
-2.1782E-02
2.2651E-02
7.3745E-02
9.0589E-02
5.5267E-02
-1.4546E-02
-4.3784E-02
-1.7083E-02
1.6494E-02
4.2839E-02
5.2058E-02
3.5179E-02
4.0232E-02
6.3373E-02
6.7588E-02
6.6088E-02
7.3842E-02
6.9550E-02
4.1976E-02
1.2975E-02
2.6432E-02
3.6784E-02
-1.5536E-02
-7.0559E-02
-3.0314E-02
3.2699E-02
6.2567E-02
8.7228E-02
5.5781E-02
2.8540E-02
4.2890E-02
4.8056E-02
2.6690E-02
-1.3013E-02
-5.2049E-02
-8.1336E-02
-7.3525E-02
-1.6678E-02
1.9058E-02
-8.1772E-04
-4.1061E-02
-5.6038E-02
-1.7348E-02
4.0669E-02
3.7766E-02
-1.4539E-02
-4.6708E-02
-4.9351E-02
-3.7719E-02
-2.9653E-02
-3.6894E-02
-1.9648E-02
2.0213E-02
5.3778E-02
7.1559E-02
5.7854E-02
9.9679E-03
-3.7378E-02
-3.0668E-02
2.7124E-02
7.9971E-02
8.7787E-02
4.5586E-02
3.1583E-03
-1.0130E-02
-1.7197E-02
-6.9523E-03
1.2391E-02
6.0061E-03
-8.3325E-03
-4.0994E-02
-5.8178E-02
-4.6313E-02
-4.8715E-02
-5.3668E-02
-6.3414E-02
-5.1821E-02
-3.1199E-02
8.2856E-03
3.8685E-02
8.4855E-03
-5.3567E-02
-8.3462E-02
-9.0908E-02
-6.0568E-02
-2.9728E-02
-8.6936E-03
8.2958E-03
1.9918E-02
1.1914E-02
-5.3960E-03
1.2192E-03
2.7550E-02
4.4051E-02
1.2328E-02
-1.7631E-02
-3.4610E-02
-5.0069E-02
-5.1079E-02
-5.0481E-02
-5.4933E-02
-2.9085E-02
1.6657E-02
3.2339E-02
3.3720E-03
-1.3485E-02
-2.9258E-03
2.5199E-02
1.0968E-02
-2.1850E-02
-4.1320E-02
-3.4862E-02
1.5042E-02
4.3468E-02
2.4795E-02
-7.5373E-03
-4.4129E-02
-2.9166E-02
-4.2579E-03
-1.3064E-02
1.5838E-02
2.7983E-02
8.5296E-03
2.2371E-02
4.4659E-02
5.5305E-02
4.7091E-02
5.4882E-03
-4.3012E-02
-3.9113E-02
2.8402E-03
6.5991E-03
-9.2133E-03
-1.4008E-02
-3.8020E-02
-7.6194E-02
-7.6891E-02
-1.0933E-02
4.6276E-02
7.6532E-02
6.0286E-02
1.8915E-02
-2.5708E-03
6.3550E-03
4.2910E-02
6.5755E-02
3.5948E-02
1.9347E-02
4.6281E-02
7.7938E-02
9.1123E-02
8.4163E-02
6.4214E-02
2.1028E-03
-2.7746E-02
-2.0118E-02
-1.0491E-02
-1.1159E-02
-9.3116E-03
3.9955E-03
9.8445E-03
-4.6167E-03
1.5792E-02
3.4237E-02
4.1720E-02
4.9924E-02
4.7321E-02
-4.0790E-03
-5.9228E-02
-7.5138E-02
-2.9027E-02
2.8774E-02
2.7369E-02
-1.5426E-02
-3.8851E-02
-7.9243E-03
1.7278E-02
2.1828E-02
5.3600E-02
6.4805E-02
1.7254E-02
-1.7864E-02
-3.6278E-02
-4.9612E-02
-9.4567E-03
2.1609E-02
4.0479E-02
2.8005E-02
-3.4788E-02
-6.6013E-02
-3.2382E-02
6.8440E-03
2.9099E-02
5.1539E-02
2.7574E-02
2.4131E-03
-1.8184E-02
1.6334E-02
7.4389E-02
8.4398E-02
6.3716E-02
2.6698E-02
-1.5957E-02
-2.8060E-02
5.9154E-03
3.0283E-02
2.5943E-02
1.7338E-02
-1.9387E-02
-1.7537E-02
-1.9415E-02
-2.9813E-02
-7.4139E-03
1.4128E-02
-5.8886E-05
-1.9857E-02
-1.8673E-02
-1.0487E-02
-1.1244E-02
3.9485E-04
4.1310E-02
6.4098E-02
7.8459E-02
8.0683E-02
4.4780E-02
-2.8877E-02
-4.6460E-02
-2.6493E-02
-3.3607E-02
-2.0188E-02
2.3632E-02
1.6827E-02
-2.6146E-02
-5.2560E-02
-5.3312E-02
-3.0972E-02
1.2612E-02
5.2264E-02
6.8704E-02
4.5818E-02
2.1492E-02
2.2902E-02
1.8536E-02
-2.2742E-03
-8.0807E-04
7.1124E-03
1.1577E-02
-5.6077E-03
-3.1381E-02
-1.8713E-02
3.6547E-02
8.6033E-02
9.9585E-02
9.5458E-02
7.4372E-02
6.3556E-02
5.6558E-02
4.7864E-02
1.8963E-02
1.6235E-03
-1.5905E-02
-1.1262E-03
2.6257E-02
5.6818E-02
4.5913E-02
2.5986E-02
4.6964E-02
8.8198E-02
7.9626E-02
6.5482E-02
5.6608E-02
8.2792E-02
9.1469E-02
1.2488E-01
8.6729E-02
-3.1656E-02
-8.0098E-02
-5.9351E-02
-6.3243E-03
4.1257E-02
4.0908E-02
8.9573E-03
-7.8452E-03
9.8449E-03
6.2013E-02
4.9309E-02
4.8773E-02
1.9917E-02
-1.4020E-02
-1.5691E-02
5.0643E-03
-1.1369E-02
1.9161E-02
4.4319E-02
2.0653E-02
-9.8470E-03
-4.5261E-02
-3.5367E-02
1.9151E-02
7.1787E-02
8.1738E-02
6.6981E-02
1.8885E-02
-1.3770E-02
-1.2901E-02
-6.6983E-03
-3.2269E-03
-2.4482E-02
-6.0227E-02
-6.6180E-02
-7.7714E-02
-8.9075E-02
-7.2561E-02
-7.8000E-02
-4.5887E-02
-5.7159E-03
-2.5967E-02
-7.7260E-02
-1.0546E-01
-5.2178E-02
-6.2220E-03
-1.8309E-02
-3.4688E-02
-8.0162E-02
-1.2305E-01
-1.3175E-01
-7.5097E-02
-5.2810E-02
-5.9210E-02
-8.1861E-02
-6.2449E-02
-8.5672E-03
-2.5457E-03
-3.1379E-02
-6.1800E-03
6.4514E-03
-2.5985E-02
-4.4599E-02
-9.9164E-02
-1.0886E-01
-1.3607E-01
-1.7270E-01
-1.8590E-01
-1.4487E-01
-8.2278E-02
-1.3195E-02
6.3244E-02
2.6670E-02
-2.3405E-02
-6.5495E-03
9.3164E-03
4.0388E-02
4.3758E-02
1.5072E-02
-3.5258E-03
-2.7860E-02
-2.2698E-02
-7.7806E-03
-6.3659E-02
-7.5621E-02
-6.5274E-02
-6.9693E-02
-4.4985E-02
-1.6507E-02
-3.0293E-02
-4.8805E-02
-5.7875E-02
-1.0637E-01
-1.2062E-01
-9.9170E-02
-1.0073E-01
-6.3534E-02
-3.0890E-02
-5.1423E-02
-1.1083E-01
-1.3190E-01
-8.1649E-02
-2.8045E-02
-6.6273E-03
-2.4386E-02
-5.8841E-02
-5.6809E-02
-5.7211E-02
-2.4308E-02
1.9815E-02
-5.0231E-03
1.4518E-02
1.0297E-02
-3.0251E-03
-4.5889E-03
-5.6793E-03
6.2425E-02
1.4671E-01
9.4892E-02
-5.5713E-02
-1.2254E-01
-9.8500E-02
-4.8229E-02
-1.3753E-03
2.6038E-02
3.2904E-02
6.0395E-02
9.0158E-02
7.6812E-02
7.5558E-02
8.9637E-02
9.5295E-02
9.9720E-02
7.6086E-02
-1.2842E-02
-8.8099E-02
-8.2556E-02
-4.9628E-02
1.6190E-02
3.7751E-02
1.0738E-02
-9.0786E-02
-1.1389E-01
-3.1269E-02
-2.3870E-03
3.3619E-02
5.8418E-02
4.6421E-02
6.5367E-02
9.3595E-02
5.2922E-02
-2.9734E-02
-1.0006E-01
-1.3158E-01
-8.4033E-02
4.6221E-03
-3.9940E-03
-6.1332E-02
-5.0403E-02
1.1318E-02
2.7587E-02
-1.0997E-02
-1.2548E-02
2.5455E-02
2.2869E-02
-2.3270E-02
-4.0164E-02
-6.4680E-03
4.3252E-02
4.2798E-02
-4.8692E-03
-2.6400E-02
1.3794E-02
8.4462E-02
1.3450E-01
1.0158E-01
-1.4350E-02
-1.1858E-01
-1.6833E-01
-1.4978E-01
-9.6407E-02
-8.1652E-02
-7.1301E-02
-6.7412E-02
-3.5231E-02
5.4339E-03
-1.1856E-02
-5.7402E-02
-7.5949E-02
-2.1082E-02
4.3042E-02
1.8651E-02
-2.0442E-02
-4.7340E-02
-8.9328E-02
-2.4293E-02
2.7058E-02
8.4685E-03
-9.1836E-03
-6.9793E-03
7.6602E-03
4.9229E-03
-2.6259E-02
-6.6394E-02
-8.3406E-02
-4.3121E-02
3.8574E-02
7.0776E-02
3.6034E-02
-3.2135E-03
-1.7141E-03
4.7766E-02
8.9786E-02
1.1105E-01
1.3218E-01
1.4400E-01
1.1000E-01
3.4115E-04
-6.2462E-02
-3.8090E-02
-4.0880E-03
-2.9538E-02
-3.6015E-02
-5.5646E-03
1.6354E-02
2.6246E-02
7.3292E-02
1.3761E-01
1.5998E-01
8.8859E-02
2.9051E-02
3.7716E-02
1.0676E-01
1.4438E-01
9.6597E-02
1.2792E-02
-2.3462E-02
-7.3766E-04
5.9340E-03
1.6616E-02
-4.3451E-03
8.3818E-03
4.3721E-02
5.1736E-02
3.4663E-02
2.5608E-02
3.9392E-02
6.2922E-02
4.9837E-02
2.0355E-02
-2.5020E-03
-2.4450E-02
-6.1477E-02
-6.8905E-02
-4.0824E-02
1.9271E-02
7.0367E-02
1.0232E-01
1.2081E-01
5.8838E-02
1.9978E-02
9.2184E-02
1.3915E-01
8.0336E-02
-1.3126E-02
-5.5128E-02
-6.7553E-02
-2.1644E-02
4.3505E-02
6.8070E-02
5.4123E-02
2.8502E-02
-6.8622E-03
-2.7697E-02
-2.5871E-02
3.1012E-02
8.8589E-02
4.4552E-02
-1.9531E-02
-4.9568E-02
-6.5096E-02
-1.8990E-02
2.7203E-02
3.2889E-02
-6.1026E-04
-7.8142E-02
-9.2196E-02
-1.5847E-02
5.8007E-02
3.4130E-02
-1.6335E-02
-2.0066E-02
1.2441E-02
2.7090E-02
3.7436E-02
1.9713E-02
-4.1320E-02
-4.3460E-02
-2.3318E-02
3.2469E-02
7.9926E-02
6.6160E-02
7.8532E-02
1.5976E-01
1.5701E-01
9.8767E-02
1.7176E-04
-6.7489E-02
8.7224E-03
1.1962E-01
1.0724E-01
4.5603E-02
4.0763E-02
1.6325E-02
2.6004E-02
5.9836E-02
5.1206E-02
-4.3455E-02
-2.3374E-02
-1.6456E-02
3.2238E-02
-1.6053E-02
-1.6779E-02
2.8464E-02
2.9719E-02
-3.4706E-02
-1.1592E-01
-1.1030E-01
-5.1247E-02
2.7959E-02
-2.1657E-02
-2.6458E-03
-4.7097E-02
-1.1061E-01
-6.6742E-02
2.9525E-02
6.7407E-02
-2.5801E-02
-8.2089E-02
-9.7564E-02
-7.8274E-02
-5.3595E-02
-5.2833E-02
-3.7886E-02
-4.1165E-02
1.6906E-02
8.5997E-02
1.5828E-01
1.9170E-01
1.8562E-01
2.0390E-01
2.2605E-01
2.1013E-01
1.4316E-01
4.8988E-02
-5.9748E-02
-1.3765E-01
-1.0265E-01
-9.0792E-02
-1.7687E-01
-1.1060E-01
-3.1532E-02
-7.5637E-02
-8.2954E-02
-2.2125E-02
1.6843E-02
-3.3470E-02
-5.4150E-02
-4.1395E-02
-2.3359E-02
6.2138E-03
2.0814E-03
-2.4811E-02
1.3464E-02
6.4816E-02
4.1930E-02
-3.9268E-02
-8.3412E-02
-1.1046E-01
-8.4735E-02
-4.9313E-02
-6.6201E-02
-5.7434E-02
-4.2800E-02
3.1323E-02
8.5173E-02
3.5487E-02
-7.8097E-02
-9.5001E-02
-9.4781E-02
-1.2244E-01
-1.3532E-01
-1.3202E-01
-8.6276E-02
-4.4700E-02
-4.7679E-03
5.3373E-02
9.0512E-02
8.9025E-02
4.1456E-02
-6.0906E-02
-1.7201E-01
-1.9419E-01
-7.8934E-02
2.7749E-02
9.9047E-02
1.3532E-01
9.0170E-02
1.9785E-02
-2.4287E-03
1.2734E-02
5.2064E-02
5.5984E-02
1.1787E-02
-5.4729E-02
-1.0382E-01
-7.7831E-02
-2.0970E-02
3.7868E-03
-1.1869E-03
3.0120E-02
3.5424E-02
-2.1723E-02
-5.7764E-02
4.4436E-03
5.3498E-02
8.0993E-02
8.9102E-02
7.2368E-02
6.6527E-02
5.1430E-02
-3.7223E-03
-6.4309E-02
-5.1210E-02
-6.5476E-03
2.4460E-03
-2.2861E-02
-5.6369E-02
-4.5534E-02
-1.7677E-02
-3.9508E-02
-5.0029E-02
-8.6855E-02
-1.3335E-01
-1.3001E-01
-9.5215E-02
-7.6194E-02
-5.6050E-02
-2.5050E-02
1.1959E-02
3.9643E-02
5.0813E-02
7.8917E-02
1.3909E-01
1.4043E-01
1.0067E-01
5.9926E-02
4.7129E-02
6.0920E-02
6.3146E-02
8.4108E-02
5.7905E-02
1.8451E-02
5.7054E-03
3.5328E-02
5.8429E-02
4.3064E-02
2.8796E-04
-1.9900E-03
5.3258E-02
9.6997E-02
7.9962E-02
-2.0117E-02
-6.8436E-02
-2.2601E-02
4.1853E-02
6.9407E-02
2.3150E-02
-6.6709E-02
-1.3991E-01
-1.2601E-01
-3.9839E-02
1.4152E-02
-1.5447E-02
-2.2977E-02
-1.2987E-02
1.5239E-02
4.2642E-02
-1.6817E-02
-5.9793E-02
-6.0039E-02
-5.0974E-02
-7.0621E-02
-1.2312E-01
-1.2518E-01
-6.9409E-02
-3.0739E-02
-2.3599E-02
-1.2056E-02
6.8237E-04
-3.4789E-02
-6.7549E-02
-2.2983E-02
3.8501E-02
5.8683E-02
7.2902E-02
6.1734E-02
3.2194E-02
5.2038E-02
6.6555E-02
5.9023E-02
5.6464E-02
2.2923E-03
-5.9163E-02
-1.0584E-01
-1.1605E-01
-1.2841E-02
8.2653E-02
8.9399E-02
3.4036E-02
-1.3623E-02
-4.6745E-02
-9.8176E-02
-1.5828E-01
-2.1445E-01
-2.2185E-01
-1.6923E-01
-1.2957E-01
-8.2850E-02
-1.1877E-02
3.3084E-02
5.8451E-02
3.4403E-02
-3.5955E-02
-6.5753E-02
-6.7856E-02
-1.1364E-01
-1.4558E-01
-1.5782E-01
-1.2390E-01
-7.0806E-02
-4.6966E-02
-5.5496E-02
-5.5155E-02
-1.4928E-02
4.9028E-02
9.7602E-02
1.2443E-01
1.3907E-01
1.2491E-01
7.6210E-02
9.0883E-03
-5.9007E-02
-7.6288E-02
-5.6705E-02
-8.4363E-03
2.6410E-02
4.2792E-02
4.5876E-02
-2.5170E-02
-1.0923E-01
-1.5390E-01
-1.3291E-01
-6.2693E-02
-1.6924E-02
-3.0528E-02
-4.2848E-02
-5.2818E-02
-4.0508E-02
-1.5747E-03
9.0793E-03
-4.3188E-02
-6.7136E-02
-1.7275E-02
1.7819E-02
3.4485E-02
1.6193E-02
-3.3423E-02
-5.9293E-02
-6.9244E-02
-8.1652E-02
-3.8269E-02
-1.3847E-02
-2.5759E-02
-3.8616E-02
-3.1046E-02
1.9039E-03
-6.3891E-03
2.4579E-02
4.2287E-02
3.2585E-02
6.3123E-03
-2.8135E-02
1.2167E-03
6.2529E-02
6.4541E-02
2.1414E-02
-3.7321E-02
-5.4820E-02
1.0030E-02
6.2432E-02
6.6890E-02
3.8854E-02
3.8766E-02
4.2954E-02
4.3709E-02
4.3506E-02
4.7592E-02
1.7083E-02
-1.3933E-02
8.5419E-03
3.7367E-02
6.0659E-02
1.1284E-01
1.4892E-01
1.3100E-01
6.6105E-02
-5.0048E-03
-3.9362E-02
-2.4587E-02
-2.1883E-03
5.0236E-03
-1.0332E-03
-4.4732E-02
-8.1907E-02
-3.2346E-02
2.3264E-02
-1.5767E-02
-1.0112E-01
-1.3069E-01
-6.6995E-02
6.4444E-03
5.2791E-02
4.2854E-02
3.0427E-02
3.7770E-02
5.0202E-02
3.0132E-02
-2.4463E-02
-9.3585E-02
-1.2020E-01
-8.3819E-02
-2.3409E-02
1.3178E-02
-1.4269E-02
-6.8256E-02
-8.4076E-02
-4.1282E-02
5.0312E-02
1.0859E-01
1.1668E-01
1.0292E-01
8.8561E-02
9.2880E-02
9.2251E-02
7.6172E-02
4.8266E-02
2.8245E-02
1.8907E-02
1.6306E-02
2.7567E-02
2.4800E-02
-2.4367E-02
-5.2166E-02
-4.5422E-02
-9.3386E-03
3.5136E-02
6.4674E-02
2.9514E-02
-4.1772E-02
-4.6209E-02
1.3176E-02
5.0199E-02
5.5423E-02
2.2456E-02
2.4216E-02
1.0673E-01
1.4467E-01
9.7588E-02
5.1292E-02
2.0255E-02
1.4587E-02
7.4374E-03
7.1841E-03
3.2230E-02
5.6573E-02
3.5245E-02
2.9464E-02
2.8081E-02
-2.0802E-02
-3.8408E-02
1.1721E-02
2.4181E-02
-1.0677E-02
-9.0878E-02
-9.2168E-02
-2.2151E-02
4.1838E-02
5.6049E-02
5.2384E-02
8.8510E-02
1.0765E-01
9.5206E-02
8.7121E-02
1.1137E-01
8.7897E-02
5.2829E-02
5.6199E-02
5.4515E-02
3.8108E-02
1.9803E-03
1.3291E-02
3.8384E-02
1.3498E-03
1.5928E-02
4.4612E-02
7.6353E-02
7.9576E-02
7.8180E-02
4.9404E-02
2.3178E-02
4.6903E-02
7.6167E-02
4.1838E-02
-1.3737E-02
-6.4538E-02
-5.4593E-02
-3.0695E-02
-2.7433E-02
-3.6343E-02
-4.8051E-02
-4.6996E-02
-6.5488E-02
-6.0960E-02
-6.3152E-02
-6.3389E-02
-7.4378E-03
2.2696E-02
1.2246E-02
-1.5389E-02
-5.4263E-02
-5.7329E-02
-7.4452E-04
5.9745E-02
4.2407E-02
-4.0601E-03
-5.5322E-02
-6.6335E-02
-2.5555E-02
-4.4191E-02
-9.5855E-02
-7.4296E-02
-6.4737E-02
-8.2853E-02
-5.4992E-02
-2.9309E-02
-2.8892E-02
-3.2420E-02
-5.9197E-02
-1.1254E-01
-1.1299E-01
-8.3780E-02
-2.8726E-02
1.2292E-02
9.5640E-03
-2.2085E-02
-6.6867E-02
-8.9428E-02
-8.9364E-02
-7.1400E-02
-5.7109E-02
-3.3072E-02
-7.1652E-03
-3.7352E-05
5.9979E-03
3.7482E-02
6.6875E-02
8.7138E-02
9.9358E-02
8.3285E-02
3.0428E-02
3.3578E-02
4.4520E-02
1.1218E-02
-3.6836E-02
-7.8976E-02
-9.3811E-02
-6.2580E-02
-2.8683E-02
-7.0362E-02
-9.1449E-02
-5.1813E-02
-3.4505E-02
-2.0095E-02
-1.6215E-02
-5.9469E-02
-7.3176E-02
-3.2977E-02
1.2964E-02
7.3853E-02
9.8681E-02
5.4680E-02
2.3068E-02
3.7296E-02
5.1248E-02
2.8205E-02
1.6507E-02
-8.0748E-03
-5.0968E-02
-5.1414E-02
-3.4667E-02
-3.9147E-02
-2.0067E-02
2.1996E-02
5.9951E-02
6.5535E-02
6.2423E-02
9.8010E-02
1.1611E-01
6.4986E-02
2.7685E-02
4.4262E-02
7.6282E-02
6.2125E-02
2.3418E-02
-6.5493E-02
-1.0125E-01
-5.9752E-02
-2.1603E-02
1.7274E-02
2.7769E-02
4.8353E-03
-2.2657E-02
9.0033E-03
9.9695E-02
1.4698E-01
1.4603E-01
1.3805E-01
9.2288E-02
1.0650E-02
-5.1648E-02
-5.7171E-02
-2.3842E-02
8.5036E-03
-1.3801E-02
-5.9325E-02
-7.4521E-02
-6.0318E-02
-6.2528E-02
-5.0112E-02
-1.3440E-02
-1.2197E-03
3.0909E-02
9.2002E-02
1.3630E-01
2.0077E-01
2.4472E-01
1.9770E-01
1.1842E-01
4.4372E-02
-6.2415E-02
-1.6743E-01
-1.8006E-01
-9.6809E-02
-5.2344E-02
-3.9319E-02
-1.7868E-02
1.4180E-02
2.3099E-02
2.5153E-02
3.0816E-02
6.3703E-02
8.0875E-02
7.4563E-02
6.6478E-02
6.8922E-02
3.9179E-02
-2.1223E-02
-7.7141E-02
-1.1765E-01
-1.5763E-01
-1.3254E-01
-5.7883E-02
8.6571E-03
3.4745E-02
2.8543E-02
-1.4615E-02
-1.1485E-02
6.5572E-02
1.2941E-01
1.4796E-01
1.0056E-01
4.2424E-02
-3.6101E-03
-1.1852E-02
-5.9943E-02
-7.8195E-02
-5.1108E-02
-1.0677E-02
1.1001E-02
-1.0391E-02
-8.7238E-02
-1.1593E-01
-1.0654E-01
-1.1490E-01
-1.2486E-01
-9.1259E-02
-7.3097E-02
-4.1267E-02
-2.1366E-02
-1.3657E-02
1.5384E-02
2.9207E-02
3.3692E-02
4.1893E-02
5.0699E-02
6.1535E-02
5.2371E-02
1.0043E-02
-1.8020E-02
-3.1700E-02
-3.5453E-02
-3.5247E-02
-3.0251E-02
-3.1256E-02
-3.9640E-02
-4.3942E-02
2.6788E-03
1.6710E-02
-2.5456E-03
-1.9763E-02
-2.6498E-02
-4.4766E-02
-7.5005E-02
-6.0853E-02
-3.5794E-02
-2.3854E-02
-3.5492E-02
-9.9296E-02
-1.2361E-01
-8.5003E-02
-3.4803E-02
1.5721E-02
3.0721E-02
2.2538E-02
-2.5462E-03
-3.6758E-02
-1.4070E-02
1.2587E-02
2.1788E-03
-4.0343E-02
-4.0685E-02
-2.5004E-02
-5.9217E-02
-9.4916E-02
-5.4219E-02
-3.3470E-04
-9.2355E-03
-2.8018E-03
-1.9619E-02
-2.1878E-02
2.5052E-02
9.4627E-02
1.4555E-01
1.3501E-01
1.0368E-01
7.8662E-02
6.1596E-02
5.2391E-02
-4.6947E-03
-3.0593E-02
-1.7559E-02
-3.3500E-02
-3.6244E-02
-1.6461E-02
4.3542E-03
1.6807E-02
-5.7900E-02
-1.5058E-01
-1.0737E-01
-1.1919E-02
4.0493E-02
2.2694E-02
-2.7639E-02
-5.4601E-02
-3.8846E-02
-2.2719E-02
-6.2749E-02
-1.0400E-01
-1.3747E-01
-1.3829E-01
-9.2699E-02
-8.0997E-02
-9.9317E-02
-9.8079E-02
-6.4686E-02
1.4100E-03
1.0802E-01
1.6553E-01
1.8490E-01
1.7565E-01
1.3121E-01
4.4953E-02
-2.3230E-02
-1.3491E-02
1.5087E-02
2.9764E-02
3.0194E-02
7.5094E-03
1.8485E-02
2.6954E-02
-8.5070E-03
-1.3845E-02
2.9274E-02
3.3188E-02
-1.9281E-02
-8.7053E-02
-1.1194E-01
-6.7387E-02
-3.2626E-02
-6.7777E-02
-1.0784E-01
-9.6272E-02
-1.2962E-01
-1.3005E-01
-6.0086E-02
1.9578E-02
4.3275E-02
3.6220E-02
1.9267E-02
2.7764E-02
7.4053E-02
1.2035E-01
1.2161E-01
7.6194E-02
1.0982E-02
-4.4464E-02
-6.7596E-02
-7.2476E-02
-8.7386E-02
-1.0829E-01
-1.1191E-01
-7.5384E-02
-2.2490E-02
-3.4782E-03
3.9364E-03
9.0135E-03
2.0957E-02
2.2868E-02
5.8911E-03
2.3244E-02
5.3652E-02
5.6721E-02
6.4995E-02
7.5835E-02
3.4354E-02
-4.9579E-03
1.0434E-02
-1.0070E-02
-5.5212E-02
-8.6996E-02
-8.1145E-02
-5.6859E-02
-3.4381E-02
-4.0015E-02
-4.3710E-02
-3.8648E-02
-1.6956E-02
7.9011E-03
7.5406E-03
1.2246E-02
3.9524E-02
7.4168E-02
6.5073E-02
2.4913E-02
1.5697E-02
3.7850E-02
4.0510E-02
2.6768E-02
3.8540E-03
1.0762E-02
2.5128E-02
-8.8443E-03
-4.2707E-02
-3.6582E-02
6.8629E-03
3.0324E-02
6.2699E-03
-2.6513E-02
-3.3055E-02
-4.5319E-03
-1.2316E-02
-3.1970E-02
-4.9322E-03
2.8864E-02
5.9969E-02
9.7609E-02
1.0243E-01
9.7058E-02
1.0965E-01
9.1059E-02
6.2177E-02
4.1814E-02
4.4753E-03
-7.6556E-03
-2.5997E-03
7.3029E-03
1.3144E-02
3.2017E-02
8.6430E-02
1.4027E-01
1.5002E-01
1.1397E-01
9.7527E-02
1.0192E-01
1.0396E-01
1.2444E-01
1.3906E-01
1.4089E-01
1.4770E-01
1.2122E-01
5.3095E-02
4.8751E-03
5.5445E-03
-4.2905E-03
-2.7763E-02
-3.5527E-03
1.2886E-02
-1.4210E-02
-3.0435E-02
-5.4921E-02
-1.0946E-01
-1.3937E-01
-1.1993E-01
-1.1754E-01
-1.3085E-01
-9.7917E-02
-2.8354E-02
2.4778E-02
8.1636E-02
1.0200E-01
8.0813E-02
7.2646E-02
8.1834E-02
5.8876E-02
-5.1551E-03
-6.0372E-02
-6.6196E-02
-7.1384E-02
-5.2995E-02
-6.1400E-03
-2.3633E-02
-4.5527E-02
1.2777E-02
6.8101E-02
6.8573E-02
7.5578E-03
-3.3396E-02
-2.1785E-02
-6.1984E-02
-1.0377E-01
-7.9957E-02
-2.3153E-02
2.6631E-02
3.7787E-02
3.3371E-02
4.8260E-02
5.1969E-02
9.4975E-03
-2.2641E-02
2.9315E-04
3.1279E-02
6.0739E-02
9.3539E-02
9.6024E-02
7.1730E-02
1.5982E-02
-4.5493E-02
-8.1066E-02
-1.0625E-01
-1.2431E-01
-1.2084E-01
-6.6444E-02
1.5082E-02
7.2591E-02
5.9766E-02
2.8259E-02
1.6029E-02
2.5011E-02
3.9264E-02
3.4380E-02
4.0551E-03
-5.9426E-03
1.8586E-02
5.5152E-02
5.6316E-02
1.2649E-02
-2.4006E-02
-1.7641E-02
6.3094E-03
3.0081E-03
-2.1137E-02
-1.7137E-02
-5.7234E-03
3.0955E-02
5.1832E-02
5.1796E-02
8.4725E-02
8.7850E-02
3.6009E-03
-9.2175E-02
-1.5369E-01
-1.5570E-01
-7.4202E-02
-5.2772E-02
-7.1721E-02
-3.3186E-02
1.3632E-02
2.8095E-02
1.0258E-02
-2.6200E-02
-5.7580E-02
-5.1497E-02
-3.1708E-02
-3.9264E-02
-4.8816E-02
-5.5357E-02
-5.1992E-02
-3.0776E-02
3.5248E-04
5.1897E-03
-2.5074E-03
-1.6956E-02
-7.9112E-04
4.9784E-02
1.0663E-01
1.2867E-01
1.0858E-01
7.2781E-02
4.8079E-02
3.8189E-02
4.1488E-03
-3.4087E-02
-5.8615E-02
-6.8982E-02
-5.8603E-02
-3.9788E-02
-4.3273E-02
-3.7845E-02
-1.9716E-02
-3.2452E-02
-5.3806E-02
-4.4304E-02
-1.1128E-02
3.9091E-02
8.4188E-02
8.7905E-02
5.5824E-02
1.8146E-02
-2.2261E-02
-1.9496E-02
-5.3210E-03
-3.5488E-03
-1.1580E-02
-1.9927E-02
-1.2394E-02
-8.6820E-03
-4.3185E-02
-5.5859E-02
1.2395E-02
6.0016E-02
2.2657E-02
-1.2598E-02
8.4295E-03
6.3351E-02
1.1667E-01
1.1930E-01
7.4762E-02
3.1170E-02
5.1701E-02
6.1852E-02
5.0999E-02
-6.2746E-03
-6.6865E-02
-8.3392E-02
-1.2914E-02
5.4326E-02
4.9607E-02
-3.1660E-02
-1.1583E-01
-1.0357E-01
-3.1415E-02
3.1007E-02
3.9057E-02
1.3680E-02
-1.3824E-02
7.2223E-03
6.4842E-02
8.5183E-02
5.3115E-02
4.9372E-02
7.7234E-02
8.4438E-02
9.2258E-02
1.2842E-01
1.2876E-01
8.0574E-02
2.5278E-02
5.7919E-03
1.0267E-02
4.2917E-02
7.1104E-02
3.8675E-02
-4.3328E-02
-1.0755E-01
-1.3670E-01
-1.0352E-01
-2.3697E-02
1.0527E-02
1.2849E-02
2.6652E-02
4.3505E-02
2.2208E-02
-3.2252E-02
-8.6406E-02
-1.0103E-01
-7.5767E-02
-5.0516E-02
-4.1376E-02
-4.4111E-02
-5.3964E-02
-6.0217E-02
-4.3339E-02
-2.1074E-02
-3.8663E-02
-4.8089E-02
-2.4370E-02
-2.4863E-02
-4.9455E-02
-9.5837E-02
-9.9963E-02
-2.6167E-02
2.6319E-02
2.1002E-02
2.6467E-03
-5.6452E-03
6.3105E-03
1.9874E-02
1.8400E-02
1.5299E-02
2.2522E-02
4.2351E-02
4.9288E-02
1.9775E-02
-2.3834E-03
-2.1445E-02
-1.7027E-02
7.2827E-03
8.0170E-03
1.3797E-02
4.3627E-02
4.5147E-02
1.7978E-02
6.3683E-03
2.0139E-02
4.4197E-02
4.6139E-02
2.2469E-02
1.3129E-02
1.9687E-02
2.4922E-02
2.1255E-02
2.7571E-02
3.7271E-02
2.3855E-02
-1.2322E-02
-2.8578E-02
-1.3635E-02
-3.7280E-02
-6.5028E-02
-4.7244E-02
-1.9736E-02
-1.9541E-02
-3.0594E-02
-1.5857E-02
3.6346E-02
6.2604E-02
1.7715E-02
-3.8122E-02
-5.9928E-02
-4.1816E-02
-4.6249E-03
2.8279E-02
3.3318E-02
2.9616E-02
4.4222E-02
5.4394E-02
4.3770E-02
1.1089E-02
-3.3098E-02
-2.6351E-02
2.5422E-02
3.4708E-02
8.0811E-03
-2.1529E-02
-3.1933E-02
-2.9276E-02
-3.3603E-02
-2.7378E-02
-2.3306E-02
-1.4263E-02
2.5563E-02
8.4229E-02
8.4305E-02
1.6255E-02
-4.5463E-02
-5.6629E-02
-4.9469E-02
-3.0965E-02
-3.5254E-03
-3.6746E-03
1.6381E-03
3.9295E-02
6.0197E-02
2.6035E-02
-1.5340E-02
-2.0048E-02
-1.0909E-02
-3.2559E-02
-7.3087E-02
-1.1491E-01
-1.2943E-01
-8.5874E-02
-3.5490E-02
-3.2653E-02
-4.8565E-02
-3.4324E-02
7.2657E-03
2.4499E-02
2.9144E-02
2.2617E-02
1.7463E-02
1.1065E-02
2.6390E-03
3.6490E-03
1.3774E-03
-2.0001E-02
-3.9142E-02
-6.4097E-02
-8.3997E-02
-6.6681E-02
-1.2023E-02
2.4607E-02
1.7397E-03
-3.1354E-02
-5.5418E-02
-5.6659E-02
-3.7172E-02
-1.2496E-02
-1.1917E-02
-5.8009E-02
-7.8008E-02
-2.4826E-02
3.8646E-02
6.7484E-02
6.2000E-02
4.8142E-02
4.9292E-02
7.0114E-02
8.1385E-02
7.5073E-02
4.8996E-02
-5.4219E-03
-3.1515E-02
-2.3472E-02
-3.1030E-02
-5.0537E-02
-3.6711E-02
-3.9825E-03
1.3555E-03
-9.1253E-03
-1.4907E-02
-5.1173E-03
2.0093E-02
2.7826E-02
1.9620E-02
7.3606E-03
-5.2098E-03
-1.0822E-03
-2.9742E-03
-1.0190E-02
-1.7085E-02
3.4130E-03
5.7327E-02
1.1423E-01
1.1563E-01
5.6085E-02
-1.4142E-02
-4.3586E-02
-5.6593E-04
7.8593E-02
1.1705E-01
8.8338E-02
3.1869E-02
-8.0487E-03
-4.7089E-03
1.0762E-02
1.2874E-02
-2.4568E-02
-5.2832E-02
-2.4624E-02
2.2800E-04
8.5143E-03
-4.1361E-04
-4.1823E-02
-6.2349E-02
-4.5802E-02
-3.4318E-02
-3.5484E-02
-4.9531E-02
-6.3909E-02
-3.6627E-02
4.2292E-02
8.6402E-02
5.5565E-02
-7.7993E-03
-4.3719E-02
-3.3683E-02
-4.7117E-03
1.1540E-02
6.7500E-03
1.5446E-03
1.9804E-03
1.2623E-02
3.2730E-02
4.1942E-02
3.9522E-02
3.3662E-02
1.4959E-02
-1.7955E-02
-4.1263E-02
-3.1578E-02
1.6567E-02
4.6599E-02
2.5478E-02
5.8768E-03
7.7214E-03
2.0763E-02
5.1150E-02
4.8737E-02
2.9419E-02
4.0276E-02
5.9957E-02
5.8981E-02
4.4760E-02
5.5086E-02
8.8502E-02
1.2345E-01
1.0292E-01
3.6164E-02
-2.7662E-02
-4.8144E-02
-3.6545E-02
-1.8721E-02
-3.3241E-03
-1.7354E-03
-1.7805E-03
1.0605E-02
2.5630E-02
2.4528E-02
2.4257E-02
2.9383E-02
3.4817E-02
2.3088E-02
-1.3717E-02
-3.5658E-02
-2.4928E-02
4.7894E-04
2.7964E-02
3.9473E-02
7.9914E-03
-2.8558E-02
-3.7831E-02
-4.5852E-02
-3.3174E-02
-9.0914E-03
8.9734E-03
7.2336E-03
-3.1010E-02
-7.0907E-02
-6.6528E-02
-3.1407E-02
-1.4151E-02
-4.0946E-04
2.2832E-02
4.1483E-02
3.1657E-02
7.9176E-03
1.4579E-02
3.9951E-02
5.3111E-02
4.7981E-02
4.5860E-03
-6.8622E-02
-9.7425E-02
-6.5368E-02
-1.5308E-02
2.2093E-02
2.8811E-02
9.1012E-03
-3.2419E-03
7.3372E-03
2.9057E-02
3.4002E-02
1.0511E-03
-3.3068E-02
-3.4866E-02
-4.0628E-04
3.6288E-02
3.4464E-02
6.8413E-03
-2.7330E-02
-3.8158E-02
-1.6258E-02
1.8153E-02
1.6782E-02
-2.3266E-02
-4.2775E-02
-3.9191E-02
-2.9849E-02
-5.3955E-03
2.6186E-02
5.1800E-02
6.0316E-02
2.4625E-02
-2.7534E-02
-4.5902E-02
-1.0643E-02
3.5265E-02
4.2183E-02
2.4836E-02
-1.4950E-02
-5.0508E-02
-5.3704E-02
-2.4900E-02
9.9494E-03
2.9102E-02
2.6818E-02
-1.5589E-03
-8.9368E-03
7.4090E-03
2.4119E-02
2.9170E-02
1.8322E-02
-6.5138E-03
-2.4435E-02
-2.0720E-02
5.9175E-03
2.3705E-02
3.2249E-03
-4.5010E-02
-8.2110E-02
-6.6490E-02
-3.5495E-02
-2.4390E-02
-3.1432E-02
-2.1285E-02
-8.5598E-03
-1.5640E-02
-3.6785E-02
-5.9872E-02
-6.7758E-02
-4.7542E-02
-2.7378E-02
-2.8424E-03
1.3138E-02
-7.9630E-03
-5.7846E-03
3.2779E-02
6.3969E-02
5.1445E-02
2.1033E-02
7.4597E-03
6.6311E-03
2.6717E-02
4.8385E-02
3.5660E-02
8.6676E-04
-2.3699E-02
-2.5870E-02
-2.7963E-02
-3.0680E-02
-2.0706E-02
9.1710E-03
5.3945E-02
7.6775E-02
7.9318E-02
7.4650E-02
6.0005E-02
5.1941E-02
5.0535E-02
4.8852E-02
2.5722E-02
-2.7747E-02
-6.3181E-02
-3.2958E-02
3.6562E-02
7.1845E-02
4.2947E-02
-1.1767E-02
-5.4065E-02
-6.7594E-02
-4.0970E-02
6.3333E-05
1.3995E-02
9.7657E-03
7.2728E-03
-9.6373E-03
-2.9685E-02
-2.7483E-02
-4.9833E-03
2.3823E-02
4.0910E-02
3.5704E-02
6.6231E-03
-1.1667E-02
-1.1037E-02
-3.3872E-03
-1.5420E-02
-5.3502E-02
-7.4924E-02
-4.4969E-02
-3.5763E-03
2.7604E-02
2.9221E-02
7.6427E-03
-6.0421E-03
2.7936E-03
2.4655E-02
1.9053E-02
1.2815E-02
4.4800E-03
-1.3297E-02
-2.7920E-02
-5.7102E-02
-9.6734E-02
-8.8528E-02
-1.5060E-02
4.8921E-02
5.1743E-02
2.6800E-04
-3.1689E-02
-2.8222E-02
-2.4870E-02
-2.4141E-02
-3.6299E-02
-4.2277E-02
-1.9418E-02
6.0669E-03
4.0113E-03
-2.2180E-02
-5.2049E-02
-6.6331E-02
-4.9473E-02
-1.9135E-02
1.9741E-02
3.8481E-02
2.9471E-02
3.9286E-02
4.1865E-02
4.3499E-02
3.4794E-02
-2.1255E-03
-3.8196E-02
-4.6588E-02
-2.7367E-02
2.1743E-02
8.0419E-02
1.0659E-01
9.3874E-02
4.4646E-02
-9.3173E-03
-4.0025E-02
-3.7564E-02
-2.1800E-02
-1.3200E-02
-1.6774E-02
-1.2977E-02
-2.8118E-06
-9.0682E-03
-2.5323E-02
-3.5709E-02
-3.4948E-02
-1.7524E-02
-1.5790E-02
-2.2963E-02
-9.0403E-03
9.5338E-03
1.0204E-02
2.8745E-03
-3.5266E-03
-1.2875E-02
2.9086E-03
2.1995E-02
6.0629E-03
-2.7657E-02
-3.7625E-02
-2.0506E-02
1.6476E-02
3.7629E-02
1.3302E-02
1.9078E-03
2.5605E-02
5.5804E-02
6.0177E-02
4.7792E-02
4.6994E-02
3.7476E-02
2.3906E-02
1.4461E-02
-6.6329E-03
-5.1789E-03
8.1109E-03
-1.7862E-02
-5.1163E-02
-6.6791E-02
-7.7522E-02
-6.4400E-02
-2.9680E-02
-6.1256E-03
1.9456E-02
3.9184E-02
3.3392E-02
2.4508E-02
4.6960E-03
-2.7246E-02
-4.7444E-02
-4.6870E-02
-3.9197E-02
-2.6274E-02
-5.5802E-03
1.5718E-02
2.9655E-02
1.9959E-02
-1.1988E-02
-4.8668E-02
-6.2392E-02
-4.1163E-02
-5.8731E-03
1.6649E-02
2.1366E-02
3.1354E-02
4.8491E-02
5.0529E-02
2.6599E-02
-1.3001E-03
-2.0393E-03
9.1266E-03
5.7910E-03
-3.0988E-02
-6.5910E-02
-5.6851E-02
-2.7578E-02
1.3031E-03
4.4766E-03
-2.4575E-02
-4.9200E-02
-4.3420E-02
-3.9057E-02
-4.5172E-02
-3.9050E-02
-3.7159E-02
-3.6080E-02
-1.9955E-02
-3.1424E-03
-6.1152E-04
-2.2760E-02
-3.9504E-02
-2.8958E-02
-2.1560E-03
3.6187E-03
-2.3669E-03
7.3267E-05
5.7596E-03
1.3518E-02
1.2199E-02
3.5387E-03
-6.1222E-04
-1.4722E-02
-1.8271E-02
-4.8346E-03
-1.2093E-02
-4.5222E-02
-5.6073E-02
-2.9204E-02
-2.2666E-02
-3.8780E-02
-4.3771E-02
-2.5300E-02
-1.6980E-02
-2.2871E-02
-1.9832E-02
-2.7133E-03
1.5447E-02
2.6849E-02
4.0107E-02
4.5220E-02
4.9684E-02
6.6256E-02
8.5754E-02
1.0461E-01
1.0154E-01
8.2516E-02
7.3630E-02
7.6440E-02
6.9735E-02
5.4743E-02
4.7683E-02
3.4982E-02
2.0954E-02
1.8939E-02
2.4723E-02
2.9290E-02
2.0525E-02
-1.0504E-02
-6.4813E-02
-1.0990E-01
-9.3584E-02
-2.3742E-02
2.9999E-02
5.0986E-02
4.3681E-02
3.1605E-02
3.5929E-02
4.9117E-02
4.6315E-02
2.2329E-02
-1.7903E-02
-5.0186E-02
-6.0517E-02
-4.8005E-02
-2.8134E-02
-2.6147E-02
-1.9164E-02
-3.5339E-03
-2.0366E-03
-5.2497E-03
-2.0645E-03
-5.5405E-03
-1.5134E-02
-2.9369E-02
-3.4547E-02
-3.2928E-02
-4.0669E-02
-4.7434E-02
-5.0966E-02
-5.6002E-02
-5.5118E-02
-3.0795E-02
1.5711E-02
4.1967E-02
4.5585E-02
3.8013E-02
2.1785E-02
4.1553E-03
1.4898E-02
4.5094E-02
5.4611E-02
5.6101E-02
5.3921E-02
3.0710E-02
2.4907E-03
-5.6133E-03
1.1097E-02
3.0382E-02
3.6957E-02
3.7952E-02
4.4597E-02
6.2234E-02
7.9702E-02
7.7252E-02
5.6401E-02
4.2015E-02
2.4510E-02
1.2727E-02
1.9461E-02
1.4834E-02
-2.4942E-03
-1.9337E-02
-2.6517E-02
-1.1161E-02
1.5727E-02
2.4029E-02
1.4041E-02
-5.7167E-03
-1.8899E-02
-1.2217E-02
-1.7548E-03
-5.6448E-03
-2.5103E-02
-2.8509E-02
-1.3436E-03
4.3571E-02
6.9982E-02
7.3091E-02
5.5886E-02
2.3158E-02
8.2160E-03
2.6537E-02
4.5585E-02
2.7048E-02
4.6567E-03
5.1805E-03
1.4438E-02
1.9283E-02
1.1292E-02
-9.7415E-03
-1.7944E-02
-1.3652E-02
-1.4009E-02
-1.3381E-02
-1.5062E-02
-1.4598E-02
-7.7572E-03
-9.9777E-03
-1.7466E-02
9.4914E-03
6.2041E-02
8.9244E-02
7.3011E-02
3.8878E-02
1.3711E-02
1.1018E-02
2.0775E-02
3.2270E-02
4.1647E-02
2.5655E-02
-2.8349E-02
-7.6911E-02
-1.0565E-01
-1.0442E-01
-7.2480E-02
-4.3314E-02
-3.5987E-02
-5.0014E-02
-5.1305E-02
-2.7917E-02
-5.8603E-03
-1.1318E-02
-3.7741E-02
-4.1200E-02
-3.6052E-03
3.1076E-02
2.9193E-02
-1.3157E-02
-8.1164E-02
-9.8808E-02
-3.7484E-02
4.4508E-02
8.1745E-02
5.5385E-02
5.5212E-03
-1.2069E-02
-8.9550E-03
-7.7236E-03
-1.8956E-02
-2.6835E-02
2.0307E-03
4.8951E-02
7.6165E-02
7.4011E-02
4.8995E-02
1.8530E-02
1.1193E-02
1.4244E-02
1.5614E-02
1.7700E-02
2.3834E-03
-2.3955E-02
-4.0071E-02
-5.2065E-02
-5.1553E-02
-2.5908E-02
-2.9749E-03
7.5719E-03
1.5757E-02
9.0559E-03
1.4978E-02
4.8381E-02
7.0967E-02
7.7974E-02
7.7101E-02
5.6393E-02
2.2069E-02
-2.4495E-03
-2.2271E-02
-3.7779E-02
-2.7291E-02
3.5015E-03
1.6569E-02
-1.5218E-02
-5.5651E-02
-5.8433E-02
-3.6611E-02
-3.4399E-02
-1.8635E-02
9.1436E-03
1.1614E-02
-2.2002E-02
-5.2943E-02
-3.2352E-02
3.9933E-03
8.5852E-03
1.3938E-02
6.3080E-03
-2.5387E-02
-2.7335E-02
1.5214E-02
6.0822E-02
4.8705E-02
5.3228E-04
-2.2065E-02
-7.8243E-03
1.0942E-02
1.6154E-02
1.0925E-04
-1.5975E-02
-1.3438E-02
5.5937E-03
2.8926E-02
4.8786E-02
5.2815E-02
1.4262E-02
-3.9178E-02
-7.7520E-02
-6.1658E-02
2.1660E-03
3.7785E-02
1.1371E-02
-2.7100E-02
-5.3748E-02
-5.1591E-02
-1.5169E-02
3.9446E-03
-2.7512E-02
-5.1697E-02
-1.3356E-02
6.2020E-02
1.1001E-01
8.4822E-02
1.9055E-02
-1.4522E-02
2.1483E-02
5.7192E-02
3.7881E-02
-2.4785E-02
-9.3228E-02
-1.0489E-01
-3.9280E-02
3.5558E-02
4.7097E-02
1.2861E-02
-2.2887E-02
-5.3991E-02
-6.8279E-02
-5.9567E-02
-3.2703E-02
4.1629E-03
2.5544E-02
2.1975E-02
-6.4480E-04
-2.4339E-02
-2.4209E-02
-5.6572E-03
-3.8635E-03
-3.1189E-02
-7.5775E-02
-1.0509E-01
-1.0833E-01
-9.0263E-02
-6.3617E-02
-4.8301E-02
-2.4357E-02
-4.8025E-03
-1.1387E-02
-3.8699E-02
-5.7561E-02
-5.6496E-02
-4.9975E-02
-3.9944E-02
-1.8942E-02
-4.9929E-04
1.6860E-02
3.2933E-02
3.5689E-02
1.3037E-02
-9.6902E-03
-7.0608E-03
1.2807E-02
1.6810E-02
-2.4756E-03
-1.8893E-02
-1.6007E-02
2.4848E-02
6.3069E-02
6.7297E-02
4.5337E-02
1.6176E-02
-3.0278E-03
1.7573E-02
6.7376E-02
8.2179E-02
5.2299E-02
1.4472E-02
-1.2560E-03
1.1458E-02
2.6922E-02
3.3063E-02
2.6535E-02
8.6642E-03
-3.4858E-03
1.0427E-02
3.1911E-02
2.7891E-02
-2.6494E-03
-1.7850E-02
7.1858E-03
3.6376E-02
3.5468E-02
1.2713E-02
3.5873E-03
2.7356E-02
5.5485E-02
6.0265E-02
3.3695E-02
-3.8645E-03
-3.0769E-02
-4.7148E-02
-5.1306E-02
-5.9636E-02
-7.4074E-02
-6.9240E-02
-2.9043E-02
1.8440E-02
3.5270E-02
1.0020E-02
-2.7764E-02
-4.6909E-02
-4.7676E-02
-5.0108E-02
-4.3723E-02
-2.1734E-02
2.1798E-03
1.5500E-02
1.1485E-02
-4.4814E-03
-2.4924E-02
-3.3759E-02
-1.6569E-02
1.9239E-03
2.8459E-03
-4.1296E-03
-8.8120E-03
-1.9776E-02
-3.4497E-02
-4.5558E-02
-5.0304E-02
-3.1747E-02
1.0639E-02
2.6561E-02
8.5903E-04
-1.6001E-02
-6.2344E-04
2.4341E-02
2.5393E-02
3.0708E-03
-1.0040E-02
1.5452E-02
4.8908E-02
4.7147E-02
8.1244E-03
-3.2012E-02
-2.9516E-02
1.7722E-02
4.4231E-02
8.7781E-03
-3.4479E-02
-4.0710E-02
-1.3086E-02
1.1590E-02
-8.0418E-03
-4.3251E-02
-4.1522E-02
-1.9875E-02
-2.8878E-02
-5.8207E-02
-6.9355E-02
-3.5159E-02
3.1736E-02
5.8306E-02
3.6671E-02
8.5809E-04
-1.2877E-02
2.8432E-02
7.9909E-02
8.1969E-02
3.6325E-02
-2.3633E-02
-4.5406E-02
-1.8293E-02
-2.7594E-03
-3.1072E-02
-5.1618E-02
-2.2040E-02
2.7426E-02
4.0990E-02
1.2912E-02
-3.4953E-02
-6.3643E-02
-4.0208E-02
-3.5009E-04
-4.9017E-03
-3.2203E-02
-2.4672E-02
2.9751E-02
8.8297E-02
7.7882E-02
2.4521E-02
-1.4334E-03
1.4571E-02
2.6784E-02
-7.7458E-03
-6.2012E-02
-6.5558E-02
-2.9669E-03
7.0697E-02
8.1987E-02
2.6118E-02
-4.4369E-02
-6.8158E-02
-4.3577E-02
-2.4769E-02
-2.8927E-02
-3.5126E-02
-1.2174E-02
4.2268E-02
8.1204E-02
5.8579E-02
1.4067E-02
7.9966E-03
2.6837E-02
3.0501E-02
1.8415E-02
-4.8141E-03
-8.3343E-03
3.5400E-02
7.9571E-02
6.9089E-02
3.0213E-02
1.9662E-02
4.8768E-02
8.7037E-02
7.1407E-02
-1.2887E-02
-7.9385E-02
-7.8030E-02
-2.1196E-02
5.0624E-02
7.0759E-02
3.7463E-02
1.3545E-02
1.7541E-02
1.9928E-02
1.6568E-02
6.4400E-03
7.9740E-03
4.1885E-02
6.7890E-02
4.7300E-02
-5.4101E-03
-4.2783E-02
-2.6380E-02
2.2457E-02
4.2729E-02
1.6372E-02
-2.6500E-02
-5.3196E-02
-3.8206E-02
-4.8028E-03
1.1368E-02
5.2350E-03
-2.3200E-02
-4.3741E-02
-4.7809E-02
-3.2866E-02
-4.3827E-03
1.8398E-02
9.8618E-03
-2.6665E-02
-5.1337E-02
-4.5145E-02
-1.4093E-02
1.9922E-02
2.7315E-02
-9.8747E-03
-4.3913E-02
-4.3204E-02
-2.9967E-02
-3.2074E-02
-5.0777E-02
-4.9311E-02
-1.3003E-02
2.3712E-02
5.2887E-02
5.6970E-02
2.8975E-02
-1.4859E-02
-3.9587E-02
-2.2822E-02
1.0700E-02
4.0294E-02
5.2100E-02
3.6234E-02
2.4172E-02
4.1069E-02
5.6772E-02
5.2953E-02
4.2786E-02
3.1432E-02
9.5141E-03
-1.5742E-02
-2.1365E-02
3.3333E-03
9.9193E-03
-1.9012E-02
-3.6843E-02
-9.8227E-03
4.0503E-02
6.2739E-02
2.9284E-02
-2.1763E-02
-4.2097E-02
-1.4143E-02
1.7540E-02
1.6456E-02
-1.0614E-02
-3.3526E-02
-2.3081E-02
1.2631E-02
4.5497E-02
4.5166E-02
1.6489E-02
-1.9872E-02
-4.1875E-02
-5.1250E-02
-6.1508E-02
-6.0562E-02
-3.4072E-02
-2.9786E-03
9.6079E-03
5.7676E-03
-2.0513E-02
-4.8024E-02
-4.4219E-02
-2.6207E-02
-1.9028E-02
-2.8348E-02
-4.0128E-02
-3.8054E-02
-1.0998E-02
3.3275E-02
6.1882E-02
6.2099E-02
4.3834E-02
8.6915E-03
-2.0215E-02
-1.9893E-02
1.9390E-03
1.8127E-02
2.1489E-02
1.1536E-02
-7.6538E-04
-9.9334E-03
-1.6722E-02
-2.4258E-02
-3.8306E-02
-4.8032E-02
-3.2990E-02
-5.6011E-03
2.0899E-04
-1.9851E-02
-4.5915E-02
-4.3237E-02
-1.2593E-02
1.7416E-02
3.6915E-02
3.2807E-02
1.5636E-02
1.1366E-02
2.2234E-02
2.7260E-02
4.0500E-03
-2.0320E-02
-1.9344E-02
5.0229E-03
2.2808E-02
7.8768E-03
-2.6524E-02
-2.9926E-02
-4.6004E-03
1.8094E-02
3.7956E-02
4.9995E-02
3.3004E-02
-3.2158E-03
-3.8658E-02
-3.3067E-02
1.1281E-02
3.6989E-02
3.2097E-02
5.5732E-03
-1.8416E-02
-2.7563E-02
-2.2394E-02
-2.9645E-02
-5.5204E-02
-6.5795E-02
-4.2329E-02
8.7069E-03
4.0724E-02
3.1162E-02
9.2090E-03
7.7998E-03
1.8449E-02
6.2829E-03
-3.3311E-02
-6.4018E-02
-5.9258E-02
-4.3094E-03
6.6641E-02
7.5662E-02
1.9714E-02
-5.7251E-02
-9.7055E-02
-6.9623E-02
-1.8674E-02
5.9921E-03
1.7185E-02
1.7176E-02
2.9805E-02
5.9268E-02
7.1211E-02
4.1914E-02
-5.1272E-03
-3.6413E-02
-4.0863E-02
-2.3746E-02
-8.6384E-03
-3.0135E-03
-7.3973E-04
2.6218E-03
2.6615E-02
6.1461E-02
6.9023E-02
3.1015E-02
-1.7610E-02
-4.3990E-02
-2.2765E-02
3.6382E-02
6.5153E-02
3.2977E-02
-1.7393E-02
-2.3707E-02
3.6885E-03
3.4295E-02
3.6437E-02
5.9266E-03
-1.6894E-02
-9.6568E-03
3.0096E-03
-2.5464E-03
-1.8629E-02
-9.8290E-03
2.2662E-02
4.6659E-02
3.7038E-02
3.8494E-03
-1.0825E-02
1.6269E-02
4.8085E-02
4.7013E-02
1.4637E-02
-2.6900E-02
-3.2483E-02
-2.7046E-03
1.3099E-02
8.4615E-04
-5.9076E-03
-9.1228E-04
1.7131E-02
4.1136E-02
3.8456E-02
1.5062E-02
3.9684E-03
7.3580E-03
1.0388E-02
1.2923E-02
2.0042E-02
2.8075E-02
2.1775E-02
1.5275E-03
-2.4979E-02
-4.4396E-02
-3.6476E-02
7.8582E-03
4.2455E-02
2.4373E-02
-9.5485E-03
-2.1939E-02
-6.8258E-03
2.9049E-02
4.7619E-02
4.2772E-02
3.1623E-02
2.6253E-02
2.9766E-02
1.8093E-02
1.9109E-03
-2.4920E-04
1.3332E-02
1.8320E-02
1.2685E-02
-9.6197E-03
-3.5994E-02
-2.9394E-02
5.2586E-03
3.7572E-02
4.2781E-02
1.8211E-02
-2.4269E-02
-4.9661E-02
-4.6715E-02
-2.9058E-02
4.0926E-03
4.6597E-02
6.8418E-02
3.7781E-02
-1.2487E-02
-3.7544E-02
-2.4783E-02
-3.4797E-04
4.9142E-03
-6.5306E-03
-2.6228E-02
-1.6631E-02
1.6100E-02
2.1917E-02
-9.5810E-03
-4.8374E-02
-4.4667E-02
1.7900E-02
7.6642E-02
8.7036E-02
4.4844E-02
-2.4248E-02
-8.4320E-02
-9.1144E-02
-3.5381E-02
2.5492E-02
4.2806E-02
2.7169E-02
8.0571E-03
-6.9043E-03
-2.9258E-02
-4.6191E-02
-3.6490E-02
-1.3708E-03
3.9266E-02
6.8913E-02
6.6285E-02
1.6339E-02
-3.8791E-02
-4.7636E-02
-1.1958E-02
3.2848E-02
5.3308E-02
4.1986E-02
2.5028E-02
2.3434E-02
2.3979E-02
6.6381E-03
-2.9818E-02
-5.4509E-02
-3.2370E-02
1.1170E-02
3.0267E-02
2.1165E-02
-1.3771E-03
-2.3763E-02
-3.3313E-02
-2.9335E-02
-2.1865E-02
-2.0126E-02
-1.6189E-02
-1.4063E-02
-7.6503E-03
-4.2028E-03
-9.4377E-03
-1.9352E-02
-3.3812E-02
-3.5828E-02
-2.9782E-02
-3.7353E-02
-4.1977E-02
-2.0328E-02
2.3883E-02
5.5269E-02
4.9302E-02
2.2731E-02
5.5340E-03
-3.1400E-03
-8.2090E-03
3.8033E-03
9.5795E-03
-1.8474E-02
-5.7796E-02
-7.5776E-02
-5.7782E-02
-1.0680E-02
3.0622E-02
4.3682E-02
2.9374E-02
1.9301E-02
1.0849E-02
-3.2570E-03
-1.1741E-02
-1.2798E-02
-3.6188E-03
9.0858E-03
2.0944E-03
-2.3440E-02
-4.0444E-02
-4.0849E-02
-9.0118E-03
3.9159E-02
5.6464E-02
1.4896E-02
-5.5425E-02
-8.6092E-02
-4.4450E-02
2.1829E-02
5.6182E-02
5.7045E-02
1.9134E-02
-1.4856E-02
-8.7503E-03
2.2785E-02
4.5942E-02
4.7347E-02
2.6980E-02
4.9648E-03
3.7633E-03
1.7287E-02
1.5998E-02
2.9353E-03
4.7353E-03
5.8284E-03
-7.1135E-04
-1.3042E-02
-2.2884E-02
-2.7407E-02
-3.7710E-02
-6.0280E-02
-5.7689E-02
-1.8367E-02
3.3060E-02
4.5378E-02
-2.1120E-03
-5.3994E-02
-5.4507E-02
-1.1265E-02
4.2932E-02
6.9275E-02
3.7883E-02
-1.0115E-02
-1.9644E-02
1.0915E-03
1.8746E-02
2.2990E-02
-5.2118E-03
-3.7630E-02
-3.7938E-02
-6.6793E-03
2.8769E-02
5.6106E-02
5.7239E-02
2.1076E-02
-2.5961E-02
-4.3535E-02
-2.8805E-03
5.6544E-02
7.0948E-02
3.2231E-02
-1.3046E-02
-3.7152E-02
-2.9179E-02
-7.8736E-03
6.0875E-04
-5.0150E-03
-2.2282E-03
8.6874E-03
1.6681E-02
-1.3588E-03
-3.4059E-02
-5.0152E-02
-3.0394E-02
3.8952E-03
1.2931E-02
-1.2009E-02
-4.4610E-02
-3.8884E-02
-3.6547E-03
2.7334E-02
2.9611E-02
-4.9109E-03
-5.7223E-02
-6.8276E-02
-2.4106E-02
2.5525E-02
4.4322E-02
2.9607E-02
-1.1259E-02
-5.9553E-02
-6.4879E-02
-1.6634E-02
4.2263E-02
7.7925E-02
6.4731E-02
2.6758E-02
7.4180E-03
1.3907E-02
2.9642E-02
4.4939E-02
3.7615E-02
1.0490E-03
-4.5341E-02
-6.5683E-02
-4.2165E-02
4.6298E-03
2.9497E-02
2.8061E-02
2.0324E-02
2.7456E-02
4.4566E-02
5.9157E-02
5.8728E-02
1.9749E-02
-3.0608E-02
-5.6026E-02
-6.1403E-02
-4.2256E-02
-6.5185E-03
2.0548E-02
3.8273E-02
4.9171E-02
5.7680E-02
4.9584E-02
2.5789E-02
8.0196E-03
-1.7088E-04
-1.5244E-02
-3.1561E-02
-3.8406E-02
-2.6125E-02
1.0421E-03
2.5912E-02
3.1570E-02
1.5669E-02
-1.0531E-02
-2.8701E-02
-2.7242E-02
-8.6633E-03
1.7585E-02
3.5784E-02
2.9874E-02
3.8137E-03
-2.5267E-02
-3.9598E-02
-3.3968E-02
-1.1085E-02
6.2793E-03
7.6311E-03
1.2266E-02
1.1708E-02
-6.5900E-04
-5.3339E-03
2.2539E-03
2.3042E-02
3.3655E-02
1.2759E-02
-2.0293E-02
-2.8033E-02
-1.6216E-02
3.1622E-03
1.4372E-02
-5.9922E-03
-2.8237E-02
-2.5605E-02
-1.0505E-02
5.3064E-04
-1.9457E-03
-1.7239E-02
-2.2431E-02
-1.9618E-02
-1.5377E-02
-2.2405E-02
-3.5305E-02
-2.4025E-02
1.4557E-02
3.2068E-02
8.6681E-03
-2.3182E-02
-2.5498E-02
-1.9156E-03
1.9270E-02
2.8750E-02
1.2234E-02
-2.7796E-02
-5.5959E-02
-5.7761E-02
-3.9668E-02
-8.1802E-03
3.4254E-02
6.0884E-02
4.9234E-02
9.9773E-03
-9.5712E-03
2.8027E-03
1.8789E-02
1.8852E-02
4.1115E-04
-1.4537E-02
-1.5929E-03
2.5884E-02
2.9270E-02
5.6198E-03
-1.6287E-02
-9.6640E-03
5.5712E-03
1.3146E-02
4.2615E-03
-1.4859E-02
-3.3518E-02
-3.8130E-02
-4.2299E-02
-5.6919E-02
-6.7127E-02
-6.6533E-02
-4.4608E-02
1.1649E-02
6.6846E-02
6.7471E-02
3.5667E-02
1.4965E-02
5.2261E-03
-1.2184E-02
-3.1165E-02
-4.9484E-02
-4.9470E-02
-2.6449E-02
-2.0967E-02
-2.2538E-02
-1.1422E-02
1.3803E-02
4.4025E-02
6.1299E-02
5.4950E-02
3.5739E-02
2.0877E-02
1.3471E-02
1.2697E-02
5.6549E-03
-2.4120E-02
-5.6489E-02
-6.0846E-02
-3.9802E-02
2.8297E-03
5.5192E-02
8.3784E-02
6.7487E-02
3.4138E-02
1.4084E-02
1.1942E-02
2.1848E-02
2.6398E-02
1.0349E-02
-2.0659E-02
-3.7694E-02
-2.5332E-02
-2.8323E-03
4.4884E-03
1.6115E-02
3.4376E-02
4.5197E-02
4.3047E-02
1.0654E-02
-3.5996E-02
-5.1876E-02
-2.8983E-02
7.7121E-03
2.4535E-02
1.2577E-02
7.2390E-03
2.4094E-02
4.6054E-02
5.0079E-02
3.0186E-02
-3.9352E-03
-2.2173E-02
1.0890E-04
3.8682E-02
5.8223E-02
3.2675E-02
-1.3867E-02
-2.7010E-02
2.0225E-03
4.3391E-02
5.5796E-02
3.2136E-02
1.8841E-03
-1.5144E-02
-2.3274E-02
-2.4087E-02
-2.4553E-02
-2.6745E-02
-3.4069E-02
-4.2070E-02
-3.0469E-02
6.7838E-03
4.1527E-02
5.3934E-02
4.2201E-02
1.3743E-02
-1.0605E-02
-2.4352E-02
-3.8220E-02
-4.3549E-02
-4.2621E-02
-3.7177E-02
-2.7646E-02
-3.5430E-02
-5.8374E-02
-7.1769E-02
-7.2170E-02
-7.3428E-02
-7.1919E-02
-6.7298E-02
-7.7362E-02
-9.7588E-02
-1.1824E-01
-1.4096E-01
-1.4627E-01
-1.2268E-01
-7.3266E-02
-2.6812E-02
-1.8033E-02
-5.1037E-02
-9.4432E-02
-9.9403E-02
-6.0980E-02
-2.0990E-02
-8.1025E-03
-3.0172E-02
-5.8875E-02
-6.0343E-02
-4.4186E-02
-3.0247E-02
-1.1789E-02
6.8337E-03
6.7993E-03
-1.3456E-02
-3.6474E-02
-3.3332E-02
6.7797E-03
5.7017E-02
8.2191E-02
5.5179E-02
1.0536E-03
-1.8113E-02
1.3597E-02
5.3492E-02
6.1831E-02
4.7370E-02
3.8919E-02
5.0088E-02
7.4521E-02
7.5833E-02
3.6996E-02
-4.6261E-04
3.8040E-03
3.8889E-02
6.4292E-02
5.2159E-02
1.7983E-02
8.1057E-03
3.6980E-02
6.9047E-02
8.0717E-02
7.8058E-02
6.6512E-02
5.3234E-02
4.5022E-02
3.9145E-02
3.8060E-02
5.9133E-02
9.8896E-02
1.4172E-01
1.5953E-01
1.3948E-01
1.0024E-01
6.6717E-02
4.3022E-02
1.9151E-02
-1.6882E-03
2.2794E-03
3.3134E-02
5.9468E-02
4.6897E-02
-6.7455E-03
-6.7494E-02
-9.7970E-02
-8.8634E-02
-6.2853E-02
-4.2046E-02
-3.9297E-02
-4.3409E-02
-4.2597E-02
-3.7237E-02
-3.7897E-02
-5.3172E-02
-7.2589E-02
-7.4352E-02
-4.9955E-02
-1.6525E-02
-4.6761E-03
-2.9693E-02
-6.5155E-02
-7.4044E-02
-4.8877E-02
-9.4021E-03
5.8530E-03
-2.1370E-02
-6.6774E-02
-8.8694E-02
-6.5365E-02
-6.5120E-03
3.8329E-02
3.8860E-02
2.1395E-02
1.3410E-02
2.9149E-02
5.1047E-02
5.7613E-02
5.7663E-02
6.9013E-02
9.4539E-02
1.1547E-01
1.0962E-01
8.1558E-02
5.4480E-02
4.0811E-02
3.3558E-02
3.0075E-02
3.4331E-02
4.2041E-02
4.8291E-02
5.7675E-02
6.0881E-02
5.9989E-02
6.0609E-02
5.3473E-02
1.6753E-02
-4.8086E-02
-1.0349E-01
-1.2203E-01
-7.7525E-02
-2.1305E-03
3.8808E-02
2.6479E-02
-1.1035E-02
-3.2357E-02
-2.7442E-02
-1.8232E-02
-1.6516E-02
-1.4171E-02
-3.8294E-03
1.4096E-02
2.5462E-02
1.1397E-02
-2.9743E-02
-6.4244E-02
-6.6702E-02
-5.3918E-02
-4.3961E-02
-5.1222E-02
-5.9851E-02
-3.6805E-02
1.8364E-02
7.0047E-02
7.8360E-02
3.5746E-02
-2.9484E-02
-7.2862E-02
-7.4989E-02
-3.4738E-02
8.5250E-03
2.8433E-02
3.0184E-02
2.2366E-02
1.0502E-02
9.6061E-03
1.7920E-02
1.8660E-02
6.5476E-03
-2.5839E-02
-6.6976E-02
-7.2300E-02
-3.2427E-02
1.3820E-02
3.2460E-02
8.7452E-03
-2.5318E-02
-1.9204E-02
2.5880E-02
6.3073E-02
5.0526E-02
3.1261E-03
-3.5989E-02
-4.2854E-02
-1.7870E-02
1.1573E-02
2.0237E-02
1.0465E-02
1.9919E-03
3.0338E-03
-4.5152E-03
-3.4871E-02
-7.2669E-02
-9.3509E-02
-6.5893E-02
-7.1698E-03
3.1470E-02
2.4135E-02
-1.6356E-02
-5.3020E-02
-5.2134E-02
-2.3635E-02
-1.0709E-02
-2.0380E-02
-3.3495E-02
-3.4588E-02
-1.3776E-02
1.7653E-02
3.2725E-02
1.5816E-02
-1.7922E-02
-4.5221E-02
-5.7633E-02
-4.6647E-02
-1.6814E-02
1.3658E-03
-6.0765E-03
-2.0585E-02
-2.7697E-02
-1.9357E-02
6.9508E-03
3.1693E-02
3.6110E-02
3.1624E-02
3.2614E-02
2.7623E-02
1.2702E-03
-3.6237E-02
-6.5411E-02
-6.5746E-02
-4.6261E-02
-2.4843E-02
-2.2696E-02
-4.4735E-02
-7.2168E-02
-7.8079E-02
-5.7358E-02
-2.4199E-02
7.3337E-03
1.5612E-02
9.6887E-04
-2.1933E-02
-3.7433E-02
-4.0051E-02
-3.8439E-02
-3.6229E-02
-2.9373E-02
-1.7403E-02
-8.2962E-03
-9.3135E-03
-4.1476E-03
1.1038E-02
3.4203E-02
5.1217E-02
4.6414E-02
2.1107E-02
-7.3735E-03
-2.4852E-02
-2.1074E-02
-1.8414E-03
1.7324E-02
3.0207E-02
5.3826E-02
8.5790E-02
1.0035E-01
6.7628E-02
3.8641E-03
-4.5999E-02
-5.4030E-02
-2.1501E-02
1.6475E-02
2.8799E-02
1.6599E-02
1.6189E-02
3.8938E-02
6.5222E-02
7.1030E-02
6.4798E-02
6.2687E-02
6.9682E-02
6.8626E-02
5.0968E-02
2.1612E-02
-7.6903E-03
-5.8930E-03
3.7519E-02
8.5632E-02
9.8948E-02
5.9622E-02
7.3688E-03
-1.9190E-02
-1.6947E-02
-1.0396E-02
-8.2638E-03
-1.9402E-03
1.6750E-02
4.3926E-02
6.1653E-02
5.9971E-02
2.9041E-02
-9.6137E-03
-3.2731E-02
-4.3180E-02
-4.4507E-02
-3.5589E-02
-1.3083E-02
2.3056E-02
6.2436E-02
7.6942E-02
3.7960E-02
-2.6040E-02
-7.1140E-02
-8.2362E-02
-5.2672E-02
1.7763E-02
7.5059E-02
7.8311E-02
3.3899E-02
-1.0069E-02
-1.7139E-02
-2.8382E-03
-2.3064E-03
-1.6992E-02
-3.1234E-02
-3.4311E-02
-2.3714E-02
-7.5517E-03
3.0320E-03
5.0213E-03
1.8986E-03
-3.5427E-04
-6.0904E-04
-4.5561E-03
-1.1254E-02
-2.7234E-02
-3.6334E-02
-1.6322E-02
1.1689E-02
2.9315E-02
2.6395E-02
-2.5968E-03
-2.3161E-02
-8.3410E-03
1.2247E-02
-3.3033E-03
-5.1689E-02
-7.6119E-02
-3.7923E-02
3.3612E-02
8.4050E-02
7.6507E-02
2.3402E-02
-1.1110E-02
1.5244E-02
7.8434E-02
1.1351E-01
7.2691E-02
-4.6790E-03
-4.3130E-02
-1.6563E-02
3.4192E-02
5.6587E-02
3.4162E-02
1.4519E-02
1.6155E-02
2.0156E-02
1.5126E-02
7.9073E-03
7.4172E-03
2.8411E-02
6.1100E-02
7.2095E-02
4.6861E-02
5.1031E-03
-1.4546E-02
-7.1126E-03
1.1638E-02
1.9676E-02
8.4955E-03
-1.1851E-02
-2.9034E-02
-3.8443E-02
-4.0120E-02
-2.9689E-02
2.5501E-05
3.6914E-02
5.7686E-02
5.2425E-02
2.1110E-02
-1.6468E-02
-3.4165E-02
-1.7611E-02
2.4156E-02
4.1312E-02
3.0446E-02
1.9988E-02
1.0804E-02
3.7080E-03
2.5851E-03
9.4504E-03
2.0021E-02
2.9663E-02
4.1988E-02
5.6953E-02
6.6733E-02
5.2513E-02
1.6860E-02
-2.0482E-02
-3.6803E-02
-2.2603E-02
5.7179E-03
1.7719E-02
1.5656E-03
-1.7996E-02
-1.9132E-02
-3.2895E-03
1.1526E-02
6.3807E-03
-2.1019E-02
-3.9646E-02
-2.5295E-02
8.0601E-03
2.9215E-02
2.4330E-02
3.6892E-03
-2.6761E-02
-5.3718E-02
-7.1111E-02
-6.5816E-02
-3.4530E-02
7.8171E-03
3.5381E-02
1.5992E-02
-4.4014E-02
-9.2106E-02
-9.3646E-02
-5.6057E-02
-9.4141E-03
8.3773E-03
-4.4146E-03
-3.0190E-02
-4.6808E-02
-4.5766E-02
-3.1946E-02
-1.1532E-02
2.0193E-04
-3.1942E-03
-1.8128E-02
-4.3785E-02
-5.8792E-02
-4.7262E-02
-2.5156E-02
-1.2757E-02
-1.0962E-02
-1.2494E-02
9.1031E-03
4.1058E-02
2.5303E-02
-3.5192E-02
-8.0053E-02
-7.1592E-02
-1.5602E-02
4.7253E-02
6.2591E-02
2.3850E-02
-1.2353E-02
-2.0940E-02
5.8465E-04
4.4589E-02
6.3430E-02
5.2433E-02
2.3076E-02
-1.4502E-02
-3.7315E-02
-3.2181E-02
1.4425E-03
4.5282E-02
6.4704E-02
3.5811E-02
-1.2174E-02
-4.5742E-02
-4.3246E-02
-7.7595E-03
2.1571E-02
2.2686E-02
3.1321E-03
-1.0554E-02
-2.1754E-02
-3.4286E-02
-4.0819E-02
-3.7249E-02
-1.3149E-02
1.6199E-02
2.0387E-02
-1.0513E-02
-4.6168E-02
-4.5807E-02
-5.8683E-03
4.8955E-02
6.9181E-02
3.0591E-02
-1.5383E-02
-2.1729E-02
1.1768E-02
5.0301E-02
5.9231E-02
3.7077E-02
5.0908E-03
-4.2891E-03
1.3440E-03
-2.1166E-03
-3.5692E-04
1.6224E-02
3.7805E-02
5.2858E-02
4.9215E-02
1.6322E-02
-2.7359E-02
-4.6869E-02
-2.8556E-02
1.2161E-02
4.7119E-02
5.2995E-02
3.7371E-02
9.1008E-03
-2.1672E-02
-2.9076E-02
-9.9413E-03
1.2154E-02
2.0628E-02
1.7697E-02
3.5868E-03
-2.7585E-02
-5.8348E-02
-6.4785E-02
-4.4422E-02
-9.6586E-03
1.6728E-02
2.3566E-02
7.1532E-03
-1.8666E-02
-3.2587E-02
-2.7554E-02
-2.3084E-02
-2.6717E-02
-4.2595E-02
-6.1024E-02
-6.2410E-02
-4.1331E-02
-5.8707E-03
2.9671E-02
4.4639E-02
3.1317E-02
8.2395E-03
-1.2144E-02
-2.6333E-02
-3.2649E-02
-4.0971E-02
-5.0543E-02
-3.8958E-02
-1.2036E-02
9.5823E-03
1.3901E-02
-5.2518E-03
-3.9126E-02
-6.7870E-02
-6.8800E-02
-2.7524E-02
2.7927E-02
5.5702E-02
3.1995E-02
-2.4765E-02
-6.4006E-02
-4.9912E-02
-5.9120E-03
2.6922E-02
2.5931E-02
2.1318E-03
-8.0353E-03
6.0235E-03
2.3859E-02
3.1313E-02
2.4096E-02
-3.4814E-03
-3.8389E-02
-6.4066E-02
-6.3483E-02
-2.8656E-02
1.0215E-02
1.8388E-02
2.7379E-03
-1.6659E-02
-2.6360E-02
-1.8344E-02
4.9743E-04
1.1100E-02
3.5587E-03
-2.0758E-02
-3.7528E-02
-2.2098E-02
1.1773E-02
3.6076E-02
2.6254E-02
-2.2469E-03
-1.4153E-02
-1.9642E-03
2.3279E-02
3.5403E-02
2.2687E-02
-2.8161E-03
-2.7087E-02
-4.1301E-02
-5.1433E-02
-4.9913E-02
-3.3325E-02
-1.7803E-02
3.9183E-03
2.3269E-02
1.0496E-02
-2.4782E-02
-4.5163E-02
-4.2922E-02
-2.2689E-02
9.2668E-05
7.2407E-03
-1.6621E-03
-2.9221E-02
-4.9124E-02
-3.4230E-02
3.8150E-03
3.9643E-02
6.0561E-02
5.7255E-02
2.5173E-02
-1.3350E-02
-3.6330E-02
-4.6917E-02
-4.8329E-02
-3.9440E-02
-2.7301E-02
-1.0860E-02
1.0174E-02
1.8957E-02
1.2734E-02
4.9564E-04
-1.7266E-02
-2.7831E-02
-2.9176E-02
-2.6587E-02
-2.1040E-02
-9.3551E-03
1.0268E-02
2.5565E-02
3.0953E-02
3.6776E-02
3.4534E-02
1.7597E-02
5.3031E-03
9.3403E-03
2.0082E-02
2.7708E-02
2.5213E-02
2.1444E-02
2.3894E-02
2.4033E-02
1.8284E-02
1.3092E-03
-2.0751E-02
-1.6458E-02
2.7295E-02
6.8529E-02
6.5901E-02
1.8479E-02
-2.1922E-02
-1.2682E-02
3.0518E-02
6.3885E-02
6.1612E-02
3.1575E-02
4.4615E-03
1.0212E-02
3.5423E-02
4.3135E-02
1.6064E-02
-1.0520E-02
-9.9708E-03
-6.9732E-03
-3.1742E-03
1.3799E-02
4.5758E-02
7.3909E-02
7.7869E-02
6.1516E-02
3.9141E-02
2.2640E-02
2.5782E-02
3.4051E-02
2.6387E-02
-1.9587E-03
-3.0274E-02
-3.3184E-02
-5.1614E-03
1.3932E-02
-7.4651E-03
-4.4919E-02
-5.9004E-02
-4.1454E-02
-2.7418E-02
-3.0261E-02
-3.5968E-02
-3.0674E-02
-7.5826E-03
1.8039E-02
1.5409E-02
-1.6052E-03
-1.4232E-02
-4.1232E-03
2.7611E-02
4.8751E-02
3.1973E-02
-1.1766E-02
-5.4437E-02
-7.5537E-02
-6.5400E-02
-2.5865E-02
2.2986E-02
5.8110E-02
5.6158E-02
1.2619E-02
-3.3188E-02
-3.2374E-02
-2.6433E-03
1.1134E-02
8.1970E-03
-1.5421E-03
-4.3758E-03
6.7212E-03
2.1698E-02
1.7190E-02
1.1639E-02
2.4474E-02
3.8619E-02
3.7837E-02
2.9827E-02
1.7454E-02
-2.2016E-03
-3.1002E-03
1.4205E-02
3.4325E-02
4.4688E-02
2.5897E-02
4.1773E-03
8.5031E-03
1.5593E-02
9.3270E-03
7.4312E-03
1.7370E-02
2.8839E-02
2.7515E-02
2.0395E-02
6.0317E-03
-1.6137E-02
-2.9156E-02
-2.1789E-02
-2.2829E-03
1.6454E-02
3.0676E-02
3.7424E-02
2.6090E-02
-5.8098E-03
-5.0908E-02
-7.1653E-02
-4.7349E-02
-9.2988E-03
2.5224E-02
3.4981E-02
2.5382E-02
3.4402E-03
-2.0046E-02
-2.7862E-02
-2.5095E-02
-1.0521E-02
1.4275E-02
3.6646E-02
3.0163E-02
-6.2807E-03
-3.0682E-02
-8.0071E-03
2.8260E-02
3.2082E-02
9.1065E-03
-7.6690E-03
-2.9026E-04
1.9246E-02
1.3289E-02
-3.3531E-02
-7.5687E-02
-7.4186E-02
-3.2418E-02
2.5120E-02
5.9529E-02
4.1850E-02
2.4782E-04
-1.5552E-02
6.7636E-03
2.6117E-02
2.8755E-02
5.2698E-03
-2.5363E-02
-3.1328E-02
-1.7802E-02
1.1238E-03
1.2330E-02
6.1472E-03
3.7659E-03
6.3471E-05
-1.8466E-02
-2.1455E-02
-5.1596E-03
2.9663E-03
-5.2273E-03
-2.5690E-02
-5.5125E-02
-6.0357E-02
-3.7872E-02
-8.7296E-03
1.0417E-02
2.8476E-04
-2.2816E-02
-1.6885E-02
1.6052E-02
2.6945E-02
8.3825E-03
-8.5091E-03
-2.8874E-02
-4.5388E-02
-3.6408E-02
-8.4022E-03
2.6580E-02
4.4437E-02
3.4775E-02
8.1884E-03
-2.2438E-02
-4.0172E-02
-3.2482E-02
-6.2738E-03
1.2834E-02
1.2414E-02
8.6517E-03
2.0659E-02
4.3705E-02
3.9994E-02
8.5291E-03
-2.5428E-02
-3.7926E-02
-2.4358E-02
-9.5252E-03
-4.0121E-03
-1.2205E-02
-2.6025E-02
-2.9603E-02
-1.6578E-02
3.1588E-03
2.1220E-02
2.8159E-02
1.6097E-02
-1.1003E-02
-2.6466E-02
-1.4109E-02
8.5765E-03
1.5045E-02
-1.0769E-02
-5.0582E-02
-6.2805E-02
-3.9631E-02
8.2121E-03
4.6460E-02
3.5658E-02
-1.0313E-02
-4.8319E-02
-4.5442E-02
-2.0102E-02
3.7589E-03
1.1580E-02
-6.9374E-03
-2.2607E-02
-1.6400E-02
-1.7724E-03
6.3036E-03
1.8057E-02
3.3884E-02
4.6391E-02
4.7830E-02
3.0279E-02
6.4047E-03
-4.7538E-03
5.1725E-03
3.2451E-02
5.2535E-02
5.1166E-02
2.4782E-02
-1.2848E-02
-3.4112E-02
-4.1130E-02
-3.5883E-02
-1.3288E-02
3.0148E-02
7.3596E-02
9.6318E-02
7.9382E-02
1.9169E-02
-4.2782E-02
-5.3924E-02
-1.2063E-02
3.3297E-02
3.7282E-02
-1.7446E-03
-4.2881E-02
-4.6616E-02
-1.8470E-02
2.5991E-02
4.9104E-02
2.4916E-02
-1.3664E-02
-2.5723E-02
-1.0792E-02
1.2497E-02
2.6608E-02
3.3018E-02
4.1508E-02
4.3395E-02
2.2432E-02
-7.6329E-03
-2.9837E-02
-3.4397E-02
-2.1010E-02
-2.2775E-03
2.4473E-02
4.9950E-02
5.2081E-02
3.1266E-02
1.4307E-02
4.6750E-03
1.3136E-02
4.1831E-02
5.7324E-02
3.8286E-02
1.1058E-02
-4.2781E-03
6.7934E-03
1.9824E-02
-5.4693E-03
-6.0257E-02
-1.0562E-01
-8.7203E-02
-1.2512E-02
4.7586E-02
4.3892E-02
-1.5120E-02
-7.9833E-02
-8.9552E-02
-5.2598E-02
-1.4960E-02
3.6005E-03
3.3638E-03
-2.0298E-03
3.2980E-03
1.8699E-02
2.5586E-02
2.3820E-02
7.5905E-03
-1.4492E-02
-2.4900E-02
-1.1236E-02
1.7644E-02
3.5701E-02
2.8177E-02
3.9714E-03
-1.5285E-02
-1.0096E-02
2.4207E-02
5.6182E-02
4.6740E-02
2.6248E-03
-2.5806E-02
-2.1649E-02
-1.2004E-03
1.4219E-02
1.9663E-02
1.3045E-02
1.5499E-02
2.2568E-02
1.2112E-02
-1.4426E-02
-4.2027E-02
-3.3782E-02
1.2676E-02
5.2158E-02
5.1553E-02
3.6811E-02
2.4429E-02
8.9638E-03
2.0829E-03
-1.0524E-03
9.9658E-04
6.8956E-03
-9.6906E-04
-4.2791E-03
1.6652E-02
3.4286E-02
4.1443E-02
3.9146E-02
2.0916E-02
2.1238E-03
-2.2741E-02
-3.7214E-02
-3.4319E-02
-3.2245E-02
-2.0390E-02
1.5598E-02
5.2300E-02
5.7660E-02
3.0337E-02
-2.2200E-02
-5.3935E-02
-3.3288E-02
1.8464E-02
5.9659E-02
6.0256E-02
3.9530E-02
2.4519E-02
1.6992E-02
7.9634E-03
-1.4522E-02
-3.6442E-02
-3.1830E-02
-7.7874E-03
9.3509E-03
3.1810E-03
-2.6327E-02
-5.0905E-02
-3.5690E-02
-1.1473E-02
-3.4180E-03
1.6396E-02
3.3590E-02
1.9942E-02
-1.3573E-02
-4.8484E-02
-6.9652E-02
-8.1395E-02
-8.6650E-02
-7.3408E-02
-3.0373E-02
1.9355E-02
3.5721E-02
1.0807E-03
-5.4811E-02
-8.4903E-02
-6.8113E-02
-2.6095E-02
4.0637E-03
2.8451E-02
3.0937E-02
1.1076E-02
1.8539E-02
4.4266E-02
4.2236E-02
-8.5404E-04
-6.1482E-02
-1.0253E-01
-6.9659E-02
3.9363E-03
3.4140E-02
7.9820E-03
-3.5970E-02
-4.9842E-02
-1.7267E-02
1.5845E-02
6.1437E-03
-2.5850E-02
-5.0707E-02
-5.8266E-02
-4.0050E-02
-1.7530E-02
-7.0322E-03
-1.8421E-03
1.5827E-02
4.5480E-02
4.9288E-02
1.4264E-02
-2.4708E-02
-3.6187E-02
-7.6588E-03
5.4033E-02
9.4158E-02
6.8752E-02
1.2520E-03
-5.4043E-02
-5.7494E-02
-1.6492E-02
8.3481E-03
1.7928E-03
-1.6152E-03
1.7368E-02
4.6938E-02
5.3497E-02
2.2927E-02
-1.3186E-02
-2.0021E-02
-3.1390E-03
-2.9200E-03
-3.0078E-02
-4.2401E-02
-1.8120E-02
2.3214E-02
4.3727E-02
1.3451E-02
-5.2011E-02
-8.8021E-02
-5.6092E-02
1.0683E-02
4.5560E-02
2.2167E-02
-2.6836E-02
-5.1986E-02
-2.5693E-02
8.6591E-03
1.8923E-02
2.2915E-02
4.4260E-02
6.0774E-02
4.4757E-02
-2.7242E-03
-5.0159E-02
-5.5051E-02
-1.7215E-02
1.6342E-02
1.2778E-02
-1.2127E-02
-2.4900E-02
-3.8594E-03
3.5919E-02
5.3876E-02
4.0769E-02
2.0851E-02
1.3291E-02
2.7335E-02
3.3788E-02
9.0188E-03
-1.7669E-02
-2.8022E-02
-3.2822E-02
-4.1731E-02
-5.1722E-02
-4.4939E-02
-1.7972E-02
1.8587E-02
2.9867E-02
6.5462E-03
-1.6187E-02
-3.7806E-03
3.5237E-02
6.1282E-02
4.6704E-02
1.2357E-02
-6.4124E-03
3.5857E-03
3.3707E-02
4.7201E-02
2.5759E-02
-9.1174E-03
-3.2130E-02
-3.6320E-02
-3.3219E-02
-2.0928E-02
-1.5952E-03
2.7897E-02
4.5210E-02
2.8703E-02
5.7213E-03
1.7849E-02
3.7825E-02
2.0219E-02
-1.5348E-02
-3.4815E-02
-2.3296E-02
1.6693E-02
4.6791E-02
3.1132E-02
-1.2775E-02
-4.0638E-02
-2.2684E-02
2.4054E-02
4.7347E-02
2.7195E-02
-4.2401E-04
-2.0943E-03
8.2733E-03
-1.7081E-04
-2.3215E-02
-2.4252E-02
3.4762E-03
2.7132E-02
2.4561E-02
-8.3305E-03
-4.8752E-02
-5.4729E-02
-1.5762E-02
2.1113E-02
2.2026E-02
-6.2729E-03
-2.9073E-02
-2.0469E-02
6.4598E-03
2.0283E-02
2.2511E-02
1.6940E-02
-5.1186E-03
-2.8967E-02
-2.0974E-02
2.4465E-02
6.6583E-02
5.8601E-02
1.4892E-02
-2.7515E-02
-4.5883E-02
-3.4727E-02
-8.7868E-03
1.4306E-02
3.0945E-02
4.0087E-02
4.1826E-02
2.6705E-02
5.0524E-03
1.1028E-02
3.6887E-02
4.1539E-02
1.7415E-02
-1.9002E-02
-4.8851E-02
-4.3979E-02
3.7022E-03
5.6036E-02
6.6284E-02
2.1526E-02
-3.6100E-02
-5.6832E-02
-3.8869E-02
-3.3579E-03
2.3702E-02
3.0242E-02
2.7286E-02
2.2796E-02
5.1201E-03
-2.0148E-02
-3.5719E-02
-3.9419E-02
-3.4559E-02
-1.9593E-02
9.8007E-03
4.0818E-02
5.0289E-02
4.5093E-02
2.2419E-02
-1.8199E-02
-4.8004E-02
-4.1392E-02
-1.9506E-02
4.5323E-03
1.0723E-02
-5.3048E-03
-2.0842E-02
-2.6078E-02
-2.2345E-02
-1.2993E-02
-1.3986E-03
1.2619E-02
1.9487E-02
2.4261E-03
-3.3890E-02
-5.9439E-02
-5.2028E-02
-1.5081E-02
2.5949E-02
3.4539E-02
1.5962E-02
7.4892E-03
2.5238E-02
3.9329E-02
1.6726E-02
-2.8579E-02
-5.3116E-02
-3.1909E-02
1.8946E-02
4.4664E-02
2.1569E-02
-2.4573E-02
-5.7055E-02
-5.4353E-02
-1.6568E-02
1.9555E-02
1.8801E-02
-1.3185E-02
-4.7107E-02
-5.6979E-02
-3.6792E-02
-6.5975E-03
1.3859E-02
1.4895E-02
-7.8964E-03
-3.6042E-02
-4.1053E-02
-2.8238E-02
-1.4404E-02
-1.2344E-02
-1.0825E-02
-8.8674E-03
-9.8033E-03
3.6822E-03
1.1175E-02
7.5705E-03
1.2561E-02
2.0235E-02
2.5858E-02
3.2603E-02
1.9810E-02
-1.4388E-02
-3.6540E-02
-3.6424E-02
-2.5590E-02
-4.6470E-03
-7.8453E-04
-1.8068E-02
-2.7452E-02
-1.8517E-02
-5.7226E-03
-2.5376E-03
-5.7332E-03
-1.2654E-02
-1.7517E-02
-1.2798E-02
-6.8124E-03
-7.1994E-03
-1.9322E-02
-3.5109E-02
-2.7118E-02
4.8656E-03
2.6888E-02
1.8196E-02
-8.8521E-04
-4.7836E-03
5.2821E-03
9.6323E-03
-3.6054E-03
-3.1871E-02
-4.9492E-02
-4.5190E-02
-3.5244E-02
-3.1280E-02
-1.8005E-02
1.3751E-02
4.9993E-02
7.1029E-02
5.5650E-02
1.8949E-02
-1.9244E-02
-4.2570E-02
-4.2607E-02
-2.7250E-02
-1.8851E-02
-1.7674E-02
-1.9131E-02
-2.4596E-02
-2.4891E-02
-1.0899E-02
4.9465E-03
9.0896E-04
-1.1318E-03
7.1282E-03
8.7721E-03
5.8635E-03
4.0876E-03
-4.0323E-03
-3.4671E-03
3.8048E-03
3.3610E-03
1.9177E-03
4.6331E-03
3.4314E-04
-1.0438E-02
-3.3900E-03
2.6356E-02
5.2014E-02
5.3643E-02
2.8787E-02
7.0398E-03
-1.1435E-04
2.3950E-03
2.4099E-02
3.9441E-02
3.1605E-02
1.3614E-02
-6.9636E-03
-1.8706E-02
-4.3022E-03
2.7908E-02
5.2828E-02
4.8232E-02
7.0565E-03
-3.6644E-02
-3.8770E-02
-5.3652E-03
3.4410E-02
4.9813E-02
3.7272E-02
1.1526E-02
-9.1846E-03
-4.0380E-03
8.8869E-03
8.4025E-03
3.5508E-03
-2.3783E-03
-6.8945E-03
1.6787E-03
2.7779E-02
5.7858E-02
7.3201E-02
5.4713E-02
8.4032E-03
-2.7932E-02
-3.7146E-02
-3.1772E-02
-3.6663E-02
-3.8010E-02
-2.1084E-02
4.6664E-03
3.4415E-02
5.3696E-02
5.0689E-02
3.2129E-02
1.9037E-02
1.9923E-02
2.6739E-02
1.5653E-02
-1.8619E-02
-4.2927E-02
-2.8573E-02
9.6498E-03
3.7608E-02
3.9045E-02
1.7324E-02
-6.4633E-04
-4.7731E-03
-3.8399E-03
-9.1080E-04
-5.6368E-03
-2.6026E-02
-4.1942E-02
-3.9357E-02
-1.2508E-02
2.1889E-02
3.7879E-02
3.7865E-02
3.5510E-02
4.8589E-02
5.6174E-02
3.3425E-02
-8.9007E-03
-5.1511E-02
-6.6829E-02
-4.9227E-02
-2.1475E-02
-1.5265E-04
1.1529E-02
3.0696E-02
4.6063E-02
3.8970E-02
2.0571E-03
-4.0682E-02
-4.4800E-02
-3.2805E-03
5.2257E-02
7.2941E-02
3.8351E-02
-1.2062E-02
-3.4197E-02
-2.7831E-02
-7.6757E-03
3.0332E-04
1.1262E-04
-1.5543E-03
-3.4792E-03
-2.6865E-03
1.3946E-03
9.3228E-03
2.4737E-02
3.9361E-02
3.5893E-02
6.0384E-03
-2.5503E-02
-2.2475E-02
8.6740E-03
2.7282E-02
1.3408E-02
-1.5360E-02
-2.6192E-02
-7.8204E-03
1.4846E-02
9.8992E-03
-1.5806E-02
-3.0908E-02
-2.0736E-02
1.7699E-02
4.7386E-02
4.1346E-02
8.4962E-03
-1.2463E-02
-8.2388E-03
-8.8947E-03
-2.4417E-02
-4.2104E-02
-3.9960E-02
-1.5316E-02
1.3771E-02
2.9673E-02
2.6946E-02
1.6515E-02
1.2543E-02
1.0356E-02
-5.3320E-03
-3.1908E-02
-4.3801E-02
-2.5160E-02
1.1113E-02
3.6901E-02
4.6631E-02
3.5475E-02
-5.1943E-03
-4.4216E-02
-4.7279E-02
-4.9232E-03
5.2287E-02
7.2735E-02
4.4442E-02
-1.0652E-03
-3.3994E-02
-2.9162E-02
-4.7837E-03
-3.6838E-03
-1.8399E-02
-1.9252E-02
3.9973E-03
3.5382E-02
4.1254E-02
1.8242E-02
-5.4378E-03
-8.3688E-03
6.6693E-03
1.4059E-02
-4.3646E-05
-1.4071E-02
-9.3489E-03
5.7429E-03
7.5261E-03
-1.0667E-02
-3.0109E-02
-4.2489E-02
-5.0857E-02
-4.8489E-02
-3.4536E-02
-1.6695E-02
1.3740E-02
5.3545E-02
6.4631E-02
3.7130E-02
-1.1628E-03
-3.5780E-02
-4.4241E-02
-2.9796E-02
-3.3336E-03
1.9502E-02
2.2775E-02
5.5567E-03
-2.5711E-02
-4.2544E-02
-2.1698E-02
2.6761E-02
6.0541E-02
3.7843E-02
-2.8946E-02
-7.9607E-02
-6.1159E-02
3.4383E-04
3.4831E-02
1.6931E-02
-2.5687E-02
-5.0676E-02
-3.6497E-02
-1.4943E-03
2.6791E-02
3.8903E-02
3.8334E-02
2.8495E-02
1.6407E-04
-3.1811E-02
-4.4762E-02
-2.3511E-02
1.7373E-02
2.6645E-02
-9.0817E-03
-3.4719E-02
-7.4968E-03
4.3507E-02
6.5011E-02
4.3376E-02
3.2545E-03
-1.6428E-02
-1.2362E-02
-7.3664E-03
-1.4918E-02
-1.8214E-02
4.2159E-03
4.3592E-02
6.6913E-02
4.9119E-02
6.6745E-03
-2.3025E-02
-3.1958E-02
-3.3924E-02
-3.8456E-02
-3.6277E-02
-8.9692E-03
3.3475E-02
4.5212E-02
9.9221E-03
-2.7019E-02
-2.8216E-02
-7.9890E-03
-1.5414E-03
-2.3881E-02
-4.1535E-02
-2.3177E-02
7.4033E-03
1.3149E-02
-8.0072E-03
-2.8442E-02
-1.7472E-02
1.9750E-02
5.0593E-02
5.8109E-02
4.7673E-02
3.9873E-02
2.0517E-02
-4.1542E-02
-1.2472E-01
-1.4952E-01
-7.5681E-02
3.5698E-02
7.6467E-02
1.9979E-02
-3.9674E-02
-7.4939E-03
8.9762E-02
1.4387E-01
1.0996E-01
4.3061E-02
1.7619E-02
9.4968E-03
-8.0161E-02
-2.3648E-01
-2.7125E-01
-4.9526E-03
4.6771E-01
7.5221E-01
5.2695E-01
0.0000E+00
0.0000E+00
0.0000E+00