7.0010E+03
1.0000E-02
0.0000E+00
-1.0891E-06
1.9765E-06
3.5101E-06
4.1193E-06
-1.3899E-06
4.7355E-06
1.9769E-06
4.4703E-07
5.9597E-06
1.9790E-06
2.8980E-06
2.2846E-06
1.4185E-07
4.7339E-06
-7.7939E-07
4.7374E-06
2.2855E-06
3.5111E-06
1.9797E-06
2.5921E-06
2.8991E-06
3.5112E-06
1.3683E-06
5.0411E-06
-1.0845E-06
3.5128E-06
2.5914E-06
-2.6129E-06
5.9644E-06
4.7397E-06
1.3685E-06
1.3693E-06
3.5131E-06
1.9801E-06
4.4972E-07
7.5701E-07
8.1106E-06
2.2885E-06
1.0650E-06
4.1278E-06
3.8213E-06
1.0641E-06
2.2887E-06
1.3702E-06
1.0638E-06
6.2734E-06
2.5953E-06
-1.6897E-06
5.9671E-06
4.4362E-06
-4.4509E-06
3.8255E-06
7.1886E-06
-2.3055E-06
1.6790E-06
7.1951E-06
3.8204E-06
-3.2232E-06
-1.6036E-07
6.8891E-06
-2.6107E-06
-1.5830E-07
3.2112E-06
1.9865E-06
-1.6913E-06
1.3755E-06
6.8866E-06
-1.3824E-06
1.6804E-06
3.8251E-06
-1.3848E-06
-1.3798E-06
5.3538E-06
-1.9966E-06
4.4390E-06
4.5831E-07
6.5833E-06
1.6835E-06
4.1339E-06
3.2144E-06
-1.5331E-07
8.4179E-06
-4.1343E-06
3.8292E-06
7.5050E-06
-1.0748E-06
1.0713E-06
1.9934E-06
5.3614E-06
1.3780E-06
2.6036E-06
3.2140E-06
-1.3802E-06
5.3622E-06
1.0717E-06
1.0722E-06
1.9906E-06
7.6590E-07
3.8302E-06
-2.6022E-06
6.8925E-06
-1.5066E-07
2.9122E-06
3.5247E-06
4.6178E-07
5.6683E-06
-1.4892E-07
5.0587E-06
-7.6485E-07
4.4455E-06
3.2188E-06
7.7080E-07
4.4460E-06
4.7515E-06
-1.6805E-06
5.6694E-06
4.6600E-07
5.3666E-06
1.0760E-06
1.9967E-06
4.4450E-06
1.3819E-06
4.6299E-07
1.0778E-06
8.7342E-06
-1.3739E-06
1.0765E-06
2.6095E-06
2.9159E-06
1.3824E-06
-1.3672E-06
9.0459E-06
4.4484E-06
-1.3734E-06
2.3066E-06
8.1178E-06
-5.9705E-06
6.2893E-06
3.8351E-06
-2.2884E-06
6.5933E-06
2.3057E-06
-7.5908E-07
2.9198E-06
6.5925E-06
-4.4697E-07
6.9034E-06
1.6093E-07
4.4490E-06
-3.2049E-06
6.8998E-06
1.0809E-06
-1.0625E-06
8.4340E-06
1.0786E-06
-2.5892E-06
6.9053E-06
7.7445E-07
-1.3676E-06
5.0607E-06
-4.4262E-06
6.5987E-06
-6.5775E-06
6.9037E-06
1.0810E-06
-1.6761E-06
5.0678E-06
3.5341E-06
-7.5311E-07
4.1473E-06
2.9226E-06
2.9226E-06
3.5348E-06
-1.3639E-06
7.2077E-06
-1.9808E-06
4.1493E-06
4.4550E-06
1.0846E-06
4.7401E-07
2.9245E-06
6.6025E-06
5.6822E-06
3.8445E-06
4.1566E-06
1.0895E-05
7.8213E-07
1.5799E-05
1.5803E-05
2.0715E-05
3.3272E-05
4.5533E-05
4.9823E-05
4.6768E-05
5.9950E-05
7.2508E-05
9.3967E-05
1.0562E-04
1.2094E-04
1.1789E-04
1.3320E-04
1.4055E-04
1.3104E-04
1.0468E-04
9.1208E-05
7.6495E-05
9.6120E-05
1.2585E-04
1.4085E-04
1.1910E-04
9.6416E-05
8.0495E-05
1.2862E-04
1.6291E-04
1.2554E-04
1.0623E-04
1.5162E-04
2.1973E-04
3.7909E-04
4.5627E-04
4.9522E-04
5.7893E-04
6.8566E-04
8.6501E-04
1.0393E-03
1.1451E-03
1.3039E-03
1.5523E-03
1.9195E-03
2.1737E-03
2.0315E-03
1.9699E-03
2.0661E-03
2.0161E-03
1.8932E-03
1.3985E-03
1.2942E-03
1.6526E-03
1.6198E-03
1.0098E-03
4.5032E-04
1.1025E-05
-3.5780E-04
-1.1697E-03
-1.8000E-03
-1.6946E-03
-1.6891E-03
-1.7429E-03
-1.1843E-03
-2.4682E-04
1.8554E-04
-5.9294E-05
-6.1994E-04
5.4973E-04
5.5539E-04
-6.2647E-04
1.4914E-03
1.9703E-03
1.6603E-03
5.7693E-04
-4.6605E-05
2.5082E-03
2.6067E-03
-6.0922E-04
-2.6283E-03
-1.4910E-03
-1.2455E-05
3.6214E-04
3.1367E-04
-1.4234E-03
-3.0010E-03
-1.1610E-03
1.4922E-03
2.5162E-04
-2.6510E-03
-3.0785E-03
-1.0743E-03
-4.0358E-04
6.8362E-04
-3.8242E-04
-3.5912E-03
-2.7471E-04
2.3688E-03
1.7217E-03
2.2157E-04
-3.2109E-03
-5.4911E-03
-3.3165E-03
-2.4779E-03
-1.6480E-03
8.5549E-04
5.0663E-04
-1.3785E-03
6.7624E-04
3.3572E-03
1.6534E-03
-2.2748E-03
-1.4966E-03
3.4480E-03
2.4896E-03
2.7989E-03
4.5627E-03
1.8574E-03
2.5877E-03
4.6527E-03
1.5293E-03
-3.4422E-03
-3.5789E-03
4.2661E-03
4.3976E-03
6.5189E-04
2.5312E-03
3.0024E-03
1.2383E-03
4.8309E-04
-3.5787E-03
-3.9879E-03
-1.4085E-03
-6.3956E-03
-7.1334E-03
-8.1113E-03
-3.8834E-03
-1.0979E-03
-4.3583E-03
-5.3225E-03
-7.1806E-04
4.4485E-03
7.7221E-03
6.3238E-03
-5.8458E-03
-1.0031E-02
2.5049E-03
1.4162E-02
1.0803E-02
5.7765E-03
2.0251E-03
4.6863E-03
7.5984E-03
-2.4747E-04
-5.2642E-03
-1.3859E-02
-1.2850E-02
1.0608E-03
1.0001E-02
1.0682E-02
1.3168E-03
-8.1160E-03
-9.9803E-03
-9.5460E-03
-1.1204E-02
-1.0790E-02
-1.0024E-02
-4.3681E-03
1.5518E-03
4.5885E-03
9.2561E-03
7.9386E-03
1.5902E-03
1.7641E-03
1.0052E-02
7.8467E-03
-3.7133E-04
-5.4085E-04
-1.5056E-03
-6.3623E-04
1.2504E-03
-1.5691E-03
-9.5777E-04
5.2494E-03
6.8885E-03
8.2211E-03
8.1472E-03
5.1441E-03
2.4467E-03
2.2819E-03
4.8280E-03
-3.4344E-03
-1.4354E-02
-1.5212E-02
-1.6277E-02
-1.1371E-02
-5.6656E-03
-4.6876E-03
-9.5885E-03
-6.9964E-03
4.9498E-03
1.1234E-02
1.5994E-02
1.3493E-02
1.1584E-02
1.1292E-02
1.2047E-02
1.7180E-02
1.1530E-02
5.4690E-03
4.3244E-03
5.2176E-03
5.6632E-03
-1.0955E-03
-9.6749E-04
-7.5448E-03
-1.3191E-02
-4.8943E-03
-5.8840E-03
-2.0719E-02
-2.0409E-02
-1.0902E-02
-1.0596E-02
-1.1856E-02
-1.0433E-02
-5.3117E-05
1.7353E-02
2.9171E-02
2.0134E-02
9.2821E-03
1.2147E-02
2.3250E-02
1.1775E-02
-7.9136E-03
-6.8464E-03
1.0842E-02
2.2399E-02
1.8414E-02
1.0899E-02
-1.1950E-02
-8.7060E-03
-9.9664E-03
-3.5296E-02
-5.7025E-02
-5.2583E-02
-3.0368E-02
7.5530E-03
2.6304E-02
1.1830E-02
1.7088E-02
3.3695E-02
5.8927E-02
6.6825E-02
4.1794E-02
5.4383E-03
-3.0128E-03
-2.0732E-02
-2.1739E-02
3.2693E-03
-7.6784E-03
-1.8566E-02
-3.2654E-02
-5.1108E-02
-1.2211E-02
8.8231E-03
3.4164E-03
-1.6463E-02
-2.9266E-02
3.2707E-02
5.0605E-02
1.9888E-03
-4.5947E-02
-7.6519E-02
-6.2446E-02
-5.3233E-02
-3.0888E-02
4.1264E-03
2.7864E-02
4.9549E-02
6.2526E-02
5.2672E-02
2.8050E-02
1.7684E-02
1.3223E-02
-7.2701E-03
1.1437E-02
3.6028E-02
2.5425E-03
-3.1664E-02
-5.2582E-02
-1.8098E-02
1.8027E-02
-5.6350E-02
-6.5032E-02
1.3640E-02
5.3239E-02
6.6356E-02
5.0947E-02
6.6471E-03
1.9215E-03
1.0745E-03
-7.7220E-02
-9.9635E-02
-7.1742E-02
-1.1958E-03
3.4530E-02
4.8238E-02
2.0500E-02
-1.7150E-02
-3.7030E-02
-6.1751E-02
-2.9138E-02
8.5493E-03
3.3528E-02
4.7306E-02
-3.2391E-02
-6.6493E-02
-8.8187E-03
-8.9910E-03
1.7228E-03
4.2169E-02
6.4550E-02
7.4927E-02
4.8783E-02
3.2111E-02
6.5824E-02
-5.3117E-03
-1.2285E-01
-1.3394E-01
-7.3314E-02
-5.9448E-02
8.9721E-03
1.0892E-01
1.0441E-02
-2.7566E-02
1.0020E-01
1.4310E-01
1.0917E-01
6.4940E-02
8.4587E-02
7.0580E-02
3.7736E-03
-1.7795E-02
-2.8420E-02
-9.0551E-02
-9.3364E-02
-3.3256E-02
-4.0992E-02
-2.1747E-02
4.9529E-02
8.8601E-02
1.0752E-01
8.3364E-02
2.6678E-02
2.2886E-02
-1.5630E-02
-6.1613E-02
-6.0721E-02
6.9784E-03
6.2251E-02
9.2893E-02
1.2114E-01
7.5327E-02
-5.0661E-04
2.5586E-02
7.6179E-02
2.8871E-02
-2.2149E-02
-4.9323E-02
-1.0223E-01
-7.8322E-02
4.5794E-03
-3.9815E-02
-6.5174E-02
5.1922E-02
1.3564E-01
5.6479E-02
3.4876E-02
9.3115E-02
1.4503E-01
1.2492E-01
9.2845E-02
6.2883E-02
-4.2507E-03
-8.8876E-02
-1.1583E-01
-8.4844E-02
-1.0086E-01
-5.5335E-02
6.4535E-02
9.3282E-02
3.3335E-02
2.0132E-02
1.6805E-03
-2.9439E-02
-1.7034E-02
7.6195E-03
2.1462E-02
6.1785E-02
7.2718E-02
3.1825E-02
5.7086E-03
-6.8706E-02
-8.0533E-02
-7.6738E-02
-4.6789E-02
5.8763E-02
1.0796E-01
1.7080E-01
1.7258E-01
4.8217E-02
-3.8249E-02
-6.6747E-02
-1.2403E-01
-1.1448E-01
-4.8809E-02
3.7168E-02
6.5715E-02
1.0703E-01
1.6491E-01
2.1947E-01
2.3026E-01
1.1164E-01
2.0600E-02
-1.1333E-01
-2.3979E-01
-1.1699E-01
-6.9148E-02
-9.5073E-02
-8.4121E-02
-2.8285E-02
1.5107E-01
2.3779E-01
9.2110E-02
9.6697E-02
1.4035E-01
-9.8964E-03
-3.7226E-02
-1.4136E-01
-2.3752E-01
-2.6221E-01
-2.2643E-01
-2.3013E-01
-1.8151E-01
7.9132E-02
1.0550E-01
1.1090E-01
2.3691E-02
-9.2316E-02
-1.2434E-01
-1.5903E-01
-2.0957E-01
-2.1551E-01
-7.5802E-02
5.2784E-02
7.0574E-02
2.4008E-03
-3.5661E-02
8.0831E-02
1.0556E-01
-6.3535E-03
-3.5948E-02
7.8778E-03
5.8847E-02
6.9861E-02
1.0530E-01
1.4654E-01
1.8028E-01
1.6041E-01
7.4563E-02
9.1850E-02
2.4196E-01
2.1242E-01
1.3794E-01
4.6155E-02
1.5523E-01
2.4389E-01
1.9885E-01
1.4711E-01
9.0420E-03
-2.6470E-01
-3.6882E-01
-4.2212E-01
-2.3492E-01
-1.6703E-01
-1.9835E-01
-7.6316E-02
-1.8515E-01
-1.8783E-01
-5.9517E-02
2.2636E-01
2.1289E-01
7.9158E-02
1.4319E-01
4.1464E-01
2.6377E-01
1.6689E-01
-1.9086E-01
-2.4501E-01
6.6063E-04
-1.6734E-01
-1.3680E-01
-4.3033E-02
1.8987E-01
2.3732E-01
3.2839E-01
9.2145E-02
-2.4120E-01
-4.8750E-02
1.0740E-01
7.4167E-02
-1.0761E-02
6.1732E-02
1.2939E-01
9.8986E-02
1.2771E-01
9.8554E-03
-1.7312E-01
1.3904E-01
2.1420E-01
1.4448E-01
1.3286E-01
3.7335E-01
2.1614E-01
1.5853E-01
1.2583E-01
-1.6253E-01
-1.1270E-01
-7.4215E-02
-2.5467E-01
-2.9805E-01
-2.8042E-02
1.2293E-01
2.8434E-01
1.6784E-01
2.3491E-01
4.2660E-01
4.2555E-01
4.9528E-01
5.0178E-01
8.0001E-01
5.8679E-01
4.5032E-01
2.7210E-01
1.0089E-01
7.9279E-03
2.9404E-02
-1.2324E-01
-2.2226E-01
-1.7377E-01
-1.1594E-01
2.1018E-01
1.5985E-01
2.0977E-01
1.9465E-01
3.9299E-01
3.0881E-01
2.3564E-01
2.2482E-01
5.7214E-02
-9.0386E-03
-6.8987E-02
-1.9055E-01
-1.0534E-01
-2.2618E-01
-1.5501E-01
-1.8464E-01
-2.1293E-01
-1.3125E-01
6.7786E-02
2.2517E-01
4.0010E-01
4.6961E-01
2.4493E-01
2.2269E-01
5.5815E-02
-1.0485E-02
4.2107E-02
1.4290E-02
5.3995E-02
5.4188E-02
-5.9741E-03
3.2060E-02
8.7803E-03
5.6868E-02
6.8797E-02
2.5544E-02
-6.4841E-02
-1.3845E-01
-2.3952E-01
-2.7516E-01
-1.9093E-01
-1.4319E-01
-4.8868E-02
-5.6400E-02
-1.5705E-01
-2.2335E-01
-3.0312E-01
-3.5521E-01
-3.3117E-01
-2.8659E-01
-1.7052E-01
-1.3692E-01
-1.0418E-01
3.0187E-03
-5.8269E-03
-4.1761E-02
-9.1110E-02
-1.7389E-01
-2.9507E-01
-3.5374E-01
-4.2428E-01
-4.8732E-01
-4.4206E-01
-3.8183E-01
-3.4580E-01
-2.4343E-01
-1.5444E-01
-1.4782E-02
-5.6999E-02
-1.5781E-01
-2.0800E-01
-2.3825E-01
-1.1726E-01
-1.2345E-02
-5.4374E-02
-2.5175E-01
-3.2127E-01
-3.3235E-01
-2.0835E-01
-1.6576E-01
-1.1205E-01
-9.5802E-02
-1.7528E-01
-1.5937E-01
-5.7974E-02
-7.4224E-02
-2.2741E-02
-5.9192E-02
-5.1550E-02
4.3102E-02
9.2174E-02
9.3327E-02
1.5240E-01
6.1896E-02
1.9098E-02
8.6024E-02
5.4462E-02
-1.6898E-01
-1.9905E-01
-1.0335E-01
-2.3079E-01
-1.7206E-01
-1.1286E-01
4.1289E-02
-5.7542E-02
1.2795E-01
2.1630E-01
1.2881E-01
7.7674E-03
5.5608E-03
-1.0296E-01
-1.5797E-01
-1.5685E-01
-1.0112E-01
3.6245E-02
-1.9920E-02
-1.0908E-01
-1.0066E-01
-7.6914E-02
-2.3878E-02
-6.8174E-02
-1.1396E-01
-2.8434E-02
2.3455E-02
-5.5807E-02
-6.3961E-02
8.3870E-02
1.6830E-01
1.3001E-01
9.5433E-02
6.0818E-02
3.6469E-02
9.6790E-02
1.1565E-01
4.7276E-02
-1.1601E-01
-2.5369E-01
-2.5342E-01
-2.0774E-01
-3.4395E-01
-3.6212E-01
-3.9217E-01
-2.5461E-01
-2.3334E-01
-2.8261E-01
-1.4676E-01
-3.6339E-02
1.5827E-02
3.8301E-02
4.4026E-02
3.5258E-02
1.1436E-01
1.3640E-01
6.2742E-02
-9.4269E-02
5.9646E-04
6.4048E-02
-5.0568E-02
-6.7689E-02
-1.0610E-01
-5.5580E-02
4.0605E-02
5.7169E-02
-1.2649E-01
-1.3838E-01
-1.2489E-01
-1.2050E-01
-7.3277E-02
3.0286E-02
-4.8125E-03
-1.6406E-01
-1.5782E-01
1.9511E-02
5.6540E-02
4.7549E-02
-2.7881E-03
2.1929E-02
-1.7206E-02
6.4788E-02
7.0297E-02
-2.6988E-02
-4.9967E-03
1.5099E-02
3.8660E-02
9.0070E-02
1.7258E-01
1.3861E-01
7.8231E-02
5.6765E-02
3.7936E-02
7.7308E-05
3.6704E-02
-2.8993E-02
-1.7920E-01
-1.8396E-01
-4.5181E-02
-4.9035E-02
9.5339E-03
8.2617E-02
6.3110E-02
5.4169E-02
1.4873E-01
1.4570E-01
1.2076E-01
8.7739E-02
8.2197E-02
6.1955E-02
2.2909E-02
-7.1636E-02
-1.2031E-01
-1.0144E-01
-8.3373E-02
-4.6064E-02
-3.7145E-02
-1.6133E-02
-1.0227E-01
-1.4563E-01
-6.0427E-02
-5.2541E-03
8.4821E-02
1.9045E-01
2.4864E-01
3.2548E-01
2.8277E-01
1.9471E-01
5.0645E-02
-3.8193E-02
-1.4941E-01
-1.3573E-01
5.2183E-02
-6.1224E-04
-1.6683E-01
-1.8336E-01
-1.9991E-02
-1.4516E-03
3.7492E-02
1.2448E-01
1.5803E-01
7.4581E-02
1.8211E-02
-4.9305E-03
-4.6001E-02
-5.8338E-02
3.4942E-02
1.3410E-01
1.7988E-01
1.9033E-01
5.2464E-02
-5.2824E-02
-1.1372E-01
-2.2996E-01
-2.0320E-01
-5.8436E-02
-1.0078E-02
6.3102E-02
1.0774E-01
1.0565E-01
7.6519E-02
1.0141E-01
8.0277E-02
3.5479E-02
1.7055E-02
3.9623E-03
-1.4570E-02
3.3588E-03
-2.0151E-02
-8.6117E-02
-1.1520E-01
-8.8478E-02
-1.0576E-02
-9.9898E-03
-1.0735E-01
-7.4757E-02
9.5083E-02
2.5154E-01
3.3471E-01
2.6291E-01
1.5137E-01
1.6116E-01
1.5981E-01
9.5735E-02
2.4656E-02
-5.9009E-02
-3.0167E-02
-1.0689E-02
-2.2305E-02
1.6209E-02
2.9046E-02
-1.0326E-01
-1.8562E-01
-8.2521E-02
1.0656E-01
6.3488E-02
-4.7862E-02
-2.3861E-02
-2.0631E-02
-2.1872E-02
1.0746E-02
1.6431E-01
2.6817E-01
3.0159E-01
3.6251E-01
3.6284E-01
2.6629E-01
1.9304E-01
4.6161E-02
-1.8138E-01
-2.8417E-01
-2.4807E-01
-1.2410E-01
-6.8631E-02
-1.0968E-01
-1.1838E-02
4.6045E-02
5.1497E-04
-4.2701E-02
-6.8572E-02
3.9788E-02
8.0761E-02
2.7602E-02
-8.8160E-04
-2.6185E-02
-5.5058E-02
2.5591E-03
1.0753E-01
1.6196E-01
2.1177E-01
2.4717E-01
2.9948E-01
3.5197E-01
2.5168E-01
1.1204E-01
-1.0070E-02
-1.1155E-02
-5.2013E-02
-1.1022E-01
-1.4287E-01
-2.0356E-01
-1.3945E-01
-1.7221E-02
3.1598E-02
4.9908E-02
1.1019E-01
1.5933E-01
1.7723E-01
1.5433E-01
8.0871E-02
4.7882E-02
1.8982E-02
3.0466E-02
6.0940E-02
1.0589E-01
1.2939E-01
1.1113E-02
2.1903E-02
1.1371E-01
4.3692E-02
1.1823E-02
1.3002E-01
1.2503E-01
3.6429E-02
-1.3569E-02
-1.2982E-01
-1.7990E-01
-9.6372E-02
-1.3275E-02
-2.9482E-02
-6.7755E-02
-6.4003E-02
-1.1623E-01
-1.5596E-01
-2.0854E-01
-1.3723E-01
-4.4206E-02
-2.6017E-02
3.9487E-02
2.4786E-02
-1.8375E-02
-1.2050E-01
-8.2484E-02
-6.6274E-02
-1.1480E-01
-8.3821E-02
-4.7819E-02
-9.2140E-02
-8.1220E-02
-1.0540E-02
9.4969E-02
1.1387E-01
7.9757E-02
1.7941E-02
-1.7250E-02
-2.3665E-02
-9.2378E-02
-1.3999E-01
-5.2036E-02
-1.1885E-03
-5.4012E-02
-8.7112E-02
-1.0238E-01
-1.0137E-01
-1.3198E-01
3.3249E-02
1.7175E-01
1.5766E-01
7.7616E-02
4.4744E-02
-6.1210E-03
-5.8065E-02
-8.2227E-02
-5.2571E-02
-1.9624E-02
-4.9071E-02
-9.4565E-02
-4.4075E-02
-1.0086E-02
4.6697E-02
1.0697E-01
1.2807E-01
5.9924E-02
7.2596E-02
5.4931E-02
-6.4118E-02
-1.4618E-01
-7.7800E-02
-6.3040E-02
-9.9418E-02
-6.1676E-02
4.0365E-03
-2.8996E-02
-8.3602E-02
-5.5657E-02
-9.1291E-02
-1.3434E-01
-1.6850E-01
-1.6851E-01
-7.6366E-02
-3.4487E-02
-3.5167E-02
2.7347E-02
1.0382E-01
1.3951E-01
8.2922E-02
6.7183E-02
5.7952E-02
9.5565E-02
5.1691E-02
-1.1272E-01
-1.4513E-01
-7.4119E-02
-2.1295E-02
-9.9991E-03
-1.3931E-02
3.3319E-02
6.9206E-02
1.0153E-01
-2.5736E-04
-3.0317E-02
9.7403E-02
1.2583E-01
7.4381E-02
1.2569E-01
1.9981E-01
1.2358E-01
3.4688E-02
-3.5106E-03
3.1139E-02
9.5646E-02
6.1307E-02
-8.8032E-02
-1.8643E-01
-1.8872E-01
-2.5975E-01
-1.7740E-01
-3.8171E-02
3.5431E-02
8.1633E-02
6.4014E-02
-1.2793E-02
-4.9067E-02
9.4628E-02
1.1810E-01
1.7411E-02
-2.0545E-02
-1.5424E-01
-2.4077E-01
-1.6403E-01
-9.6164E-02
-2.8623E-02
-5.8392E-02
-9.3795E-02
-9.8734E-02
-1.2290E-01
-1.3512E-01
-1.6292E-02
8.9398E-02
1.0283E-01
5.3213E-02
2.5585E-02
2.0727E-02
7.8398E-02
1.1831E-01
2.4393E-02
-9.4107E-02
-1.4262E-01
-1.5192E-01
-7.3155E-02
-4.5498E-02
-1.1358E-01
-5.9377E-02
3.1838E-02
3.8040E-02
7.0340E-02
1.2622E-01
7.7425E-02
5.0405E-02
9.9506E-02
9.7517E-02
5.1507E-02
2.6995E-05
-1.0795E-01
-9.6705E-02
-5.3320E-02
-4.1694E-02
-6.4731E-02
-5.0433E-02
-8.4045E-03
3.4578E-02
-4.2225E-02
-4.1739E-02
2.6661E-02
3.6413E-02
-4.4362E-03
-7.7495E-03
4.2885E-02
9.6621E-02
6.6258E-02
-3.2587E-02
-8.2981E-02
-1.0039E-01
-1.1739E-01
-9.7820E-02
-5.1645E-02
-3.5127E-02
-2.9537E-03
2.1911E-02
6.6039E-02
8.6695E-02
7.4869E-02
1.0121E-01
1.8326E-01
1.9499E-01
1.1350E-01
2.6677E-02
2.3310E-02
2.3854E-02
1.6738E-02
2.8097E-03
-1.5775E-02
-1.1298E-01
-6.0640E-02
-1.5286E-02
-1.0385E-01
-1.9931E-01
-1.3278E-01
-1.8194E-01
-1.9318E-01
-4.0999E-02
2.2369E-02
-6.5363E-02
-1.2722E-01
-3.5566E-02
3.3371E-02
2.5769E-02
2.4661E-02
9.6237E-02
6.5290E-02
4.1467E-02
3.3004E-02
-6.9455E-02
-8.9272E-02
1.5280E-02
5.4428E-02
7.9657E-02
3.5953E-02
-8.4130E-03
-8.0916E-03
6.5381E-02
5.5909E-02
2.0962E-02
-2.3085E-03
-1.3873E-02
-1.2262E-02
-2.5043E-02
-4.3906E-02
-1.6400E-02
-4.4516E-02
-1.0208E-01
-5.5316E-02
5.1441E-03
2.8321E-02
3.2034E-02
1.2609E-02
2.2666E-02
1.6539E-02
-8.5220E-03
2.7239E-02
8.9598E-02
8.9100E-02
2.6073E-03
-5.7752E-03
6.5883E-02
1.3936E-01
1.4438E-01
7.6952E-02
3.3829E-02
8.5859E-02
1.2584E-01
5.2816E-03
-7.6863E-02
4.0693E-02
1.2614E-01
8.4382E-02
3.9959E-02
3.3726E-04
-1.2322E-02
-2.8900E-02
-6.4336E-02
-6.7966E-02
-3.4241E-02
-4.0158E-02
-1.0712E-01
-8.5073E-02
3.1070E-02
8.4933E-02
-1.7486E-02
-7.9246E-02
-6.2948E-02
-3.7393E-02
1.8774E-02
7.6052E-02
7.1123E-02
-1.2915E-02
-4.0272E-02
-9.0816E-02
-1.3244E-01
-6.7189E-02
4.6044E-02
5.6895E-02
-6.5440E-03
-1.9835E-02
-1.2690E-02
1.6090E-03
-4.1658E-02
-4.6988E-02
1.0355E-02
4.4523E-02
1.6820E-02
-9.2344E-04
1.8455E-02
3.1554E-02
4.6478E-02
3.8298E-02
4.6464E-02
4.2646E-02
6.6330E-02
7.4196E-02
4.8694E-02
2.9626E-02
3.1972E-02
5.2381E-02
8.2078E-02
1.2595E-01
1.0279E-01
3.2304E-03
-1.0535E-02
6.2965E-02
4.0537E-02
-5.3620E-02
-7.1854E-02
-2.9065E-02
-3.2983E-02
-6.1889E-02
4.6592E-05
1.2593E-01
1.6914E-01
6.8546E-02
-6.5913E-02
-7.1990E-02
-6.7720E-02
-9.0331E-02
-1.1100E-01
-5.1582E-02
-7.3987E-03
-8.3067E-02
-1.0898E-01
4.5852E-02
1.3477E-01
5.9256E-02
2.1137E-02
3.3792E-02
9.2441E-03
-2.7680E-02
4.0365E-02
1.0794E-01
9.8693E-02
7.2347E-02
3.3467E-02
1.7572E-02
5.2482E-02
7.1949E-02
1.8403E-02
-5.7988E-02
-7.5967E-02
-7.6039E-02
-5.1707E-02
-4.9644E-02
-8.2915E-02
-6.3107E-02
-4.4629E-02
-3.2425E-02
1.6836E-02
3.5428E-02
-1.8568E-02
-4.0180E-02
-2.4110E-02
-1.3173E-02
-1.1943E-02
2.8754E-03
7.5121E-02
1.5608E-01
1.7462E-01
1.2737E-01
7.8338E-02
1.4018E-02
-1.0546E-02
4.5779E-04
-1.9100E-02
-3.4864E-02
6.6411E-03
1.2997E-02
-3.4434E-02
-4.5214E-02
-1.3873E-02
5.8466E-03
1.7774E-02
-2.5585E-02
-5.5670E-02
1.6530E-02
7.4056E-02
7.3532E-02
6.1003E-02
6.5684E-02
5.0372E-02
4.6096E-02
2.3118E-02
-6.0361E-02
-9.7513E-02
-8.1247E-02
-6.6554E-02
-3.0971E-02
-2.3376E-02
4.1217E-02
7.5979E-02
1.6788E-04
-2.5555E-02
-1.2004E-03
7.7375E-03
-1.4468E-03
-1.8800E-02
-5.4043E-03
2.5496E-02
-1.3521E-02
-6.4206E-02
-1.9352E-02
4.7513E-02
4.9084E-02
-2.0282E-02
-5.3383E-02
-7.1847E-03
1.5117E-02
-1.9707E-02
-6.7221E-02
-6.6836E-02
-3.7250E-02
-1.5860E-02
-5.5409E-03
2.5145E-03
1.1965E-02
1.8557E-02
2.3059E-02
4.4941E-02
6.5397E-02
5.6345E-02
1.1474E-02
-2.4632E-02
-1.4457E-02
-3.9611E-02
-7.3116E-02
-5.2208E-02
-5.5068E-02
-8.7459E-02
-8.6780E-02
-3.3611E-02
2.4584E-02
4.7416E-02
6.3925E-02
5.0420E-02
1.5083E-02
-2.2555E-02
-6.5424E-03
2.7924E-02
-2.2265E-02
-8.1909E-02
-9.2696E-02
-4.7144E-02
-2.1776E-02
-5.7074E-02
-5.6409E-02
-4.0031E-02
-3.5797E-02
-2.4411E-02
-3.2061E-02
-1.1112E-02
4.3714E-02
4.0816E-02
6.2795E-03
5.5802E-03
1.3360E-02
7.2530E-03
-1.2147E-02
-1.3218E-02
-1.2030E-02
-9.2444E-04
4.7276E-03
-1.2757E-02
-3.2867E-02
-5.0976E-03
-7.8890E-03
-2.9483E-02
-4.8434E-03
2.8929E-02
3.6704E-02
2.5956E-02
4.9250E-04
-1.7363E-02
-2.2105E-02
-1.6175E-02
1.1080E-02
2.5842E-02
5.9149E-03
1.5854E-02
4.0651E-02
5.3308E-02
5.8732E-02
4.5553E-02
4.2638E-02
2.5686E-02
-3.9023E-04
-9.9180E-03
-3.6648E-02
-4.2212E-02
-4.6447E-02
-6.1281E-02
-2.7524E-02
-3.3441E-02
-7.7223E-02
-7.5622E-02
-5.2016E-02
-5.3160E-02
-3.3412E-02
-1.2132E-02
-1.1468E-02
-2.1051E-03
3.8216E-02
3.0006E-02
-1.5700E-02
-2.4811E-02
-6.7428E-03
-1.8262E-02
-6.3747E-02
-6.7077E-02
-1.5183E-02
2.2192E-02
1.2076E-02
1.9467E-02
7.9558E-02
8.2879E-02
3.6062E-02
3.2600E-02
4.6319E-02
3.0480E-02
2.8647E-02
3.6168E-02
9.1552E-03
-2.1614E-03
1.6737E-02
-6.4170E-03
-4.6303E-02
-1.3643E-02
3.3500E-02
3.9509E-02
4.9210E-02
6.4638E-02
8.9115E-02
9.5127E-02
6.1681E-02
2.9613E-02
2.0844E-02
2.7263E-02
5.3795E-04
-3.2558E-02
-4.8565E-02
-7.7087E-02
-1.1403E-01
-1.5404E-01
-1.5034E-01
-5.3908E-02
2.7003E-02
3.5156E-02
4.1134E-02
5.5278E-02
5.0282E-02
3.1885E-02
2.3005E-02
-4.0055E-03
-4.6755E-02
-5.6778E-02
-4.9195E-02
-1.0586E-02
5.3826E-02
1.0359E-01
1.0707E-01
3.8467E-02
-2.4352E-03
-6.4637E-03
-2.6006E-02
-2.5463E-02
1.0028E-02
4.3969E-02
5.1644E-02
4.5377E-02
3.4971E-02
1.4546E-02
2.3002E-02
2.7373E-02
-1.6769E-02
-2.2229E-02
-2.0454E-02
-5.1670E-02
-5.8597E-02
-2.0022E-02
3.5478E-03
3.1809E-03
2.1365E-02
4.6319E-02
5.5488E-02
5.9134E-02
4.6966E-02
2.9356E-03
-2.1171E-02
4.6463E-03
4.6654E-02
7.2609E-02
5.3471E-02
6.2430E-03
-3.3062E-02
-3.1402E-02
-1.4729E-02
-3.1758E-02
-7.0393E-02
-8.2472E-02
-5.8955E-02
-3.5689E-02
-1.9455E-02
-1.1326E-02
-4.2426E-02
-7.8690E-02
-8.1410E-02
-3.4110E-02
1.2092E-02
2.4217E-02
3.2682E-02
2.1936E-02
-1.0310E-04
2.4779E-03
1.2331E-02
3.5376E-02
4.2588E-02
4.0288E-03
-8.8591E-03
1.6523E-03
-2.9593E-03
-7.6454E-03
-9.8889E-03
-2.0139E-02
-3.6420E-02
-3.5706E-02
6.9007E-04
1.0704E-02
2.8027E-04
6.8133E-03
1.6594E-02
3.6123E-03
-1.7777E-02
-3.9218E-02
-3.8964E-02
-5.2617E-03
2.2087E-02
3.1979E-02
4.3238E-02
3.5056E-02
2.7221E-02
1.3382E-02
-1.8546E-02
-4.2070E-02
-4.5284E-02
-4.1771E-02
-6.1368E-02
-9.9868E-02
-1.3096E-01
-1.0758E-01
-2.3000E-02
4.1616E-02
4.5431E-02
4.2928E-02
4.6822E-02
3.5185E-02
2.1425E-02
-1.2248E-02
-6.2857E-02
-5.8546E-02
-6.4086E-03
2.3368E-02
1.1616E-02
9.0876E-03
2.5008E-02
4.5559E-02
4.9004E-02
1.0961E-02
-3.1926E-02
-5.4211E-02
-7.7864E-02
-7.9080E-02
-3.2655E-02
-3.3009E-03
-2.4625E-02
-5.1837E-02
-5.1757E-02
-3.9586E-02
-3.6775E-02
-1.3195E-02
3.6213E-02
5.4485E-02
2.4366E-02
-1.1253E-02
-1.6152E-02
-5.3931E-03
9.4000E-03
2.5678E-02
4.8227E-02
6.2055E-02
5.8193E-02
5.8399E-02
3.8772E-02
5.2523E-03
-3.3652E-02
-5.7585E-02
-4.4413E-02
-2.3630E-02
-2.1396E-02
-3.3588E-03
-9.9738E-03
-1.3491E-02
-1.5014E-02
-2.5331E-02
8.7133E-03
2.1248E-02
2.9523E-02
4.1255E-02
3.4203E-02
5.2887E-02
7.5040E-02
6.1082E-02
4.5736E-02
4.2549E-02
3.8640E-02
2.8234E-02
3.3773E-02
4.3033E-02
3.5808E-02
3.4808E-02
3.6017E-02
1.2417E-02
-1.6681E-02
-2.4734E-02
-3.6794E-02
-6.1335E-02
-3.5643E-02
1.4203E-02
3.7616E-02
4.9819E-02
4.2780E-02
2.1769E-02
2.2001E-02
4.6510E-02
5.4782E-02
2.9033E-02
2.0339E-02
2.0164E-02
-3.8948E-03
-9.4898E-03
1.6577E-02
2.2968E-02
6.2076E-03
-1.9612E-02
-3.4971E-02
-3.3942E-02
-5.8853E-04
3.3241E-02
1.5780E-02
7.8658E-03
3.1451E-02
5.3191E-02
5.0662E-02
2.3412E-02
-1.1614E-02
-2.2789E-02
-2.2431E-02
-5.3449E-03
1.2532E-02
3.2396E-03
-1.5209E-02
-2.2045E-02
-2.5735E-02
-2.6010E-02
-3.9176E-02
-4.3291E-02
-3.6068E-02
-3.6382E-03
3.2706E-02
3.1818E-02
2.6052E-02
2.2371E-02
-4.1363E-04
-8.8979E-03
-5.3275E-03
4.7265E-03
2.0189E-02
-3.4642E-03
-2.0125E-02
3.9071E-03
2.5729E-02
1.8592E-03
-1.0140E-02
3.2519E-03
-4.7569E-03
-3.6807E-02
-4.2666E-02
-3.8463E-02
-4.3084E-02
-3.6820E-02
7.0798E-03
5.0856E-02
3.0212E-02
-2.7424E-03
-1.5170E-02
-2.3878E-02
-3.6703E-02
-4.5107E-02
-3.7150E-02
-2.2133E-02
-3.6532E-02
-2.2932E-02
2.9658E-02
4.9176E-02
3.3697E-02
1.4223E-02
2.2985E-02
5.4687E-02
5.0158E-02
8.9634E-03
-2.6989E-02
-4.2406E-02
-4.7544E-02
-5.5593E-02
-5.1475E-02
-3.2037E-02
-1.3214E-02
-1.7758E-02
-1.7956E-02
1.3860E-02
4.7778E-02
5.3174E-02
4.2547E-02
2.4479E-02
2.5845E-02
3.8569E-02
5.1973E-02
3.7249E-02
2.0166E-02
2.8283E-02
2.8023E-02
-8.8173E-03
-4.9475E-02
-4.5319E-02
-3.7918E-02
-3.1351E-02
9.9925E-03
5.0181E-02
6.8526E-02
6.7625E-02
5.9798E-02
4.6124E-02
3.2129E-02
-1.6676E-03
-3.1587E-02
5.7728E-03
2.8848E-02
3.0677E-03
-2.6864E-03
5.2725E-03
-2.2200E-03
7.1276E-03
1.9562E-02
2.3826E-02
2.0957E-02
2.7042E-02
8.4809E-03
-5.6345E-03
-2.4835E-02
-2.5963E-02
7.9666E-03
1.5230E-02
-2.3250E-02
-4.8204E-02
-3.3763E-02
-2.5304E-02
-1.3938E-02
-1.1217E-03
-1.2280E-02
-1.9979E-02
-6.0587E-03
-1.3383E-02
2.5021E-03
3.6955E-02
3.5824E-02
8.0435E-03
1.3122E-02
3.0051E-02
3.8994E-02
4.9550E-02
4.2085E-02
4.0323E-02
3.2175E-02
9.5246E-03
6.4332E-05
1.3818E-02
1.9423E-02
2.8064E-02
4.2221E-02
5.8500E-02
6.2462E-02
3.6925E-02
1.8563E-02
1.6364E-02
7.7400E-03
8.7359E-03
1.7641E-02
1.2294E-02
2.4925E-02
4.7835E-02
5.1424E-02
5.7484E-02
8.1583E-02
9.2712E-02
6.5847E-02
1.7549E-02
4.1588E-03
3.7382E-03
-3.0691E-02
-5.4709E-02
-3.3482E-03
3.3992E-02
2.2399E-02
3.0874E-02
2.7153E-02
4.6881E-02
8.5511E-02
7.8203E-02
3.4342E-02
-4.3694E-03
-1.9335E-02
-3.4982E-02
-4.9531E-02
-3.6481E-02
-2.6041E-02
-3.1379E-02
-3.6525E-02
-3.2099E-02
-3.4338E-03
3.4140E-02
2.5611E-02
-1.4471E-02
-3.3880E-02
-3.6254E-02
-3.1378E-02
-2.5191E-02
-3.0574E-02
-2.1873E-02
-7.8887E-03
-2.3911E-03
1.1972E-02
3.1662E-02
3.6361E-02
2.5180E-02
2.6063E-02
4.0514E-02
4.3656E-02
3.0387E-02
9.4821E-03
1.3685E-02
3.7440E-02
3.1600E-02
9.5468E-03
-9.7559E-03
-3.3379E-02
-3.7973E-02
-5.0528E-02
-5.5076E-02
-3.8539E-02
-3.1236E-02
-1.5594E-02
-7.7322E-03
-3.7891E-03
-2.2471E-02
-3.3167E-02
-3.0332E-02
-4.6377E-02
-6.2972E-02
-4.7088E-02
-3.6374E-02
-2.1701E-02
-2.3739E-02
-2.8117E-02
-1.4770E-02
1.0141E-02
1.5063E-02
-3.3939E-03
-1.0716E-02
1.9444E-03
1.6136E-02
-7.0496E-03
-2.5875E-02
-3.4183E-02
-4.1504E-02
-3.3236E-02
-2.7521E-02
-3.8132E-02
-2.7086E-02
8.8095E-03
2.9766E-02
1.4223E-02
9.4204E-04
-2.0725E-03
1.0123E-02
-9.8896E-04
-1.0071E-02
-8.8252E-03
-8.6440E-03
1.1349E-02
1.4557E-02
-2.1272E-03
-1.2388E-02
-3.3235E-02
-2.3510E-02
-1.3363E-02
-2.6780E-02
9.6451E-03
2.4711E-02
-7.6656E-03
-1.0621E-02
1.4047E-02
5.2734E-02
7.8697E-02
5.1804E-02
-7.9632E-03
-2.6713E-02
-2.5135E-03
-8.0321E-03
-2.7598E-02
-2.7548E-02
-3.1900E-02
-4.2111E-02
-2.9755E-02
1.5217E-02
2.7212E-02
2.3759E-02
1.3641E-02
9.9866E-03
2.1179E-02
3.0710E-02
4.4830E-02
5.3947E-02
3.6763E-02
4.3883E-02
7.6183E-02
8.4716E-02
6.6760E-02
5.0399E-02
5.2457E-02
2.5645E-02
1.6601E-02
1.6264E-02
-3.6805E-03
-3.5887E-02
-4.9483E-02
-2.8474E-02
1.3736E-03
9.9048E-03
3.4934E-02
3.5842E-02
1.9358E-02
2.1566E-02
4.2151E-02
2.7943E-02
-7.1155E-03
-3.9951E-02
-3.7399E-02
-1.6655E-02
-2.0642E-02
-3.1812E-02
-1.6155E-02
3.1427E-02
4.1366E-02
1.4367E-02
2.3956E-02
3.7659E-02
1.2479E-02
5.6589E-04
-1.2147E-02
-4.2163E-02
-2.9737E-02
-1.7941E-02
4.5441E-03
1.7883E-02
-1.2925E-02
-2.7055E-02
-2.7959E-03
7.3162E-03
1.8547E-03
1.8579E-02
1.5288E-02
2.1166E-02
1.7187E-02
3.9780E-02
6.5821E-02
4.8925E-02
2.8736E-02
2.1033E-02
1.5321E-02
1.9887E-02
3.6749E-02
2.1320E-02
-1.7719E-02
-3.1400E-02
-3.9897E-02
3.5173E-03
2.7297E-02
9.8886E-03
1.2842E-03
-5.0101E-03
-2.0922E-02
-1.7524E-02
7.4254E-03
1.4612E-02
-1.4873E-02
-3.8000E-02
-1.2370E-02
2.1128E-02
5.7537E-02
7.5977E-02
4.8139E-02
-1.6189E-02
-1.9949E-02
6.3062E-03
-1.6427E-02
-3.6446E-02
-1.8484E-02
-1.8853E-02
-2.4114E-02
-9.3168E-03
5.0084E-03
1.0165E-02
2.2885E-02
4.0641E-02
5.2248E-02
3.5530E-02
2.0607E-02
3.1597E-02
3.3903E-02
1.0054E-02
-4.4929E-03
-1.5609E-02
-1.4716E-02
-1.2538E-02
-1.2550E-02
4.5612E-03
3.3314E-02
4.7696E-02
5.1762E-02
7.4602E-02
9.2263E-02
9.7425E-02
7.5279E-02
4.4990E-02
1.6241E-02
2.0518E-02
1.8947E-02
2.2205E-02
1.8803E-02
2.6939E-02
1.7407E-02
1.1464E-02
3.9468E-02
7.8613E-02
7.3996E-02
7.7088E-02
8.2220E-02
9.6703E-02
7.1604E-02
8.3454E-02
6.5951E-02
-1.0630E-03
-1.4512E-02
-1.0232E-02
-9.8166E-03
4.5976E-05
1.0356E-02
1.9397E-02
2.6026E-02
2.3734E-02
3.3806E-02
-5.4690E-04
1.6962E-02
2.6611E-02
1.8366E-02
1.3766E-02
1.1271E-02
-3.1653E-02
-1.7716E-02
9.8952E-03
1.2634E-02
2.3517E-02
1.6753E-02
1.4266E-02
1.7239E-02
1.8794E-02
2.2199E-02
4.9527E-02
5.0067E-02
2.6981E-02
-4.4518E-03
-3.3414E-02
-3.2734E-02
-2.9572E-02
-4.6436E-02
-5.6965E-02
-8.1174E-02
-9.0345E-02
-5.9478E-02
-6.2947E-02
-5.1981E-02
-3.3765E-02
-4.6772E-02
-6.3648E-02
-6.6734E-02
-2.6953E-02
-1.9030E-02
-5.0808E-02
-4.6648E-02
-5.6255E-02
-9.0559E-02
-1.2899E-01
-1.0829E-01
-9.0723E-02
-6.8640E-02
-6.0618E-02
-3.4160E-02
8.3227E-03
6.4146E-03
-1.9342E-02
5.6180E-03
1.1854E-03
-5.6869E-02
-8.7274E-02
-1.2862E-01
-1.1142E-01
-1.1788E-01
-1.4878E-01
-1.6670E-01
-1.3425E-01
-8.1994E-02
-2.2120E-02
5.3625E-02
2.8841E-02
-5.9166E-03
1.3589E-02
1.4103E-02
2.5526E-02
2.3101E-02
3.9274E-03
-6.0928E-03
-3.5151E-02
-3.9215E-02
-1.8024E-02
-4.7353E-02
-3.3445E-02
-2.4962E-02
-6.3812E-02
-8.2854E-02
-7.7339E-02
-8.0422E-02
-6.3632E-02
-3.2004E-02
-5.2474E-02
-6.4263E-02
-6.9691E-02
-1.1541E-01
-1.1315E-01
-8.2790E-02
-7.3598E-02
-9.6741E-02
-1.0138E-01
-5.7489E-02
-1.4560E-02
7.5611E-03
-2.3119E-03
-3.6826E-02
-4.8128E-02
-6.5264E-02
-4.1672E-02
2.8723E-04
-2.4596E-02
-2.6102E-04
1.2197E-02
2.1806E-02
2.7398E-02
2.2459E-03
3.1121E-02
9.9660E-02
7.6271E-02
-2.6011E-02
-7.1789E-02
-7.3623E-02
-6.6981E-02
-3.6754E-02
1.2148E-02
4.8037E-02
7.9526E-02
9.0543E-02
6.3039E-02
6.5439E-02
8.5191E-02
8.1978E-02
7.6128E-02
7.0226E-02
2.8102E-02
-1.4657E-02
-3.6311E-02
-8.0983E-02
-7.7941E-02
-4.6617E-02
-1.4211E-03
-3.5542E-02
-5.0706E-02
-1.0507E-02
-2.2020E-02
9.6486E-03
5.1779E-02
4.5696E-02
5.2634E-02
7.5255E-02
5.3768E-02
5.8965E-04
-6.0214E-02
-1.1059E-01
-8.7057E-02
-1.6645E-03
5.6020E-03
-4.0953E-02
-4.0251E-02
2.5684E-04
5.4944E-03
-2.6839E-02
-1.6548E-02
2.5324E-02
1.6976E-02
-3.8434E-02
-6.4164E-02
-3.6323E-02
1.8190E-02
4.0822E-02
2.6214E-02
2.0775E-02
3.9112E-02
6.3597E-02
8.5927E-02
7.3265E-02
6.9319E-03
-6.8778E-02
-1.3895E-01
-1.6333E-01
-1.2407E-01
-7.7493E-02
-2.7109E-02
-2.4902E-02
-4.0782E-02
-4.7757E-02
-6.5616E-02
-6.7914E-02
-4.5147E-02
1.3149E-02
5.1960E-02
8.9210E-03
-2.5214E-02
-4.0857E-02
-8.8974E-02
-4.4991E-02
-4.7533E-03
-1.0015E-02
-4.5315E-03
5.3251E-03
7.5813E-03
-6.6281E-03
-2.8999E-02
-4.6965E-02
-5.3812E-02
-2.8863E-02
2.6680E-02
4.8788E-02
3.0430E-02
1.8566E-02
3.4182E-02
7.3777E-02
9.0247E-02
8.6758E-02
9.6553E-02
1.1526E-01
1.0361E-01
2.0929E-02
-2.6470E-02
-9.7541E-03
-2.2907E-03
-5.4272E-02
-6.8876E-02
-2.5705E-02
1.5994E-02
3.6746E-02
8.0601E-02
1.3413E-01
1.4829E-01
7.9111E-02
3.3944E-02
6.5050E-02
1.5029E-01
1.8132E-01
1.0070E-01
-2.3121E-02
-7.7156E-02
-3.7319E-02
3.4980E-03
3.4693E-02
9.2622E-03
1.0652E-02
5.0847E-02
7.7546E-02
6.6479E-02
3.2914E-02
7.2754E-03
1.0833E-02
1.2506E-02
1.2893E-02
5.2371E-03
-2.1945E-02
-6.4641E-02
-6.2978E-02
-2.2272E-02
3.2562E-02
6.1347E-02
8.0988E-02
1.1695E-01
8.5107E-02
4.9866E-02
8.3836E-02
8.1937E-02
1.1317E-02
-4.3134E-02
-2.9490E-02
-1.4934E-02
1.7195E-02
5.3250E-02
6.2995E-02
5.3924E-02
3.9113E-02
9.6736E-03
-1.0217E-02
-1.2191E-02
3.1477E-02
6.8319E-02
1.3427E-02
-3.3522E-02
-2.5440E-02
-1.5372E-02
1.6863E-02
2.1392E-02
-1.6665E-03
-2.5093E-02
-7.0127E-02
-6.6198E-02
2.0511E-04
5.8527E-02
3.8382E-02
3.5405E-03
-3.0998E-03
-4.0804E-03
-2.7364E-02
-2.3571E-02
-1.2345E-02
-3.8854E-02
-2.6687E-02
-5.9955E-03
5.7390E-02
1.1737E-01
9.3599E-02
6.1175E-02
9.5860E-02
9.5719E-02
9.7842E-02
6.3965E-02
2.2581E-03
2.2381E-02
7.7629E-02
7.0166E-02
6.5475E-02
1.0316E-01
5.7289E-02
2.5574E-03
-5.7160E-03
3.0796E-03
-4.1180E-02
8.3041E-03
2.8527E-03
2.5173E-02
-2.7679E-02
-9.7906E-03
4.8785E-02
3.9599E-02
-4.4914E-02
-1.2985E-01
-1.0864E-01
-3.8859E-02
2.6456E-02
-4.9760E-02
-3.8203E-02
-5.6996E-02
-8.4608E-02
-3.0740E-02
4.0357E-02
4.6578E-02
-4.9502E-02
-7.6960E-02
-6.4282E-02
-4.8659E-02
-5.4462E-02
-7.6115E-02
-5.1311E-02
-2.7333E-02
3.8653E-02
8.1607E-02
1.2026E-01
1.5031E-01
1.7399E-01
2.1645E-01
2.2164E-01
1.6171E-01
7.8271E-02
2.9702E-02
-2.4301E-03
-4.3980E-02
-5.0116E-02
-1.1731E-01
-2.4235E-01
-1.3892E-01
1.1724E-02
8.3163E-04
-3.8966E-02
-3.4951E-02
-1.7994E-02
-4.2681E-02
-3.0555E-02
-2.0098E-02
-3.6550E-02
-3.4084E-02
-2.9600E-02
-2.4483E-02
3.5003E-02
8.0036E-02
3.7661E-02
-5.2991E-02
-9.1209E-02
-1.1015E-01
-8.5339E-02
-5.5501E-02
-7.0738E-02
-5.0050E-02
-2.3115E-02
5.2173E-02
9.4955E-02
3.1597E-02
-8.7260E-02
-9.7369E-02
-8.3685E-02
-1.0115E-01
-1.1446E-01
-1.2146E-01
-8.7792E-02
-5.2833E-02
-1.6085E-02
3.3142E-02
5.2682E-02
3.7855E-02
7.4863E-04
-6.4054E-02
-1.3456E-01
-1.4654E-01
-6.1558E-02
7.2685E-04
5.3278E-02
1.1251E-01
1.1074E-01
6.7980E-02
4.0012E-02
2.8167E-02
4.3848E-02
4.1472E-02
5.1410E-03
-5.0112E-02
-9.2700E-02
-6.8523E-02
-2.2061E-02
-1.1997E-02
-2.6431E-02
9.5978E-03
3.3143E-02
-4.3718E-03
-3.3773E-02
1.7085E-02
4.4212E-02
5.2515E-02
5.5082E-02
5.0362E-02
6.9152E-02
7.7974E-02
3.0584E-02
-4.3892E-02
-5.4490E-02
-2.2917E-02
-7.4306E-03
-1.9103E-02
-5.1725E-02
-5.5867E-02
-3.9382E-02
-4.8702E-02
-2.6812E-02
-3.7698E-02
-8.5707E-02
-1.0560E-01
-9.2931E-02
-8.2084E-02
-6.4259E-02
-4.2149E-02
-1.7623E-02
8.3564E-03
3.2873E-02
7.5103E-02
1.3507E-01
1.2673E-01
8.7418E-02
6.5120E-02
7.1425E-02
8.1502E-02
5.6977E-02
5.3797E-02
2.8968E-02
1.1352E-02
1.6269E-02
4.5141E-02
5.8910E-02
4.1885E-02
4.7322E-03
1.2364E-03
4.4508E-02
8.2395E-02
8.3136E-02
1.5934E-02
-1.6079E-02
7.8867E-03
2.6545E-02
2.1975E-02
-1.9085E-02
-7.7376E-02
-1.2189E-01
-9.8647E-02
-1.5439E-02
3.7379E-02
1.0469E-02
2.0480E-04
-3.7057E-03
5.0115E-03
1.6684E-02
-5.1443E-02
-9.7687E-02
-9.4280E-02
-6.9002E-02
-5.9705E-02
-8.3074E-02
-7.3952E-02
-3.2381E-02
-2.1869E-02
-3.6016E-02
-2.6889E-02
-4.0950E-03
-3.4361E-02
-7.7929E-02
-5.3773E-02
-2.6151E-03
3.2958E-02
8.3398E-02
1.0354E-01
7.3235E-02
5.6384E-02
2.4948E-02
-7.4457E-04
2.2201E-02
1.7978E-02
-6.1484E-03
-5.1322E-02
-8.9153E-02
-1.8219E-02
5.8662E-02
6.1487E-02
8.9078E-03
-3.3489E-02
-5.7212E-02
-9.4603E-02
-1.4076E-01
-1.8909E-01
-1.9694E-01
-1.5195E-01
-1.2577E-01
-9.6007E-02
-3.8586E-02
5.2503E-03
4.3724E-02
3.6352E-02
-2.7966E-02
-6.4072E-02
-7.0186E-02
-1.0296E-01
-1.1005E-01
-1.0995E-01
-9.5283E-02
-8.3588E-02
-9.0008E-02
-9.1191E-02
-5.2308E-02
2.3720E-02
9.0954E-02
1.1110E-01
1.0544E-01
1.1008E-01
1.1061E-01
8.1790E-02
2.0900E-02
-5.5484E-02
-8.2422E-02
-6.4219E-02
-1.2845E-02
2.0433E-02
3.0484E-02
3.2941E-02
-2.6648E-02
-9.7243E-02
-1.4472E-01
-1.4653E-01
-9.8275E-02
-4.7343E-02
-2.7536E-02
-8.4282E-03
-2.0415E-02
-4.0503E-02
-2.6967E-02
-2.7334E-03
-1.2488E-02
-8.5183E-03
2.3613E-02
9.7339E-03
-9.8287E-03
-2.3608E-02
-4.0683E-02
-3.9826E-02
-4.7297E-02
-7.2389E-02
-3.9479E-02
-1.8666E-02
-3.3783E-02
-5.1961E-02
-4.6189E-02
-8.3798E-03
-1.0992E-02
2.0774E-02
3.9222E-02
3.8767E-02
2.5898E-02
-8.8608E-03
-2.5400E-03
3.0883E-02
3.0344E-02
1.7392E-02
-6.9836E-03
-2.1275E-02
1.3262E-02
3.5282E-02
4.0203E-02
3.7896E-02
5.6697E-02
5.3362E-02
3.2722E-02
2.1504E-02
3.1100E-02
9.5779E-03
-1.7730E-02
1.0138E-02
5.2339E-02
8.5498E-02
1.2661E-01
1.3495E-01
1.0101E-01
5.1340E-02
9.4453E-03
-1.7993E-02
-2.7964E-02
-2.9015E-02
-8.2909E-03
2.6598E-02
2.9510E-03
-6.4471E-02
-6.6757E-02
-2.8162E-02
-3.0988E-02
-6.8047E-02
-8.8371E-02
-5.5627E-02
-7.2068E-03
5.3014E-02
7.3410E-02
5.8382E-02
1.7367E-02
-2.0380E-02
-3.9839E-02
-4.1059E-02
-5.4840E-02
-7.2950E-02
-7.3438E-02
-5.1402E-02
-1.6322E-02
-9.3592E-03
-2.4651E-02
-2.7874E-02
-6.1066E-03
4.5907E-02
7.1331E-02
7.3965E-02
8.4775E-02
1.0496E-01
1.2485E-01
1.0882E-01
6.3917E-02
2.2799E-02
1.3995E-02
2.0289E-02
1.5031E-02
9.4067E-03
1.5354E-03
-2.7383E-02
-2.8956E-02
-2.1209E-02
-1.4200E-02
4.8204E-04
3.0222E-02
2.3516E-02
-2.0047E-02
-1.8609E-02
3.2229E-02
6.5994E-02
7.7216E-02
4.4661E-02
3.0240E-02
8.8853E-02
1.1344E-01
7.1045E-02
4.1012E-02
3.0347E-02
4.6372E-02
5.4679E-02
4.7352E-02
3.5499E-02
1.4971E-02
-1.9663E-02
8.6653E-03
5.6217E-02
1.8930E-02
-3.8865E-02
-3.7184E-02
-2.4936E-02
-4.7916E-03
-2.6144E-02
-1.8956E-02
8.7735E-03
2.8250E-02
3.6693E-02
5.8232E-02
1.1141E-01
1.1757E-01
7.8651E-02
6.0275E-02
9.8050E-02
9.3617E-02
6.3835E-02
5.7821E-02
4.3417E-02
1.8320E-02
-2.2700E-02
-1.2016E-02
2.0603E-02
-1.5616E-03
2.5244E-02
5.4096E-02
7.7473E-02
7.6713E-02
8.0713E-02
5.5604E-02
1.8090E-02
2.0059E-02
3.8577E-02
1.9876E-02
-3.1300E-03
-3.0273E-02
-2.2008E-02
-1.8264E-02
-3.4849E-02
-5.2333E-02
-6.3213E-02
-5.6213E-02
-6.3059E-02
-4.1872E-02
-3.2311E-02
-3.8806E-02
-7.2394E-03
-1.0626E-03
-1.3402E-02
-1.8375E-02
-3.1172E-02
-3.0068E-02
3.3584E-03
3.2951E-02
3.7600E-03
-2.4751E-02
-4.1785E-02
-2.8156E-02
1.0315E-02
-3.3644E-02
-1.1302E-01
-1.0195E-01
-8.2932E-02
-8.5987E-02
-5.3266E-02
-3.4106E-02
-3.8102E-02
-3.1761E-02
-3.8165E-02
-7.7580E-02
-8.3796E-02
-7.7073E-02
-4.6001E-02
-1.6651E-02
-1.4710E-02
-2.9597E-02
-5.4170E-02
-6.4941E-02
-7.2810E-02
-8.2761E-02
-9.8254E-02
-7.9936E-02
-2.6702E-02
1.9561E-02
4.2968E-02
5.8304E-02
6.0620E-02
7.3988E-02
1.0318E-01
1.0091E-01
3.5518E-02
1.1404E-02
1.4686E-02
7.8525E-03
-6.0873E-03
-4.5342E-02
-9.3293E-02
-9.3558E-02
-5.1871E-02
-5.3328E-02
-4.6925E-02
-2.4676E-02
-5.1182E-02
-5.7745E-02
-2.6875E-02
-2.2373E-02
-1.7609E-02
-7.7561E-03
-1.0947E-02
2.8194E-02
7.3581E-02
6.4468E-02
4.3594E-02
3.4965E-02
1.9102E-02
-6.6282E-03
1.4309E-02
3.3105E-02
9.9128E-03
-9.0407E-03
-3.3118E-02
-7.0240E-02
-5.7052E-02
-9.0290E-04
4.9973E-02
5.5370E-02
4.8102E-02
9.3150E-02
1.3658E-01
1.0575E-01
5.9218E-02
3.6851E-02
2.9526E-02
8.5504E-03
5.1154E-04
-4.7678E-02
-6.5271E-02
-3.5727E-02
-1.9068E-02
1.3462E-02
3.7835E-02
3.3716E-02
1.1921E-02
2.9922E-02
9.3165E-02
1.0952E-01
8.6165E-02
7.7408E-02
5.9745E-02
2.4989E-02
1.3777E-04
-4.5967E-03
-8.0939E-03
-1.9909E-02
-5.6952E-02
-7.7289E-02
-5.1493E-02
-1.4856E-02
-2.5801E-02
-3.6452E-02
-1.2657E-02
3.1694E-03
4.0372E-02
9.1742E-02
1.1326E-01
1.5968E-01
2.0525E-01
1.7737E-01
1.1983E-01
5.8067E-02
-4.6071E-02
-1.5181E-01
-1.6646E-01
-9.0409E-02
-5.9486E-02
-5.7461E-02
-3.1103E-02
2.4656E-02
6.0276E-02
6.7717E-02
4.6559E-02
3.5669E-02
2.2668E-02
1.9393E-02
3.9302E-02
6.8068E-02
4.4723E-02
-2.2439E-02
-7.7181E-02
-9.9196E-02
-1.1795E-01
-9.1764E-02
-4.0957E-02
-3.1684E-03
1.3162E-02
1.8754E-02
-1.0414E-02
-8.3901E-03
5.6844E-02
1.1635E-01
1.4570E-01
1.1171E-01
5.4243E-02
-7.5034E-04
-1.0203E-02
-4.6160E-02
-5.8411E-02
-5.4539E-02
-5.9486E-02
-6.5620E-02
-6.3720E-02
-7.7993E-02
-5.4480E-02
-4.0999E-02
-8.1859E-02
-1.1764E-01
-7.9505E-02
-4.7425E-02
-2.7856E-02
-4.8745E-02
-7.2424E-02
-3.0185E-02
3.1633E-02
7.2810E-02
7.3549E-02
4.4623E-02
2.9199E-02
2.8459E-02
1.3255E-02
-2.5738E-04
-2.2796E-02
-4.2445E-02
-4.5384E-02
-2.9255E-02
-1.7859E-02
-2.2081E-02
-2.8853E-02
1.3317E-02
2.1089E-02
-6.5215E-03
-2.8658E-02
-3.0277E-02
-3.6788E-02
-6.2078E-02
-5.8128E-02
-4.9289E-02
-4.1089E-02
-3.7332E-02
-8.0904E-02
-1.0081E-01
-7.9257E-02
-5.4379E-02
-2.0902E-02
-9.1192E-03
-1.0085E-02
-1.9892E-02
-3.1218E-02
1.5026E-02
5.1289E-02
2.8037E-02
-3.8872E-02
-5.2173E-02
-2.6938E-02
-4.3249E-02
-7.7054E-02
-5.6970E-02
-2.6112E-02
-3.5281E-02
-4.0526E-03
5.1076E-03
4.2628E-03
2.5598E-02
6.4098E-02
1.0258E-01
1.0495E-01
1.0005E-01
9.8478E-02
9.3513E-02
8.6653E-02
2.6539E-02
-7.7812E-03
-1.3103E-02
-5.8570E-02
-9.1067E-02
-7.9454E-02
-2.8993E-02
4.1474E-02
1.6353E-02
-7.2949E-02
-7.6726E-02
-4.1300E-02
-1.4800E-02
-1.0519E-02
-2.1238E-02
-3.2942E-02
-3.7104E-02
-4.8046E-02
-8.8529E-02
-1.0062E-01
-1.0451E-01
-1.0460E-01
-8.6971E-02
-1.0471E-01
-1.2730E-01
-1.0250E-01
-3.8575E-02
3.9570E-02
1.2900E-01
1.5111E-01
1.4234E-01
1.3483E-01
1.2390E-01
7.9468E-02
2.8944E-02
1.7816E-02
4.0578E-03
-1.1903E-02
-1.1242E-02
-1.2300E-02
1.8132E-02
3.1687E-02
-5.9846E-03
-9.4705E-03
3.9099E-02
4.2484E-02
-1.9976E-02
-9.8648E-02
-1.2551E-01
-7.4570E-02
-3.2554E-02
-6.1465E-02
-9.0141E-02
-6.0302E-02
-8.0793E-02
-9.0634E-02
-5.3922E-02
-1.1840E-02
-6.8898E-03
-8.5277E-03
-1.0031E-02
8.3957E-03
5.7215E-02
1.0661E-01
1.1546E-01
7.7256E-02
1.3701E-02
-4.3241E-02
-6.4674E-02
-6.3203E-02
-7.1804E-02
-9.0229E-02
-9.3774E-02
-5.6910E-02
-4.3802E-03
1.1696E-02
1.6228E-02
2.3070E-02
3.8895E-02
3.5838E-02
-1.2312E-03
-7.8464E-03
1.6405E-02
3.9731E-02
7.7365E-02
9.9577E-02
4.3489E-02
-1.7388E-02
-7.4055E-03
-1.6263E-02
-5.2214E-02
-9.0889E-02
-9.8671E-02
-7.5543E-02
-3.7973E-02
-2.8616E-02
-3.2594E-02
-3.8078E-02
-1.9805E-02
1.4701E-02
2.3104E-02
1.9745E-02
2.5401E-02
4.5010E-02
4.1920E-02
2.2540E-02
3.0871E-02
5.6964E-02
5.3638E-02
3.1846E-02
1.6753E-03
2.8855E-03
1.7947E-02
-4.0526E-03
-2.0145E-02
-6.3019E-03
2.4070E-02
2.2088E-02
-1.8241E-02
-4.5157E-02
-3.2687E-02
6.8612E-03
-9.4719E-03
-4.8978E-02
-3.4395E-02
6.8980E-03
6.3873E-02
1.3321E-01
1.5937E-01
1.5245E-01
1.3908E-01
8.3287E-02
2.6929E-02
1.4884E-03
-2.4619E-02
-2.5928E-02
-1.8412E-02
-5.5570E-03
1.5350E-02
5.6502E-02
1.1999E-01
1.5674E-01
1.3588E-01
8.3685E-02
7.9918E-02
1.1144E-01
1.2786E-01
1.3802E-01
1.3006E-01
1.1691E-01
1.2332E-01
1.0409E-01
4.3998E-02
5.6773E-03
1.9725E-02
1.9768E-02
-8.1127E-03
-2.8757E-03
-4.8892E-03
-3.2566E-02
-2.9377E-02
-3.0139E-02
-7.5416E-02
-1.1627E-01
-1.1817E-01
-1.3219E-01
-1.4729E-01
-1.0147E-01
-1.2127E-02
5.6228E-02
1.1416E-01
1.1960E-01
7.5356E-02
4.8120E-02
4.9503E-02
2.8189E-02
-3.1148E-02
-8.1984E-02
-8.1641E-02
-7.5420E-02
-4.0552E-02
2.2790E-02
1.3647E-02
-1.6242E-02
1.4506E-02
3.1005E-02
2.3429E-03
-5.5923E-02
-5.7990E-02
6.1458E-03
-2.3239E-03
-5.1138E-02
-5.9842E-02
-3.1296E-02
1.1526E-02
2.8363E-02
2.3733E-02
2.8762E-02
2.8513E-02
2.6182E-03
8.8090E-04
4.3742E-02
6.6404E-02
6.5757E-02
7.0103E-02
6.3417E-02
4.7565E-02
4.5558E-03
-4.8239E-02
-7.6635E-02
-9.1828E-02
-1.0148E-01
-1.0171E-01
-6.6429E-02
-7.1604E-03
4.4469E-02
5.0249E-02
4.8384E-02
5.2179E-02
5.0205E-02
3.7322E-02
1.3739E-02
-1.2469E-02
-4.9268E-03
2.8423E-02
5.4123E-02
3.6158E-02
-1.4351E-02
-3.8435E-02
-1.3043E-02
1.9161E-02
1.1005E-02
-1.8126E-02
-8.6042E-03
1.3236E-02
4.9720E-02
5.2914E-02
2.8525E-02
4.8755E-02
5.9641E-02
-2.9253E-03
-7.6369E-02
-1.2390E-01
-1.2230E-01
-4.6477E-02
-3.8560E-02
-7.6140E-02
-5.6511E-02
-2.3329E-02
-1.2497E-02
-2.0513E-02
-3.3598E-02
-3.5474E-02
-8.8214E-03
9.3582E-03
-2.0642E-02
-5.6278E-02
-7.4723E-02
-6.7312E-02
-3.9067E-02
-7.3751E-03
-2.0134E-03
2.8332E-03
1.0280E-02
3.7576E-02
7.2892E-02
9.8025E-02
9.9937E-02
8.7783E-02
7.5390E-02
6.3567E-02
4.6125E-02
-1.4279E-03
-4.0948E-02
-5.4498E-02
-5.6458E-02
-4.9304E-02
-3.9361E-02
-4.8538E-02
-4.7188E-02
-3.7501E-02
-5.7864E-02
-7.0607E-02
-3.1842E-02
3.0723E-02
8.1731E-02
9.4156E-02
5.9592E-02
1.6387E-02
-1.2603E-03
-1.6343E-02
-7.7285E-03
-5.3864E-03
-1.2431E-02
-1.3610E-02
-7.2223E-03
7.7731E-03
6.7867E-03
-3.8074E-02
-5.9616E-02
4.0719E-03
5.3690E-02
2.6520E-02
3.0256E-03
2.2011E-02
5.3152E-02
7.6410E-02
7.1678E-02
5.3386E-02
4.6234E-02
7.9697E-02
7.4672E-02
5.0544E-02
7.3674E-03
-2.7399E-02
-4.7900E-02
-2.5213E-02
-9.9206E-03
-1.5848E-02
-3.9897E-02
-6.0964E-02
-3.8199E-02
-1.1783E-02
-5.9967E-04
-1.8456E-03
2.3571E-03
2.5200E-03
2.0900E-02
5.6470E-02
6.4866E-02
4.3068E-02
5.8005E-02
9.4367E-02
9.6346E-02
9.5001E-02
1.2802E-01
1.3478E-01
1.0042E-01
5.7920E-02
3.5385E-02
1.0312E-02
-2.9894E-03
-5.6165E-03
-2.6295E-02
-5.9375E-02
-7.3517E-02
-8.3777E-02
-6.2972E-02
-3.6497E-03
1.6177E-02
2.6795E-03
-8.9479E-03
-1.3342E-02
-2.7120E-02
-4.3586E-02
-6.0879E-02
-7.2754E-02
-7.5068E-02
-7.0635E-02
-4.8127E-02
-1.6545E-02
-7.6273E-03
-2.7916E-02
-4.0474E-02
-3.7405E-02
-6.0201E-02
-7.4297E-02
-5.6983E-02
-4.7714E-02
-3.3911E-02
-3.2446E-02
-1.8653E-02
2.3735E-02
1.8413E-02
-2.7806E-02
-4.7374E-02
-3.0225E-02
6.2640E-03
2.9282E-02
2.6282E-02
1.8736E-02
2.1002E-02
3.6371E-02
4.3976E-02
2.3194E-02
1.1654E-02
-5.9966E-03
-1.2713E-02
-3.2551E-03
-1.0353E-02
-4.1522E-03
2.8094E-02
3.1169E-02
8.6122E-03
6.8349E-03
2.9344E-02
5.2700E-02
4.5658E-02
1.5562E-02
1.0446E-02
2.8357E-02
4.2667E-02
4.1610E-02
4.6177E-02
5.0036E-02
2.2870E-02
-3.3721E-02
-6.4374E-02
-4.3629E-02
-4.2526E-02
-4.4897E-02
-1.8277E-02
1.7216E-03
-9.8514E-03
-3.0536E-02
-2.6682E-02
1.4308E-02
4.2348E-02
2.2309E-02
2.4495E-04
-1.0349E-02
-1.7977E-02
-1.9788E-02
-7.4402E-04
2.4838E-02
4.5525E-02
5.5665E-02
3.7657E-02
1.0041E-02
-9.0328E-03
-2.8366E-02
-1.4988E-02
2.6589E-02
3.7557E-02
3.5930E-02
2.5103E-02
-8.5691E-03
-6.1864E-02
-1.0208E-01
-7.5761E-02
-2.2079E-02
6.5888E-03
1.5345E-02
3.6189E-02
4.6651E-02
3.5377E-02
1.9629E-02
-1.1237E-03
-4.1297E-02
-5.4209E-02
-1.8295E-02
2.5648E-03
6.7113E-03
2.6065E-02
4.5174E-02
3.7514E-02
2.1356E-02
7.8977E-03
-1.6775E-02
-5.5685E-02
-7.4439E-02
-8.0264E-02
-8.5915E-02
-6.9262E-02
-5.1298E-02
-5.7785E-02
-6.5418E-02
-4.9935E-02
-2.0696E-02
-9.9068E-03
1.0156E-02
2.8986E-02
3.3690E-02
1.5315E-02
-7.5577E-03
-5.1730E-03
4.4743E-03
-1.2000E-02
-3.6409E-02
-6.2181E-02
-7.0049E-02
-4.1214E-02
6.6115E-03
2.2742E-02
-1.0008E-02
-3.0974E-02
-4.0964E-02
-5.3616E-02
-6.7163E-02
-6.0426E-02
-3.5811E-02
-3.4815E-02
-3.1914E-02
-2.4811E-03
1.8856E-02
3.3684E-02
5.4629E-02
7.4356E-02
7.7590E-02
6.7490E-02
4.7815E-02
3.8921E-02
3.5103E-02
3.8944E-03
-1.3387E-02
-7.5679E-03
-2.0236E-02
-4.7493E-02
-4.5858E-02
-2.2092E-02
-9.6528E-03
3.3301E-03
1.8313E-02
2.4814E-02
2.2352E-02
7.1905E-04
-1.5394E-02
-1.2162E-02
-2.6311E-03
1.5414E-02
1.9366E-02
1.6483E-02
9.9956E-03
1.5930E-02
3.8318E-02
6.6048E-02
6.8382E-02
4.7161E-02
2.5714E-02
1.4691E-02
2.9173E-02
5.8146E-02
6.9193E-02
5.7154E-02
4.0366E-02
2.3190E-02
1.4701E-02
3.7457E-03
-3.2968E-03
-2.5466E-02
-3.7686E-02
-1.7101E-02
-1.8760E-02
-2.7336E-02
-2.4947E-02
-3.9575E-02
-4.5308E-02
-3.4657E-02
-3.0479E-02
-1.9327E-02
-7.7872E-03
-1.2699E-02
-1.0872E-02
2.2722E-02
3.6169E-02
8.2753E-03
-3.1471E-02
-4.9886E-02
-4.0364E-02
-1.9201E-02
-1.6872E-03
7.3325E-03
1.8247E-02
2.5556E-02
3.0246E-02
3.5630E-02
2.9141E-02
1.8977E-02
1.9464E-02
1.8313E-02
1.2827E-03
-2.0383E-02
-2.2348E-02
1.5283E-02
4.7833E-02
3.7500E-02
2.1117E-02
1.1193E-02
7.9900E-03
3.3559E-02
4.0270E-02
3.1762E-02
4.4865E-02
6.2061E-02
6.3247E-02
5.4205E-02
5.9799E-02
7.2906E-02
8.6779E-02
6.7655E-02
3.0861E-02
5.2184E-03
3.3967E-03
4.7933E-03
-2.3886E-03
-7.0855E-03
-1.3018E-02
-1.2691E-02
1.5608E-03
1.7044E-02
1.2672E-02
3.4228E-03
-1.3098E-03
6.8967E-03
2.0586E-02
2.2544E-02
2.5631E-02
2.5674E-02
9.8131E-03
-5.4058E-03
-1.0694E-02
-2.9336E-02
-4.0787E-02
-3.1531E-02
-3.3629E-02
-2.2931E-02
-2.5642E-03
1.3686E-02
1.4590E-02
-1.5712E-02
-4.6937E-02
-4.2517E-02
-2.1990E-02
-2.8810E-02
-3.4589E-02
-1.4443E-02
1.8244E-02
2.9646E-02
2.1103E-02
2.8124E-02
3.9797E-02
3.6911E-02
2.9993E-02
6.5606E-03
-3.7794E-02
-5.5109E-02
-4.3725E-02
-3.1022E-02
-1.3553E-02
8.3749E-03
1.9364E-02
1.5998E-02
7.7711E-04
-1.0655E-02
-8.3146E-03
-8.3927E-03
-8.5600E-03
-9.8928E-03
-3.4916E-03
1.5174E-02
3.2825E-02
4.6623E-02
3.3706E-02
2.5982E-04
-2.6087E-02
-2.5699E-02
-2.3600E-02
-3.2269E-02
-1.9519E-02
-3.3192E-03
-5.4665E-03
-9.4321E-03
-9.7360E-03
-2.3988E-03
1.5024E-02
1.3426E-02
-1.0567E-03
-5.0509E-03
1.2249E-02
2.5976E-02
1.6286E-02
1.3105E-02
6.2804E-03
-5.1596E-03
-1.2708E-02
-1.3227E-02
-1.0468E-02
-3.8689E-03
5.6702E-03
-1.8853E-03
-4.4686E-04
5.9848E-03
8.1213E-03
1.3931E-02
2.2512E-02
1.6581E-02
-5.1473E-03
-2.7936E-02
-2.6016E-02
-7.2353E-03
-2.8432E-03
-2.6934E-02
-6.0679E-02
-5.8148E-02
-3.7392E-02
-2.4386E-02
-2.7210E-02
-2.3000E-02
-2.2386E-02
-3.1069E-02
-3.5920E-02
-3.8555E-02
-4.2479E-02
-3.8768E-02
-3.8283E-02
-1.7570E-02
1.0877E-02
2.0684E-03
2.8200E-03
2.9893E-02
5.4506E-02
4.9666E-02
3.5951E-02
3.4558E-02
3.2119E-02
3.8275E-02
4.2958E-02
1.9781E-02
-1.4896E-02
-3.1418E-02
-2.3401E-02
-1.7208E-02
-1.4448E-02
-2.9099E-03
2.0689E-02
4.8681E-02
5.0401E-02
4.2034E-02
4.6433E-02
5.3005E-02
5.8111E-02
5.1075E-02
3.7540E-02
1.8525E-02
-1.1531E-02
-2.8440E-02
-1.0605E-02
2.0395E-02
2.6582E-02
8.2285E-03
-3.8509E-03
-8.7426E-03
-1.8801E-02
-1.7850E-02
-6.3500E-03
-9.2137E-03
-1.8903E-02
-2.0099E-02
-2.5574E-02
-2.2618E-02
5.4657E-04
2.2591E-02
2.8842E-02
2.4901E-02
2.1675E-02
9.5209E-03
-5.1524E-03
-2.4637E-02
-3.5410E-02
-3.2216E-02
-2.6080E-02
-1.6846E-02
-3.2187E-03
-9.1623E-03
-7.4082E-03
9.5606E-03
2.4583E-02
2.5298E-02
1.3084E-02
5.2575E-03
-8.9105E-03
-3.5557E-03
-1.9165E-03
-1.9946E-02
-3.0972E-02
-4.2080E-02
-6.4381E-02
-6.4914E-02
-2.6579E-02
7.3976E-03
1.4777E-02
-4.0094E-03
-8.9848E-03
-5.8566E-03
-1.8326E-02
-2.5059E-02
-3.3842E-02
-4.5628E-02
-4.8959E-02
-5.1340E-02
-5.2659E-02
-4.3688E-02
-3.1859E-02
-3.0660E-02
-2.9368E-02
-2.2092E-02
9.9453E-03
3.9450E-02
4.2831E-02
5.3778E-02
4.7695E-02
4.1323E-02
3.4262E-02
1.0843E-02
-5.6949E-03
-1.9773E-03
6.9997E-03
2.0474E-02
3.6064E-02
4.0991E-02
4.5032E-02
3.7889E-02
2.0907E-02
9.2662E-04
-9.0487E-03
-1.1713E-02
-1.5808E-02
-2.6210E-02
-2.5591E-02
-9.3988E-03
-6.4148E-03
-7.7881E-03
-1.1553E-02
-1.6522E-02
-9.6445E-03
-1.3579E-02
-2.0659E-02
-7.0123E-03
8.4168E-03
7.6256E-03
3.3861E-03
-1.3859E-03
-1.8541E-02
-1.6774E-02
-3.2164E-03
-6.3925E-03
-1.8000E-02
-1.6885E-02
-9.9137E-03
6.7920E-03
1.7762E-02
1.6789E-03
6.8341E-03
3.9469E-02
6.4897E-02
5.7451E-02
3.7161E-02
3.8953E-02
4.1533E-02
4.1461E-02
3.5117E-02
-3.2707E-04
-2.3688E-02
-2.6089E-02
-4.2994E-02
-4.7872E-02
-3.9228E-02
-4.8373E-02
-5.1691E-02
-3.1733E-02
-1.1161E-02
1.3438E-02
2.1498E-02
-6.7884E-04
-9.5832E-03
-2.9666E-03
1.3455E-03
-3.1641E-04
-8.8201E-03
-2.3513E-02
-2.8975E-02
-2.1741E-02
-1.6538E-02
-1.6129E-02
-1.7487E-02
-1.0798E-02
-2.3295E-04
5.5745E-03
3.8061E-03
-4.9083E-03
-1.3355E-02
-1.3392E-02
5.6261E-03
3.1217E-02
4.2188E-02
3.3900E-02
2.1326E-02
1.9225E-02
1.0077E-02
-1.1527E-02
-4.2966E-02
-5.5113E-02
-3.5535E-02
-2.5843E-02
-2.8841E-02
-3.5259E-02
-4.0421E-02
-3.2871E-02
-1.8495E-02
-3.1736E-02
-5.5607E-02
-4.6435E-02
-2.8917E-02
-2.3654E-02
-2.3437E-02
-2.6239E-02
-2.6776E-02
-3.4555E-02
-3.5641E-02
-2.0340E-02
3.6504E-03
8.4068E-03
4.5391E-03
6.0242E-03
5.3258E-03
7.1320E-03
5.8975E-03
6.7782E-04
-3.2523E-03
-2.0701E-02
-2.4462E-02
-4.4191E-03
-3.9860E-03
-3.6678E-02
-5.4250E-02
-3.2737E-02
-2.4378E-02
-3.5309E-02
-3.8569E-02
-2.1217E-02
-9.9241E-03
-7.0692E-03
1.4093E-03
1.0829E-02
1.1254E-02
9.8295E-03
2.5643E-02
4.2520E-02
5.2223E-02
6.0347E-02
6.6914E-02
8.2919E-02
9.0823E-02
8.6284E-02
8.2534E-02
7.8013E-02
5.9496E-02
3.9367E-02
3.9741E-02
4.3847E-02
4.4705E-02
4.2400E-02
2.8184E-02
5.1832E-03
-1.5558E-02
-2.8532E-02
-4.5690E-02
-6.4632E-02
-5.5064E-02
-1.6546E-02
1.2202E-02
3.6952E-02
5.4049E-02
5.8593E-02
5.3796E-02
4.2320E-02
2.4513E-02
7.9236E-03
-1.3648E-02
-3.6323E-02
-5.3637E-02
-5.4200E-02
-3.9084E-02
-3.0575E-02
-1.4755E-02
2.9384E-03
-3.4921E-04
-8.5514E-03
-5.7062E-03
-6.1644E-03
-1.3743E-02
-2.9205E-02
-3.7462E-02
-3.7979E-02
-4.5009E-02
-4.7621E-02
-4.4156E-02
-4.1832E-02
-3.7814E-02
-1.8974E-02
1.3421E-02
2.3463E-02
1.8565E-02
1.5927E-02
1.4309E-02
9.4430E-03
2.0426E-02
3.7262E-02
2.9838E-02
2.4582E-02
3.2960E-02
3.2759E-02
2.6912E-02
2.8732E-02
4.0374E-02
4.6974E-02
4.3645E-02
4.2048E-02
4.8735E-02
6.0891E-02
6.5801E-02
5.2924E-02
3.5860E-02
4.0780E-02
4.3889E-02
3.6200E-02
2.7355E-02
3.8027E-03
-1.6130E-02
-1.7411E-02
-9.3464E-03
2.4793E-03
9.6698E-03
3.2480E-03
-6.2352E-04
-4.8264E-04
-8.5646E-04
1.7795E-03
3.5388E-03
4.3051E-03
3.1560E-03
1.1864E-02
2.6839E-02
3.9577E-02
3.6744E-02
3.2274E-02
2.7762E-02
1.2418E-02
6.9635E-03
2.5960E-02
4.2540E-02
2.2650E-02
1.2386E-03
5.1821E-03
1.8603E-02
2.3446E-02
7.0291E-03
-2.7605E-02
-4.4157E-02
-3.5859E-02
-2.4781E-02
-1.6477E-02
-1.6854E-02
-1.1028E-02
1.4444E-02
3.5638E-02
3.4091E-02
3.6920E-02
4.9112E-02
4.9408E-02
3.7674E-02
3.0600E-02
3.0830E-02
3.4669E-02
3.1970E-02
2.2667E-02
1.5259E-02
-2.6861E-03
-3.7798E-02
-5.3227E-02
-5.6015E-02
-5.7462E-02
-5.6379E-02
-6.0750E-02
-6.3850E-02
-6.5978E-02
-5.6771E-02
-3.9721E-02
-2.8146E-02
-2.5812E-02
-2.8094E-02
-2.0702E-02
-6.0269E-03
-6.9561E-03
-1.1986E-02
-8.7019E-03
-2.0604E-02
-2.7729E-02
-1.4221E-02
7.3583E-03
2.6756E-02
3.2504E-02
2.2989E-02
1.4934E-02
1.7671E-03
-5.0893E-03
-7.4194E-04
7.8069E-03
2.2967E-02
2.7389E-02
1.8386E-02
1.7332E-02
2.5915E-02
2.9085E-02
2.9689E-02
1.7199E-02
4.4830E-05
-3.2190E-03
-9.2395E-03
-1.8981E-02
-1.9000E-02
-2.1611E-02
-2.3027E-02
-1.0384E-02
-4.0366E-03
-3.3736E-03
6.3109E-03
8.4927E-03
2.3066E-02
5.9888E-02
7.9295E-02
7.7100E-02
6.4389E-02
3.6835E-02
8.0416E-03
-4.6258E-04
-7.1806E-03
-2.6054E-02
-3.4234E-02
-2.0483E-02
-6.1938E-03
-1.8574E-02
-3.7449E-02
-3.2597E-02
-1.9910E-02
-3.4286E-02
-3.0730E-02
-3.0187E-03
1.3637E-02
3.0660E-03
-1.0170E-02
6.9389E-03
1.6420E-02
-1.0175E-02
-1.4245E-02
-2.6010E-03
-8.2708E-03
-7.2837E-03
8.6028E-03
2.1786E-02
1.6897E-04
-3.0503E-02
-3.0214E-02
-8.8186E-03
2.9262E-03
5.6369E-03
3.8136E-03
1.0506E-02
2.4781E-02
3.2710E-02
2.8185E-02
2.2370E-02
2.1513E-02
4.3123E-03
-1.5469E-02
-3.4528E-02
-3.2853E-02
-8.3374E-03
-4.2542E-03
-2.6794E-02
-3.2621E-02
-3.3047E-02
-3.6328E-02
-2.3728E-02
-1.1981E-02
-2.2414E-02
-2.5537E-02
-2.7501E-04
3.4018E-02
5.8006E-02
5.7582E-02
4.1997E-02
2.8585E-02
3.1700E-02
2.0909E-02
7.2596E-04
-6.2354E-03
-1.4868E-02
-2.3380E-02
-1.7518E-02
-1.4221E-02
-3.1452E-02
-4.1550E-02
-3.0734E-02
-2.6061E-02
-2.6829E-02
-2.2857E-02
-1.3492E-02
1.5698E-04
6.1884E-03
6.5244E-03
1.6160E-04
-1.7983E-02
-3.6461E-02
-4.4552E-02
-4.6058E-02
-4.2441E-02
-4.6266E-02
-5.9424E-02
-7.9462E-02
-8.8771E-02
-7.6413E-02
-6.2345E-02
-4.1621E-02
-3.0524E-02
-3.5365E-02
-3.8582E-02
-2.2854E-02
-3.5023E-03
-8.4981E-03
-2.7435E-02
-3.1292E-02
-2.5196E-02
-1.3100E-02
2.2123E-03
1.5839E-02
1.8885E-02
2.2714E-02
3.1720E-02
3.4245E-02
1.8490E-02
2.6230E-04
3.0325E-03
1.6165E-02
3.8205E-02
4.0651E-02
2.5480E-02
1.9183E-02
2.4072E-02
2.2726E-02
2.8844E-02
5.0158E-02
5.4854E-02
4.5409E-02
3.8136E-02
3.1330E-02
2.0392E-02
-4.9704E-05
-1.1356E-02
-5.9580E-03
-1.5940E-04
-2.2285E-03
2.6962E-03
1.4889E-02
2.0969E-02
1.6079E-02
1.7556E-02
3.2720E-02
3.5380E-02
1.7646E-02
6.6876E-04
5.9017E-03
3.0392E-02
4.2715E-02
3.4236E-02
1.3587E-02
-4.5049E-03
-1.6928E-02
-3.0565E-02
-3.2398E-02
-2.9873E-02
-3.6759E-02
-4.8808E-02
-5.0752E-02
-4.1852E-02
-2.8113E-02
-1.8912E-02
-1.3409E-02
-8.8208E-03
-8.4001E-03
-1.7837E-02
-1.9877E-02
-1.5129E-02
-2.0400E-02
-3.2487E-02
-3.6318E-02
-2.4032E-02
-1.0034E-02
-1.9901E-03
1.0982E-02
1.7315E-02
8.3778E-03
-6.5469E-03
-1.7621E-02
-2.6299E-02
-2.6305E-02
-2.2750E-02
-3.2414E-02
-3.9531E-02
-1.9565E-02
5.5067E-04
-5.1153E-04
-1.1538E-03
7.0535E-03
1.9413E-02
2.7555E-02
2.6431E-02
1.4986E-02
5.5403E-03
-3.5816E-03
-9.3581E-03
-6.3940E-03
-2.5356E-03
9.6579E-04
1.3550E-02
1.9116E-02
6.1217E-03
2.5453E-03
5.0735E-03
2.9493E-04
-1.0586E-02
-3.2090E-02
-4.3160E-02
-2.6478E-02
-1.1744E-02
-2.6051E-02
-3.9224E-02
-3.1691E-02
-1.1744E-02
8.5502E-03
2.0745E-03
-1.5827E-03
1.0026E-02
1.3838E-02
1.7742E-02
1.9351E-02
1.9565E-02
2.5881E-02
1.6999E-02
-2.3708E-03
-7.2691E-03
-6.8249E-03
-1.4516E-02
-1.5513E-02
-7.6576E-03
-7.4382E-03
-1.6573E-02
-1.4026E-02
-1.2453E-02
-2.5115E-02
-2.4493E-02
-2.5168E-03
1.1663E-02
1.5403E-02
1.7179E-02
2.0808E-02
3.0692E-02
2.0431E-02
7.3226E-03
1.2862E-02
2.5929E-02
2.6564E-02
6.9937E-03
-1.5741E-02
-1.8708E-02
-8.9294E-03
-1.8523E-03
-8.4991E-03
-1.8288E-02
-2.6039E-02
-2.4384E-02
-1.4395E-02
-1.0607E-02
-5.9763E-03
-5.7219E-04
4.4529E-03
1.6883E-02
3.0752E-02
2.5617E-02
1.8543E-02
2.7489E-02
2.9614E-02
1.7429E-02
1.9047E-02
2.3977E-02
2.3134E-02
3.2995E-02
4.2541E-02
3.6076E-02
3.2183E-02
4.0540E-02
4.5305E-02
4.6238E-02
3.4876E-02
9.0401E-03
5.5939E-03
1.4288E-02
1.5858E-02
2.0801E-02
1.5036E-02
8.6865E-04
5.4083E-03
1.9412E-02
1.9386E-02
2.0229E-02
2.1033E-02
2.2459E-02
3.9026E-02
5.0232E-02
4.0023E-02
1.6523E-02
-5.9528E-03
-1.1779E-02
-6.1894E-03
-9.8337E-03
-1.8185E-02
-1.8796E-02
-1.7091E-02
-8.5222E-03
-4.4895E-03
-1.2907E-02
-2.1533E-02
-3.3630E-02
-3.4671E-02
-3.1303E-02
-2.7167E-02
-2.0505E-02
-1.1547E-02
-7.6686E-03
-6.7271E-03
4.6448E-03
1.3552E-02
7.6024E-03
-6.6952E-03
-2.1774E-02
-4.5445E-02
-5.3514E-02
-4.2403E-02
-3.5982E-02
-4.0192E-02
-4.1757E-02
-1.7261E-02
2.1454E-02
3.1894E-02
2.7368E-02
1.9167E-02
8.1329E-03
-7.5460E-03
-1.6684E-02
-5.3915E-03
1.1177E-02
2.8274E-02
4.2328E-02
4.2625E-02
4.8833E-02
6.9735E-02
6.7624E-02
3.6342E-02
1.3982E-02
1.8664E-02
2.4526E-02
7.1385E-03
-2.1649E-02
-2.5513E-02
-1.7666E-02
-1.3445E-02
-3.6906E-03
1.0754E-02
1.9786E-02
1.9623E-02
1.1285E-02
6.6434E-03
1.2663E-03
-5.2665E-03
-1.8796E-02
-2.4265E-02
-8.8666E-03
1.2783E-02
2.5653E-02
2.4094E-02
1.9429E-02
1.0635E-02
-4.1651E-03
-2.7175E-02
-4.3489E-02
-4.4816E-02
-4.2247E-02
-3.9802E-02
-3.6627E-02
-4.0109E-02
-4.1273E-02
-2.2418E-02
-9.4412E-03
-1.5350E-02
-1.9610E-02
-1.9720E-02
-1.5423E-02
-9.7007E-03
-7.7791E-03
-1.0890E-02
-6.9226E-03
1.0851E-02
2.3316E-02
2.4325E-02
2.4188E-02
1.7860E-02
1.3084E-02
1.6169E-02
1.6578E-02
3.8864E-03
-7.4685E-03
-1.2204E-02
-1.1799E-02
-1.3006E-02
-1.3964E-02
-8.9934E-03
-7.9468E-03
-1.7518E-02
-2.5574E-02
-2.6969E-02
-2.7253E-02
-2.4048E-02
-2.2757E-02
-1.8719E-02
-1.4076E-02
-1.0076E-02
6.5791E-03
1.6464E-02
6.3245E-03
-6.8676E-03
-3.6404E-03
1.5631E-02
2.4800E-02
2.4415E-02
2.0192E-02
1.7038E-02
1.1462E-02
-3.0898E-03
-1.7212E-02
-1.1285E-03
2.4266E-02
2.5197E-02
1.6778E-02
1.6884E-02
1.7656E-02
1.8959E-02
1.1103E-02
8.8595E-03
1.3704E-02
-8.7626E-05
-1.5393E-02
-2.5044E-02
-3.1220E-02
-3.8772E-02
-3.6492E-02
-2.9929E-02
-2.7951E-02
-2.6769E-02
-2.7596E-02
-1.8500E-02
-5.9415E-03
3.2988E-03
1.1671E-02
1.7171E-02
1.3100E-02
6.8301E-04
-3.8112E-03
6.6306E-03
6.3868E-03
-3.1573E-03
-7.2786E-03
-1.8626E-02
-2.4560E-02
-2.8926E-02
-3.3942E-02
-2.4908E-02
-1.1066E-02
-2.6211E-03
1.7910E-02
2.7059E-02
2.7786E-02
3.1590E-02
2.9318E-02
1.2980E-02
-2.6432E-03
-8.0180E-03
-9.5405E-03
-8.9152E-03
-9.7094E-03
-3.1543E-03
1.1295E-02
1.4436E-02
1.0782E-02
7.7258E-03
6.5367E-03
9.4800E-03
2.3404E-02
2.4962E-02
1.1793E-02
7.2164E-03
4.7586E-03
-1.7603E-05
4.7033E-04
1.4105E-02
1.7456E-02
1.7403E-02
2.0945E-02
1.8530E-02
1.3075E-02
6.9759E-03
-4.3396E-03
-1.4747E-02
-1.7022E-02
-3.0085E-03
1.2197E-02
1.6931E-02
1.3838E-02
9.0664E-03
1.1655E-02
2.5000E-02
3.2110E-02
3.0400E-02
2.6244E-02
9.3788E-03
-4.1482E-03
-4.6443E-03
-5.9030E-03
-6.1225E-03
6.5728E-03
9.4695E-03
5.0659E-03
1.4416E-02
2.2940E-02
2.3193E-02
2.3080E-02
1.9463E-02
1.3429E-02
1.5675E-02
2.2718E-02
2.0688E-02
4.4654E-03
-4.5926E-03
1.1483E-03
4.3706E-03
-3.8219E-03
-4.5147E-03
-7.8077E-04
-5.5087E-03
2.0086E-03
1.5835E-02
1.9152E-02
2.3337E-02
2.2641E-02
2.0646E-02
1.8364E-02
1.3463E-02
1.4539E-02
9.9190E-03
7.5735E-03
9.7405E-03
1.1334E-02
2.8851E-03
2.1342E-03
2.6509E-03
-4.9960E-03
-3.3726E-03
6.0239E-03
1.4025E-02
1.3522E-02
3.5331E-03
-1.3506E-02
-1.4240E-02
9.7064E-04
8.4122E-03
9.0196E-03
1.4504E-02
2.0773E-02
6.3846E-03
-1.3488E-02
-2.2752E-02
-1.8545E-02
-9.0312E-03
-3.1167E-03
-2.4783E-04
-1.4960E-02
-2.2824E-02
-1.2420E-02
-2.9165E-03
1.5441E-03
-1.2542E-03
-2.5150E-03
8.2628E-03
8.8570E-03
6.4846E-03
1.2550E-02
1.7981E-02
4.1598E-03
-1.3753E-02
-1.0472E-02
-1.7215E-03
-4.5809E-03
-7.0811E-03
4.0158E-04
7.4955E-03
-1.3017E-03
-1.0792E-02
-3.9709E-03
8.8603E-03
1.0458E-02
8.3311E-03
1.0808E-02
7.7709E-03
9.6907E-03
2.4494E-02
3.4812E-02
3.1146E-02
1.9672E-02
7.4470E-03
2.0651E-03
1.7895E-03
-4.6757E-03
-1.6555E-02
-2.6685E-02
-2.4134E-02
-1.2143E-03
1.4785E-02
6.0772E-03
-3.6264E-03
-2.4197E-03
-4.6110E-03
-1.8040E-02
-3.4141E-02
-3.9322E-02
-3.1214E-02
-1.1919E-02
-1.0254E-03
4.6251E-03
6.0382E-03
2.1689E-03
-7.7491E-03
-2.7693E-02
-3.4396E-02
-2.2071E-02
-1.3933E-02
-9.9672E-03
-2.0995E-03
1.0472E-02
1.5340E-02
8.1525E-03
3.7931E-03
1.0661E-02
7.2971E-03
-1.2544E-02
-1.7834E-02
-1.2291E-02
-1.9270E-02
-3.1057E-02
-3.6961E-02
-3.3733E-02
-1.9976E-02
-9.4327E-03
-7.1869E-03
-1.0741E-02
2.6463E-04
1.1713E-02
1.2478E-02
1.3913E-02
1.5062E-02
1.5431E-02
1.3653E-02
1.2117E-03
-1.1530E-02
-8.8609E-03
-7.7847E-03
-3.7549E-03
8.9368E-03
2.0956E-02
1.8573E-02
1.8407E-03
-1.0318E-02
-5.9918E-03
-3.5204E-03
-8.6190E-03
9.5466E-04
-1.8171E-03
-1.3925E-02
-1.5854E-02
-4.2026E-03
1.5371E-02
3.7615E-02
4.5918E-02
3.9097E-02
3.3297E-02
3.2141E-02
1.8875E-02
1.4958E-03
3.0795E-03
1.7082E-03
-1.2800E-02
-3.5289E-02
-4.8132E-02
-3.9921E-02
-2.4389E-02
-2.5416E-02
-2.5698E-02
-1.6071E-02
2.0850E-03
8.7720E-03
-7.6560E-03
-1.7380E-02
-3.9182E-03
8.7310E-03
1.0808E-02
5.3315E-03
-1.5137E-02
-2.5250E-02
-6.1677E-03
1.2964E-02
1.1799E-02
1.1338E-02
8.5777E-03
1.3912E-02
2.6960E-02
2.6944E-02
5.3134E-03
-5.3496E-03
8.6518E-03
2.4763E-02
2.2848E-02
2.9028E-03
-3.5576E-03
6.9675E-03
1.3329E-02
1.0810E-02
1.0524E-02
3.4582E-03
-2.8051E-03
-1.2533E-04
8.2311E-03
1.4657E-02
1.7520E-02
6.9776E-03
-9.2589E-03
-2.9014E-02
-4.0333E-02
-3.8457E-02
-2.6858E-02
-1.7653E-02
-1.8722E-02
-2.2010E-02
-2.2168E-02
-1.0828E-02
-7.7936E-03
-1.4600E-02
-1.1658E-02
1.5157E-03
4.5572E-03
6.0344E-03
7.0221E-03
-5.7366E-03
-1.7375E-02
-9.8775E-03
6.8440E-04
-9.5917E-03
-1.6525E-02
-3.4977E-03
1.4317E-02
3.0343E-02
2.8692E-02
2.1137E-02
2.5620E-02
2.9117E-02
1.7260E-02
5.8521E-03
6.1140E-04
-1.4647E-03
-7.6757E-03
-1.5288E-02
-1.4135E-02
-1.2634E-05
1.2938E-02
2.5886E-02
3.5218E-02
3.6781E-02
2.6526E-02
1.7654E-02
2.1255E-02
1.2763E-02
-2.5904E-03
-9.6126E-03
-1.8221E-02
-1.5855E-02
-7.4135E-04
7.7324E-03
1.2898E-02
2.0321E-02
3.3294E-02
3.1516E-02
1.1275E-02
-2.0770E-03
3.6018E-03
1.3175E-02
1.9161E-02
1.3265E-02
-2.0701E-03
-1.7418E-02
-2.4630E-02
-2.2632E-02
-1.5034E-02
-7.5026E-03
-1.0022E-03
5.9674E-03
1.3265E-02
2.2014E-02
2.7801E-02
2.0311E-02
1.6987E-03
-1.7465E-02
-2.6032E-02
-2.2542E-02
-9.9716E-03
-7.4086E-03
-1.7275E-02
-1.1091E-02
4.7521E-03
1.2651E-02
1.4215E-02
6.0725E-03
2.1684E-03
3.2435E-03
-7.8544E-04
-5.0332E-03
1.9989E-03
4.2567E-03
4.9449E-03
1.0304E-02
4.6767E-04
-1.1946E-02
-1.5659E-02
-1.8283E-02
-1.8436E-02
-1.6882E-02
-2.2205E-02
-2.4125E-02
-2.3771E-02
-1.6752E-02
-1.3199E-02
-2.0299E-02
-1.9836E-02
-1.6232E-03
6.8539E-03
-4.0121E-03
-1.6043E-02
-1.4859E-02
-9.8258E-03
-9.6971E-03
6.9476E-04
1.2356E-02
1.1117E-02
1.0304E-02
1.1690E-02
7.1210E-03
-3.6661E-03
-8.1501E-03
-1.0955E-02
-1.8406E-02
-2.5746E-02
-1.1746E-02
1.3628E-02
2.5382E-02
2.5681E-02
2.3278E-02
2.5806E-02
3.5596E-02
3.8713E-02
2.0312E-02
-2.7328E-03
-9.8914E-03
3.3620E-04
-1.7985E-03
-1.4276E-02
-2.2595E-02
-2.1173E-02
-2.1702E-02
-2.5277E-02
-3.4938E-02
-4.3038E-02
-3.6856E-02
-3.3867E-02
-3.9443E-02
-2.5491E-02
5.0708E-03
1.4212E-02
8.6899E-03
7.0546E-03
2.5110E-03
-1.0813E-02
-1.7097E-02
-2.1275E-02
-1.7919E-02
-1.1468E-03
1.4179E-03
5.1861E-03
1.7119E-02
2.3679E-02
2.0492E-02
1.3413E-02
1.0216E-02
1.5084E-02
2.1688E-02
1.8415E-02
1.2443E-02
9.6512E-03
7.9272E-04
-6.8902E-03
-3.9506E-03
-3.8281E-03
-1.8453E-03
1.2214E-02
2.5512E-02
2.1669E-02
1.3361E-02
7.7192E-03
-1.3870E-03
-7.4651E-03
-4.6055E-03
1.5658E-03
1.8462E-03
1.9191E-03
1.0251E-02
2.1057E-02
2.2612E-02
3.0732E-02
3.5978E-02
2.7529E-02
2.1315E-02
1.3688E-02
3.0027E-03
-1.2604E-03
-5.0665E-03
-7.3486E-03
-4.0525E-03
1.7227E-03
1.3388E-02
1.7204E-02
7.3768E-03
6.5033E-04
1.0495E-02
1.9420E-02
1.2959E-02
4.7298E-03
5.8562E-03
2.3067E-02
3.3513E-02
2.4890E-02
1.6442E-02
1.7292E-02
2.6678E-02
2.8172E-02
1.5171E-02
1.8075E-03
-4.2622E-03
-9.3078E-03
-1.2176E-02
-1.6992E-02
-2.1772E-02
-2.5536E-02
-2.5340E-02
-1.0846E-02
1.4536E-02
2.5961E-02
1.9693E-02
8.1810E-03
-2.2227E-03
-4.8903E-03
-6.9549E-03
-2.2836E-02
-3.9812E-02
-5.4271E-02
-6.1567E-02
-5.4864E-02
-5.1947E-02
-5.6870E-02
-5.8392E-02
-6.1536E-02
-7.5089E-02
-8.2971E-02
-7.8349E-02
-8.2116E-02
-9.3368E-02
-1.0031E-01
-1.0474E-01
-9.9773E-02
-9.1382E-02
-8.2236E-02
-7.3251E-02
-6.6407E-02
-6.3113E-02
-6.6164E-02
-6.4782E-02
-5.7505E-02
-5.3676E-02
-4.9081E-02
-4.9778E-02
-5.1634E-02
-4.1686E-02
-3.0286E-02
-2.7094E-02
-1.8957E-02
-7.0765E-03
-2.9592E-03
-2.5439E-03
6.4340E-05
6.7191E-03
1.3988E-02
1.8025E-02
2.7956E-02
3.5427E-02
3.3769E-02
3.3677E-02
3.5410E-02
3.2364E-02
2.9880E-02
3.9888E-02
5.3561E-02
5.5505E-02
5.4467E-02
5.1612E-02
4.0091E-02
2.9865E-02
2.7127E-02
2.7640E-02
3.1903E-02
3.9025E-02
4.5975E-02
5.6991E-02
6.7713E-02
6.3719E-02
5.4180E-02
5.4715E-02
5.5658E-02
5.0346E-02
4.8837E-02
5.6348E-02
6.9055E-02
8.6909E-02
9.9857E-02
1.0835E-01
1.0898E-01
9.9013E-02
8.6830E-02
8.0713E-02
7.5645E-02
5.8756E-02
2.9230E-02
6.0466E-03
5.3250E-04
4.0567E-03
1.7915E-03
-1.2134E-02
-3.1202E-02
-4.6868E-02
-5.5968E-02
-6.3284E-02
-6.5900E-02
-6.7243E-02
-6.4063E-02
-5.6500E-02
-4.7179E-02
-3.9471E-02
-3.7575E-02
-3.9172E-02
-3.8291E-02
-3.3422E-02
-2.8761E-02
-3.0919E-02
-4.3755E-02
-5.6553E-02
-6.1524E-02
-6.1904E-02
-5.2805E-02
-3.3709E-02
-1.0911E-02
6.3073E-03
8.3379E-03
-3.6711E-03
-1.0232E-02
-1.1439E-02
-1.3980E-02
-8.4679E-03
2.2090E-03
2.2133E-02
4.6765E-02
6.6067E-02
8.0783E-02
9.1361E-02
9.6594E-02
9.2453E-02
7.3689E-02
4.7847E-02
3.0241E-02
2.8510E-02
3.7839E-02
5.4831E-02
7.3330E-02
7.8558E-02
6.7672E-02
5.7684E-02
4.6283E-02
3.0035E-02
1.0213E-02
-9.0939E-03
-2.6195E-02
-3.5526E-02
-3.1855E-02
-3.4063E-02
-3.2056E-02
-2.4850E-02
-2.4797E-02
-2.6305E-02
-2.2969E-02
-1.2611E-02
-2.1796E-03
-2.0569E-04
-4.6212E-04
3.9215E-03
6.1527E-03
3.2116E-03
-1.6998E-03
-9.8064E-03
-2.7751E-02
-4.5802E-02
-5.3958E-02
-5.7142E-02
-4.7774E-02
-3.2041E-02
-1.6112E-02
2.4568E-03
1.8362E-02
2.4212E-02
1.7075E-02
1.2198E-03
-1.7807E-02
-3.1289E-02
-3.8860E-02
-3.0327E-02
-1.9980E-02
-1.3344E-02
-4.5393E-04
1.6805E-02
2.6767E-02
3.1390E-02
2.9014E-02
1.7251E-02
8.2107E-03
-2.7686E-03
-2.2864E-02
-3.2251E-02
-2.5967E-02
-1.7535E-02
-8.1104E-03
-6.4424E-03
-1.0618E-02
-6.5438E-03
1.5383E-03
3.3334E-03
-3.5128E-03
-3.2709E-03
7.7922E-03
1.3985E-02
1.2834E-02
8.3771E-03
2.8241E-03
-4.1392E-03
-1.2552E-02
-1.9459E-02
-2.5020E-02
-2.7748E-02
-2.5862E-02
-3.0376E-02
-3.0136E-02
-2.2884E-02
-1.6962E-02
-1.3692E-02
-1.6306E-02
-2.5521E-02
-2.8981E-02
-2.4366E-02
-2.6659E-02
-2.8916E-02
-2.3715E-02
-1.7909E-02
-1.1578E-02
-5.0529E-03
-4.3203E-03
-1.2100E-02
-1.8551E-02
-1.9532E-02
-2.4881E-02
-2.9477E-02
-2.3661E-02
-1.7763E-02
-1.6721E-02
-1.1649E-02
-7.0740E-03
-5.6616E-03
1.3191E-03
9.4732E-03
9.1378E-03
8.9808E-03
1.6462E-02
1.8903E-02
4.8279E-03
-1.6117E-02
-3.4745E-02
-4.2803E-02
-4.9599E-02
-5.6768E-02
-6.4303E-02
-6.9069E-02
-6.5244E-02
-4.9835E-02
-3.3107E-02
-2.3849E-02
-1.5140E-02
-9.8052E-03
-5.8605E-03
-3.8811E-03
-6.1067E-03
-1.2927E-02
-2.4457E-02
-3.1478E-02
-2.3901E-02
-4.1118E-03
1.3722E-02
1.7254E-02
1.8369E-02
1.7041E-02
1.2876E-02
3.5929E-03
-9.6829E-03
-1.8251E-02
-1.5567E-02
-7.6973E-03
4.3785E-03
2.0111E-02
3.3801E-02
3.8461E-02
4.2661E-02
4.6551E-02
4.6261E-02
3.4232E-02
2.1209E-02
1.6274E-02
1.3414E-02
1.3554E-02
1.7047E-02
2.3217E-02
2.7616E-02
3.5894E-02
4.1799E-02
4.0633E-02
3.5093E-02
3.8909E-02
4.8194E-02
5.1465E-02
4.2144E-02
3.5971E-02
4.1410E-02
4.1382E-02
3.4384E-02
3.2102E-02
3.5035E-02
4.0950E-02
3.3788E-02
2.2451E-02
1.6260E-02
1.6388E-02
1.6137E-02
1.8100E-02
2.3647E-02
2.8533E-02
3.0416E-02
2.8051E-02
2.6487E-02
1.4816E-02
5.3449E-04
-5.6451E-03
-9.1878E-03
-1.1097E-02
-1.1498E-02
-1.2136E-02
-1.1805E-02
-5.1907E-03
4.0842E-03
1.6765E-03
3.1462E-03
1.4626E-02
1.3008E-02
-3.4275E-03
-4.7687E-03
2.4544E-03
5.4038E-03
-1.1959E-03
-6.9290E-03
-4.3955E-03
-6.2589E-03
-2.1284E-02
-3.0006E-02
-2.0965E-02
-5.2556E-03
3.9826E-03
3.4486E-03
-8.9780E-04
-1.6323E-03
1.0341E-04
2.2712E-04
-1.2260E-03
-7.4826E-04
8.3547E-03
9.6685E-03
-1.1056E-04
-6.8747E-03
-1.5249E-02
-1.4908E-02
-3.9900E-03
-7.3356E-03
-2.1660E-02
-2.6870E-02
-2.2882E-02
-1.6500E-02
-8.4949E-03
8.6949E-03
2.6789E-02
2.5832E-02
1.5391E-02
1.4295E-02
2.2845E-02
3.6351E-02
4.5129E-02
4.6620E-02
4.6716E-02
3.9170E-02
3.0096E-02
2.4872E-02
1.9395E-02
1.1500E-02
8.5270E-03
9.8399E-03
2.5939E-02
3.5902E-02
2.3649E-02
1.0193E-02
1.7115E-02
3.1217E-02
3.9724E-02
3.9078E-02
3.1727E-02
2.6206E-02
2.4568E-02
2.6816E-02
2.0448E-02
8.4740E-03
-1.0081E-03
-5.9231E-03
-7.8185E-03
-8.2497E-03
-6.8421E-03
-5.8618E-03
-9.0961E-03
-1.3871E-02
-1.7730E-02
-1.4787E-02
2.5145E-03
2.0195E-02
2.3709E-02
1.5279E-02
1.3279E-02
2.9422E-02
2.9228E-02
1.1305E-02
1.2727E-03
-3.1658E-04
5.7583E-03
1.5421E-02
2.1597E-02
1.9872E-02
1.4746E-02
1.7508E-02
2.7635E-02
3.5342E-02
2.7140E-02
1.2888E-02
6.5299E-03
9.4795E-03
1.4239E-02
1.2791E-02
2.9861E-03
-8.4055E-03
-7.6570E-03
7.3068E-04
5.6183E-03
6.7199E-03
6.6818E-03
2.8885E-05
-8.4623E-03
-1.3896E-02
-2.0168E-02
-2.9203E-02
-3.4797E-02
-2.9973E-02
-2.5074E-02
-2.0751E-02
-2.0628E-02
-2.1623E-02
-2.4889E-02
-3.0545E-02
-3.1487E-02
-3.4462E-02
-4.2330E-02
-4.2729E-02
-3.6848E-02
-3.1798E-02
-2.5082E-02
-2.2540E-02
-2.0495E-02
-1.9482E-02
-1.8044E-02
-1.6852E-02
-1.9081E-02
-2.2730E-02
-2.9483E-02
-3.1239E-02
-2.1220E-02
-1.4923E-02
-1.5531E-02
-1.6120E-02
-1.6573E-02
-1.5111E-02
-1.1132E-02
-1.6900E-02
-1.7988E-02
-9.6050E-03
-1.8494E-02
-3.5690E-02
-3.5359E-02
-2.3171E-02
-1.0597E-02
2.6208E-03
9.2174E-03
9.3159E-03
2.1756E-02
2.8757E-02
2.3765E-02
2.5385E-02
1.8445E-02
1.1600E-02
8.5515E-03
2.4702E-03
-6.3883E-04
2.3205E-04
5.4952E-03
1.4624E-02
2.0166E-02
1.2123E-02
4.7161E-03
-1.0622E-03
-3.8123E-03
2.5699E-03
4.5082E-03
-4.3999E-03
-2.0153E-02
-2.4921E-02
-2.1933E-02
-1.2055E-02
2.5064E-03
6.0571E-03
2.5311E-03
-6.6638E-04
-7.6026E-05
1.7580E-03
2.1027E-03
-7.0780E-04
-9.0808E-03
-7.5231E-03
1.1799E-03
-1.4005E-03
-3.4054E-03
-6.7220E-04
3.2728E-03
8.1068E-03
1.3285E-02
1.8758E-02
1.9998E-02
2.6819E-02
3.1034E-02
2.0695E-02
1.5434E-02
1.9373E-02
2.0408E-02
1.8836E-02
1.9960E-02
1.6900E-02
9.9461E-03
7.5019E-03
1.0416E-02
1.4200E-02
1.5552E-02
1.1053E-02
1.1060E-02
1.1399E-02
3.6854E-03
7.7144E-04
4.6013E-03
1.9598E-03
-7.8577E-03
-1.0430E-02
-4.3557E-03
-6.3325E-03
-1.5456E-02
-2.0487E-02
-2.0429E-02
-1.7041E-02
-1.6435E-02
-1.7135E-02
-2.2239E-02
-2.9359E-02
-3.1542E-02
-2.7157E-02
-2.8011E-02
-2.8776E-02
-2.8925E-02
-2.8281E-02
-2.3316E-02
-1.6913E-02
-1.0129E-02
-6.0130E-04
4.4201E-03
-1.1340E-03
-7.1839E-03
-1.1829E-02
-1.7404E-02
-2.1945E-02
-3.2014E-02
-4.4779E-02
-3.8943E-02
-2.2134E-02
-1.2067E-02
-1.0823E-02
-1.4420E-02
-1.6435E-02
-1.7203E-02
-1.9146E-02
-1.3713E-02
-3.7332E-03
7.5768E-03
1.3361E-02
8.5200E-03
-1.1416E-03
-4.7216E-03
-8.0962E-03
-1.0948E-02
-1.1070E-02
-1.0001E-02
-3.6620E-03
9.1644E-04
-4.4670E-03
-8.0314E-03
-6.7186E-04
3.3447E-03
-2.0857E-03
-1.4699E-02
-2.1428E-02
-1.0010E-02
1.3717E-04
-1.0677E-02
-2.4887E-02
-2.7219E-02
-2.3900E-02
-2.3380E-02
-2.6624E-02
-2.7395E-02
-1.7304E-02
-6.0073E-03
-9.9299E-04
2.6159E-03
4.9964E-03
1.1469E-02
1.4818E-02
1.4046E-02
1.2894E-02
5.9265E-03
-5.9799E-05
-2.7266E-03
-2.6418E-03
-4.5103E-04
-1.3202E-03
-3.9703E-03
-1.0430E-02
-1.0663E-02
-6.5487E-03
-1.8572E-02
-3.1063E-02
-3.2898E-02
-3.8723E-02
-4.3274E-02
-3.1483E-02
-1.8372E-02
-1.3147E-02
-1.3994E-02
-1.4511E-02
-4.1397E-03
1.7455E-03
2.5030E-03
6.0451E-03
5.1883E-03
-9.5470E-04
-2.3216E-04
5.4334E-03
2.9748E-04
-9.6688E-03
-1.1334E-02
-8.4571E-03
-4.1525E-03
-4.7080E-04
-6.5487E-03
-1.6340E-02
-1.8467E-02
-2.0057E-02
-2.1564E-02
-1.8585E-02
-1.7653E-02
-1.2254E-02
-4.6669E-03
-1.5849E-03
-1.6949E-03
2.4292E-03
1.5035E-02
2.3263E-02
2.1353E-02
2.3186E-02
2.4604E-02
1.7360E-02
1.2238E-02
1.3950E-02
1.5912E-02
1.7869E-02
1.6483E-02
1.3590E-02
1.0281E-02
5.5052E-03
1.1562E-02
2.5029E-02
2.8549E-02
2.4691E-02
2.6461E-02
2.8076E-02
2.6369E-02
1.8689E-02
1.4193E-02
1.6624E-02
1.7378E-02
1.7704E-02
2.5432E-02
3.5645E-02
3.7022E-02
3.5109E-02
3.2184E-02
2.3826E-02
5.5912E-03
-1.5827E-03
1.0748E-02
1.5404E-02
1.7307E-02
2.7920E-02
4.1996E-02
4.4999E-02
3.7051E-02
3.7709E-02
4.9576E-02
5.3612E-02
4.7080E-02
3.2434E-02
1.8272E-02
5.6188E-03
-9.9254E-03
-2.6853E-02
-3.0667E-02
-2.8300E-02
-3.3636E-02
-4.1159E-02
-4.4167E-02
-4.2148E-02
-4.5555E-02
-4.2320E-02
-2.3175E-02
-1.9611E-03
1.2113E-02
1.8043E-02
1.0308E-02
7.0639E-03
4.8533E-03
-1.9720E-04
-4.7885E-03
-1.2872E-02
-2.6358E-02
-3.3211E-02
-2.6997E-02
-1.4456E-02
-3.2762E-03
4.5617E-03
6.7208E-03
8.4518E-03
7.7911E-03
-3.3674E-03
-1.4083E-02
-4.1966E-03
6.9074E-03
5.6661E-04
1.4010E-03
1.6448E-02
3.2821E-02
3.7851E-02
2.9413E-02
7.4790E-03
1.1693E-03
1.8915E-02
3.0158E-02
2.3276E-02
2.3070E-02
3.7196E-02
4.3638E-02
4.3482E-02
3.2601E-02
1.7901E-02
1.2118E-02
7.6144E-04
-4.7772E-03
9.1883E-03
1.6762E-02
6.8010E-03
-1.3129E-03
-2.0583E-03
-2.7003E-03
-7.2104E-03
-6.2736E-04
1.1264E-02
1.3967E-02
1.2802E-02
1.6565E-02
2.0212E-02
1.4714E-02
2.8307E-03
-5.9652E-03
-1.0074E-02
-1.3222E-02
-2.6838E-02
-3.5637E-02
-2.5014E-02
-1.2103E-02
5.0719E-03
1.3352E-02
1.4480E-02
1.0055E-02
7.0651E-03
1.3940E-02
1.0971E-02
-6.2616E-03
-2.1088E-02
-1.3452E-02
5.6261E-03
1.3183E-02
1.1263E-02
1.8161E-02
2.3665E-02
1.6169E-02
5.6748E-03
-3.8602E-03
-1.6929E-02
-2.7218E-02
-3.0149E-02
-2.6595E-02
-9.0872E-03
6.4034E-03
3.3731E-03
1.1391E-03
1.4881E-02
2.3941E-02
1.5372E-02
-2.2646E-03
-1.3816E-02
-2.2151E-02
-1.3030E-02
-5.9936E-03
-1.3097E-02
-1.8945E-02
-1.8906E-02
-9.9696E-03
-5.7293E-04
-5.5367E-03
-4.6764E-03
1.3440E-03
-3.5910E-03
-2.9585E-03
-2.2929E-03
-1.6876E-02
-2.9005E-02
-2.3534E-02
-1.6878E-02
-8.1487E-03
-4.7193E-03
-6.0781E-03
5.8826E-04
1.6048E-03
-8.3130E-03
-9.3767E-03
-1.6502E-03
-1.1353E-02
-2.6270E-02
-1.6118E-02
-3.3164E-03
9.3272E-04
8.4928E-03
1.3475E-02
1.4169E-02
4.4111E-03
-9.8121E-03
-1.6779E-02
-2.1632E-02
-2.9614E-02
-3.3110E-02
-2.2541E-02
-4.8849E-03
7.2268E-03
1.3099E-02
2.0865E-02
3.5500E-02
3.7561E-02
2.8528E-02
1.3923E-02
-3.3192E-03
-1.6761E-02
-2.7435E-02
-2.4917E-02
-1.5720E-02
-1.1979E-02
-1.4356E-02
-1.5559E-02
-1.2348E-02
-1.0830E-03
1.2980E-02
1.9142E-02
1.2751E-02
7.4300E-03
9.6018E-03
7.1575E-03
-4.8441E-03
-2.3174E-02
-3.5471E-02
-3.1042E-02
-2.8142E-02
-2.8024E-02
-2.3780E-02
-2.0874E-02
-1.3350E-02
-1.2519E-03
1.1482E-02
8.7868E-03
-5.2937E-05
-2.1504E-03
-1.0148E-02
-1.6208E-02
-1.4140E-02
-1.0379E-02
-6.7314E-03
8.8935E-03
2.8198E-02
3.9479E-02
4.2160E-02
3.5975E-02
2.7258E-02
1.7294E-02
4.6121E-03
-2.2642E-03
-2.1816E-03
6.2903E-03
1.1930E-02
7.5637E-03
6.9559E-03
8.6919E-03
1.4817E-02
2.5720E-02
3.7199E-02
3.5839E-02
2.8891E-02
2.4668E-02
1.5918E-02
4.9970E-03
2.1365E-03
4.6749E-03
2.1656E-03
-4.7390E-03
-1.0440E-02
-1.1181E-02
-1.0081E-02
-1.7670E-02
-1.3750E-02
2.9089E-03
1.1004E-02
1.3685E-02
1.9536E-02
2.1592E-02
1.6803E-02
5.3261E-03
-4.7280E-03
-3.4219E-03
2.9315E-03
9.7547E-04
-3.7919E-04
2.4316E-03
7.0709E-03
1.2065E-02
1.2110E-02
1.9059E-02
3.1270E-02
3.3129E-02
2.6857E-02
2.9866E-02
2.7382E-02
1.9651E-02
2.0941E-02
2.4262E-02
2.0678E-02
1.8187E-02
6.9039E-03
-3.1615E-03
-5.1085E-03
-6.4197E-03
-7.1278E-03
-1.8282E-02
-2.6606E-02
-2.5248E-02
-2.5130E-02
-2.7906E-02
-3.4299E-02
-4.5929E-02
-4.1933E-02
-2.5898E-02
-1.1516E-02
1.7887E-03
6.5553E-03
-1.2880E-03
-1.0066E-02
-9.3716E-03
-6.5876E-03
-1.9466E-04
-4.2182E-04
-4.0512E-03
-1.1578E-03
1.1329E-02
2.3285E-02
2.3712E-02
1.8764E-02
1.9878E-02
2.3480E-02
1.9320E-02
1.2118E-02
5.3514E-03
-4.6590E-03
-1.2590E-02
-4.1466E-03
6.0672E-03
5.9850E-03
3.5407E-03
1.2021E-02
1.9406E-02
2.7554E-02
2.9949E-02
1.9192E-02
3.8573E-03
-1.5440E-02
-2.1372E-02
-9.9754E-03
-1.1057E-03
-4.2633E-03
4.7872E-03
2.0218E-02
1.8709E-02
1.4062E-02
1.4751E-02
2.8112E-02
4.5343E-02
3.8175E-02
2.2424E-02
2.3961E-02
2.3184E-02
1.7793E-02
1.0637E-02
-5.0910E-03
-1.6338E-02
-3.1490E-02
-3.5434E-02
-2.2367E-02
-1.5616E-02
-1.2588E-02
6.2844E-04
1.6737E-02
2.7813E-02
4.0245E-02
3.7496E-02
2.5627E-02
1.6626E-02
9.9701E-03
6.1057E-03
-1.5087E-04
5.1262E-04
9.3544E-03
1.6035E-02
1.8604E-02
1.1370E-02
-1.2465E-03
-7.7334E-03
-1.2220E-02
-1.7870E-02
-2.0708E-02
-2.5314E-02
-2.8011E-02
-1.2928E-02
-7.4833E-03
-1.9634E-02
-1.0084E-02
5.3240E-03
-6.2807E-03
-3.2285E-02
-4.9987E-02
-4.7522E-02
-4.1627E-02
-4.7155E-02
-5.3619E-02
-4.0002E-02
-1.4520E-02
-3.9575E-03
-2.0497E-02
-4.2582E-02
-4.4538E-02
-2.6325E-02
-1.0906E-02
-1.2193E-02
2.8975E-03
2.1084E-02
1.7122E-02
1.6856E-02
1.8232E-02
7.5384E-03
-9.0712E-03
-2.8796E-02
-5.7065E-02
-5.6989E-02
-3.1508E-02
-1.6359E-02
-9.0110E-03
-4.5323E-03
-1.6098E-03
4.9266E-03
1.4991E-03
-1.7218E-02
-2.6536E-02
-2.5709E-02
-3.0580E-02
-2.9136E-02
-2.0215E-02
-9.2318E-03
-2.3327E-03
2.2340E-03
1.1012E-02
1.3440E-02
1.1867E-02
1.9683E-02
2.4603E-02
1.6687E-02
1.5161E-02
1.9289E-02
1.6552E-02
9.7353E-03
1.9202E-03
4.8576E-04
1.0792E-02
8.5009E-03
-2.7574E-03
-1.1362E-03
1.2371E-02
2.6510E-02
2.6201E-02
6.4052E-03
-1.5389E-02
-2.2473E-02
-1.6364E-02
-1.5366E-02
-2.2085E-02
-1.7332E-02
-7.7836E-03
-6.0737E-03
-5.7189E-03
-2.4420E-03
-1.2285E-03
1.4938E-03
5.7146E-03
4.4304E-03
-5.7515E-03
-1.6456E-02
-1.9692E-02
-1.5968E-02
7.3375E-04
5.8238E-03
-7.4307E-03
-1.8190E-02
-1.1390E-02
-2.3678E-03
1.7523E-03
4.5415E-03
5.4642E-03
8.9356E-03
1.4192E-02
1.3671E-02
1.0052E-02
1.1034E-02
1.1097E-02
1.0409E-02
1.4229E-02
1.6863E-02
1.6518E-02
1.3070E-02
4.0491E-03
6.2082E-03
1.3058E-02
6.9870E-03
1.1686E-04
-5.1072E-03
-1.4675E-02
-2.5019E-02
-3.4934E-02
-4.1762E-02
-4.4036E-02
-2.8158E-02
-3.1741E-03
1.4778E-02
2.3106E-02
2.8206E-02
3.5057E-02
4.3148E-02
4.3907E-02
3.6503E-02
2.0972E-02
2.1727E-03
-2.8769E-03
-1.0696E-03
-4.7272E-03
-7.8938E-03
-2.0221E-03
1.1627E-02
1.6368E-02
1.0127E-02
-2.7230E-03
1.0333E-03
1.5650E-02
1.2447E-02
-5.6430E-03
-7.8210E-03
-9.7113E-04
-2.0444E-03
5.8570E-03
1.7882E-02
1.5387E-02
8.7675E-03
8.2398E-03
8.8745E-03
7.3725E-03
5.2125E-04
-2.3243E-03
7.8159E-03
1.6812E-02
1.1850E-02
4.2196E-03
6.7317E-03
1.2471E-02
8.3723E-03
-2.8588E-03
-5.7402E-03
-3.5944E-03
-8.3199E-03
-1.0179E-02
-8.5796E-03
-1.2852E-02
-1.7410E-02
-1.3740E-02
-1.4409E-02
-1.7878E-02
-1.5256E-02
-2.1900E-03
1.5153E-02
1.8391E-02
-6.3917E-04
-1.0595E-02
3.7108E-03
1.7578E-02
1.5024E-02
9.3855E-03
1.4551E-02
2.1483E-02
1.2018E-02
9.3950E-04
-2.0447E-03
-3.5638E-03
-4.7996E-03
-4.4438E-03
-1.4161E-03
6.9533E-03
1.7004E-02
2.7285E-02
2.6936E-02
1.7021E-02
1.8212E-02
2.3110E-02
1.3641E-02
7.6263E-03
1.6583E-02
1.9224E-02
5.6370E-03
-9.2229E-03
-1.2656E-02
-4.6300E-03
-2.5044E-04
-2.7500E-03
-3.8686E-03
-4.0958E-03
2.1472E-03
9.7638E-03
6.0328E-03
-4.8084E-03
-9.7765E-03
-9.7104E-03
-2.0881E-03
9.9367E-03
1.0413E-02
-1.8066E-03
-8.8014E-03
4.1894E-03
2.1817E-02
1.8222E-02
8.5113E-03
-7.4736E-05
-1.3661E-02
-2.4683E-02
-2.2722E-02
-2.1018E-02
-1.0967E-02
-1.3139E-03
-5.0468E-03
-1.3060E-02
-1.7116E-02
-1.1445E-02
4.8190E-04
5.5027E-03
1.4230E-03
-4.3524E-03
-7.4184E-03
-5.7965E-03
-9.0678E-04
-8.9418E-04
-5.7464E-03
-6.8555E-03
-1.2358E-02
-2.1512E-02
-2.1815E-02
-7.5408E-03
8.0155E-03
1.0599E-02
4.9944E-03
1.3080E-03
2.9662E-03
1.0792E-02
1.0787E-02
2.8496E-03
-4.4261E-03
-1.4285E-02
-2.8685E-02
-3.3927E-02
-3.0769E-02
-2.9015E-02
-2.7706E-02
-2.4799E-02
-2.0466E-02
-1.4726E-02
-1.1963E-02
-8.7906E-03
-2.3706E-03
-3.6799E-03
-1.2903E-02
-1.6107E-02
-1.7755E-02
-2.1485E-02
-2.7834E-02
-2.4044E-02
-1.6080E-02
-1.3206E-02
2.1256E-03
1.2081E-02
1.0415E-02
1.2311E-02
1.0471E-02
6.0856E-03
1.1473E-02
9.6299E-03
-7.3998E-03
-1.7331E-02
-1.6949E-02
-1.5231E-02
-3.4372E-03
-8.1730E-04
-1.1334E-02
-1.2976E-02
-2.5524E-03
4.6309E-03
4.1254E-04
-7.1321E-03
-1.6331E-02
-2.5674E-02
-2.7545E-02
-2.3199E-02
-1.3915E-02
-9.3994E-03
-1.5717E-02
-1.5626E-02
-2.9401E-03
6.0825E-03
1.9594E-03
-2.2423E-03
1.4712E-03
3.8222E-03
-4.3634E-03
-1.7828E-02
-2.9295E-02
-2.5564E-02
-1.1554E-02
-8.3685E-03
-2.0496E-02
-2.4523E-02
-9.0005E-03
1.3150E-02
2.8646E-02
2.4403E-02
1.4224E-02
3.2469E-03
-9.5058E-03
-2.0217E-02
-2.5097E-02
-3.0256E-02
-2.9246E-02
-2.2894E-02
-2.1397E-02
-1.9303E-02
-6.0119E-03
7.6865E-03
-3.3209E-04
-7.8686E-03
-3.0652E-03
1.7291E-03
9.1684E-03
1.9475E-02
1.7164E-02
1.2979E-02
8.2887E-03
-1.9588E-03
-2.1919E-03
1.3634E-02
2.4627E-02
1.6821E-02
6.9974E-03
7.8094E-03
1.2042E-02
1.6460E-02
1.8137E-02
2.7772E-02
3.3533E-02
2.1084E-02
1.2277E-02
6.3654E-03
4.3607E-03
1.5318E-02
2.2905E-02
1.3266E-02
-1.2088E-03
-6.6800E-03
4.8265E-03
2.7311E-02
3.7483E-02
3.2384E-02
2.8306E-02
2.2568E-02
1.5300E-02
4.8964E-03
-5.3034E-03
-1.5460E-02
-2.5590E-02
-1.9824E-02
-7.1538E-03
2.1351E-03
1.7905E-02
3.2294E-02
3.2723E-02
2.3379E-02
1.5989E-02
1.6290E-02
2.4082E-02
2.3783E-02
6.9372E-03
-8.2659E-03
-1.2069E-02
-8.1007E-03
-9.7824E-03
-5.0712E-03
7.3731E-03
1.1140E-02
1.3626E-02
2.1931E-02
3.2007E-02
3.4879E-02
2.8819E-02
1.7485E-02
1.0904E-02
5.1934E-03
-6.6294E-03
-1.4304E-02
-9.2318E-03
-2.0301E-03
-1.8022E-03
-2.7208E-03
-1.9254E-03
7.0746E-03
1.4234E-02
8.4522E-03
1.7467E-03
6.3496E-04
-2.1018E-03
-2.3403E-03
-3.6310E-03
-1.5545E-03
4.5288E-03
7.9354E-03
1.2736E-02
1.5984E-02
2.1073E-02
1.4078E-02
-7.1679E-03
-1.9964E-02
-2.0956E-02
-1.2856E-02
-4.4675E-03
-4.5678E-03
-5.7928E-03
-3.0092E-03
1.2120E-02
2.3267E-02
2.2123E-02
1.0682E-02
-1.5718E-03
-2.5398E-03
5.4053E-05
1.4803E-03
5.2628E-04
-2.2752E-03
4.9015E-03
1.8541E-02
1.8048E-02
8.8722E-03
-2.4909E-03
-1.0229E-03
7.2015E-03
9.4570E-03
7.7625E-03
6.6744E-03
4.8842E-03
4.0646E-03
5.6822E-03
8.2206E-03
3.7253E-03
-6.0296E-03
-8.2910E-03
-4.4452E-03
-3.8859E-03
-4.2692E-03
-1.2643E-03
4.7899E-03
1.1604E-02
1.5012E-02
1.0075E-02
1.9544E-03
-5.9325E-03
-1.6976E-02
-1.2509E-02
1.9041E-03
1.0174E-02
1.8168E-03
-7.8339E-03
-5.8012E-03
-4.5752E-03
-5.7010E-03
-9.3844E-03
-1.0940E-02
-7.3298E-03
3.9388E-04
7.7472E-03
6.1345E-03
-3.5177E-03
-8.1753E-03
-4.0666E-03
-1.8835E-03
-7.1078E-03
-8.7665E-03
4.1598E-04
1.1039E-02
8.4884E-03
5.1732E-03
9.7520E-03
9.7874E-03
9.4866E-03
8.9407E-03
8.1013E-03
7.9680E-03
5.4017E-03
7.2617E-03
1.4573E-02
9.0579E-03
3.2150E-05
-2.4726E-03
-6.8435E-03
-5.7159E-03
9.4840E-04
5.5772E-03
1.0135E-02
1.1645E-02
1.1309E-02
1.0957E-02
8.1793E-03
6.3826E-03
3.6802E-03
-5.3037E-03
-1.4611E-02
-2.0395E-02
-2.2235E-02
-2.1646E-02
-1.8368E-02
-1.0231E-02
-7.4106E-03
-1.2925E-02
-9.2569E-03
3.9296E-03
4.7456E-03
-3.2568E-03
-3.2504E-03
-3.4869E-03
-4.6879E-03
4.7087E-04
-2.1754E-03
-3.0437E-03
-1.2215E-03
1.0792E-03
-2.0888E-03
-1.0673E-02
-1.0327E-02
-1.7512E-03
7.7001E-03
8.0883E-03
4.2261E-04
-3.6359E-03
-3.3286E-03
-5.0105E-03
-1.2886E-02
-1.5443E-02
-1.2729E-02
-1.1944E-02
-7.6936E-03
-1.7059E-03
-1.9052E-03
-4.1598E-03
-4.2827E-03
-3.0081E-03
-4.1431E-03
-8.1933E-03
-6.4729E-03
-2.1982E-03
4.0083E-03
3.2658E-03
-5.3755E-04
7.0474E-03
1.3775E-02
6.8377E-03
-4.5126E-04
9.3801E-04
-9.2985E-05
-5.7954E-03
-4.4508E-03
2.0553E-03
1.0190E-02
1.3605E-02
1.2810E-02
9.0200E-03
2.9241E-03
-3.4921E-03
-5.8239E-03
1.0862E-04
6.2289E-03
5.2924E-03
7.8643E-04
-3.9760E-03
-2.4807E-03
3.2410E-03
2.8070E-03
-7.7323E-04
2.7492E-03
5.3083E-03
-2.0914E-03
-9.4405E-03
-1.3169E-02
-1.6229E-02
-1.3776E-02
-8.0266E-03
5.0995E-04
7.4425E-03
1.0335E-03
-1.0076E-02
-8.9109E-03
-1.0672E-03
2.2038E-03
-1.3839E-03
-4.5764E-03
-1.5880E-03
-3.5457E-03
-6.7361E-03
-6.2874E-03
-7.6473E-03
-1.5183E-02
-2.0890E-02
-1.7871E-02
-5.4224E-03
6.1302E-03
7.4477E-03
3.2181E-03
6.5629E-04
-1.9946E-03
-6.3112E-03
-5.0566E-03
-5.4535E-03
-8.9957E-03
-7.8313E-03
-5.1689E-03
-3.3855E-03
-7.7479E-03
-1.4606E-02
-1.3144E-02
-1.4172E-02
-1.8324E-02