7.0010E+03
1.0000E-02
0.0000E+00
3.5255E-04
-1.3658E-04
3.5195E-04
-1.3291E-04
3.5572E-04
-1.3899E-04
3.5629E-04
-1.3921E-04
3.5552E-04
-1.3589E-04
3.4930E-04
-1.3671E-04
3.5502E-04
-1.4120E-04
3.6058E-04
-1.3670E-04
3.5647E-04
-1.3598E-04
3.5296E-04
-1.3855E-04
3.5933E-04
-1.4181E-04
3.5428E-04
-1.3433E-04
3.5239E-04
-1.3520E-04
3.5031E-04
-1.2778E-04
3.4883E-04
-1.3452E-04
3.5007E-04
-1.2998E-04
3.4626E-04
-1.3167E-04
3.5393E-04
-1.3742E-04
3.5277E-04
-1.3305E-04
3.5258E-04
-1.4024E-04
3.5496E-04
-1.3935E-04
3.6096E-04
-1.4648E-04
3.6405E-04
-1.5096E-04
3.7206E-04
-1.5072E-04
3.6244E-04
-1.5101E-04
3.6802E-04
-1.5227E-04
3.7195E-04
-1.5470E-04
3.7351E-04
-1.5386E-04
3.7103E-04
-1.4907E-04
3.6368E-04
-1.4516E-04
3.6003E-04
-1.4199E-04
3.5884E-04
-1.3783E-04
3.5396E-04
-1.3558E-04
3.5607E-04
-1.2933E-04
3.4711E-04
-1.3118E-04
3.4938E-04
-1.2931E-04
3.4675E-04
-1.2746E-04
3.4633E-04
-1.3119E-04
3.5729E-04
-1.4189E-04
3.5901E-04
-1.4058E-04
3.5703E-04
-1.4000E-04
3.6367E-04
-1.5610E-04
3.7486E-04
-1.5729E-04
3.7392E-04
-1.6011E-04
3.7842E-04
-1.6636E-04
3.7873E-04
-1.5899E-04
3.8006E-04
-1.6897E-04
3.8539E-04
-1.6140E-04
3.7125E-04
-1.5563E-04
3.6977E-04
-1.5141E-04
3.6926E-04
-1.5053E-04
3.6194E-04
-1.3937E-04
3.5743E-04
-1.3513E-04
3.4430E-04
-1.3267E-04
3.5223E-04
-1.3293E-04
3.4946E-04
-1.3466E-04
3.5152E-04
-1.3462E-04
3.5533E-04
-1.3740E-04
3.5771E-04
-1.4531E-04
3.6287E-04
-1.4452E-04
3.5894E-04
-1.4379E-04
3.6840E-04
-1.5456E-04
3.7396E-04
-1.6423E-04
3.8198E-04
-1.6422E-04
3.8206E-04
-1.6502E-04
3.8544E-04
-1.6424E-04
3.8187E-04
-1.6984E-04
3.8656E-04
-1.6282E-04
3.8090E-04
-1.5876E-04
3.7672E-04
-1.6541E-04
3.7669E-04
-1.5291E-04
3.7213E-04
-1.5894E-04
3.6970E-04
-1.5117E-04
3.6347E-04
-1.4523E-04
3.6546E-04
-1.4298E-04
3.5847E-04
-1.4329E-04
3.5945E-04
-1.3747E-04
3.5882E-04
-1.4330E-04
3.6469E-04
-1.4989E-04
3.6975E-04
-1.5627E-04
3.7560E-04
-1.5555E-04
3.7713E-04
-1.6226E-04
3.8025E-04
-1.6522E-04
3.8151E-04
-1.6795E-04
3.8943E-04
-1.6119E-04
3.7462E-04
-1.6128E-04
3.8173E-04
-1.6538E-04
3.8102E-04
-1.6375E-04
3.8301E-04
-1.5096E-04
3.7611E-04
-1.5908E-04
3.7228E-04
-1.5975E-04
3.8867E-04
-1.3781E-04
3.9549E-04
-1.1458E-04
4.3094E-04
-8.4414E-05
4.3750E-04
-1.0945E-04
4.1720E-04
-8.7060E-05
5.0111E-04
-4.8461E-06
5.3634E-04
-2.1298E-05
4.6511E-04
-9.7078E-05
4.2555E-04
-7.8652E-05
5.0997E-04
-3.3946E-05
4.1910E-04
-8.7237E-05
6.0745E-04
7.2628E-05
4.6829E-04
-1.3436E-04
4.6986E-04
7.8537E-05
5.4999E-04
-3.6130E-05
6.7231E-04
3.6954E-04
9.7859E-04
3.7804E-04
1.0843E-03
6.8207E-04
1.2608E-03
8.6706E-04
1.6391E-03
1.1931E-03
2.1475E-03
2.0224E-03
2.9515E-03
2.6900E-03
2.4526E-03
9.8219E-04
1.6506E-03
1.2157E-03
1.6412E-03
5.9080E-04
1.1876E-03
1.6987E-03
2.3927E-03
1.5304E-04
-1.0470E-03
-7.2733E-04
-2.1040E-05
-2.8205E-03
-4.1429E-03
-1.2240E-03
2.6745E-03
8.8806E-04
-9.9118E-04
-3.8238E-04
2.6978E-03
1.9263E-03
-1.2986E-03
-2.2756E-03
2.3223E-03
-1.8256E-03
4.8615E-04
1.7739E-03
3.2649E-03
1.2601E-03
-6.9876E-04
-1.0654E-03
4.4226E-04
4.2835E-04
-3.9516E-03
-5.1735E-03
-1.7359E-04
2.4298E-03
1.9406E-03
-2.2038E-03
-3.1833E-03
-1.3705E-03
7.5703E-04
-3.4233E-03
-4.0183E-03
-3.6991E-03
-2.3056E-03
-4.8158E-03
-2.0167E-03
4.0215E-03
-7.6887E-04
-2.8489E-03
8.5944E-04
-1.9410E-03
-8.1619E-03
-9.0593E-03
-3.2636E-03
6.5815E-04
3.0588E-03
6.3069E-03
2.8027E-03
-1.5100E-03
1.6759E-03
2.1137E-03
2.2880E-04
-3.5365E-03
-2.2323E-03
-4.9706E-03
2.1511E-03
9.9891E-03
3.5258E-03
-8.3010E-04
6.2195E-03
5.9713E-03
-6.5499E-03
-1.0570E-02
3.2713E-03
1.3086E-04
2.1564E-03
4.8174E-03
2.3725E-03
3.4603E-03
4.8848E-03
-1.2639E-03
-7.1171E-03
-1.0102E-02
-2.3229E-03
1.2509E-03
-3.0042E-03
-8.2563E-03
-3.0732E-03
4.5181E-03
6.8539E-03
1.1790E-02
2.2843E-03
-9.7548E-03
-2.0903E-04
8.6448E-03
4.5349E-03
-3.4178E-03
-3.6247E-03
1.0956E-03
8.9749E-03
1.0524E-02
6.6348E-03
2.9446E-03
-2.7478E-03
-1.3985E-02
-2.6699E-02
-1.5393E-02
5.4938E-03
9.0782E-03
1.5918E-02
1.5733E-02
2.8520E-03
-7.2321E-03
-4.4793E-03
-6.7998E-03
-1.4569E-02
-1.7112E-02
-5.8095E-03
5.2614E-03
1.8423E-02
1.5789E-02
5.7291E-03
-4.2238E-03
-9.6910E-03
-3.3334E-03
-2.2265E-03
-3.1631E-03
5.7451E-03
3.6421E-03
-8.9146E-03
-9.1050E-03
1.1483E-02
2.8098E-02
2.3064E-02
1.5401E-02
6.7363E-03
6.2328E-03
5.8337E-03
-7.4747E-03
-2.0128E-02
-5.6189E-03
2.5474E-03
-8.7858E-03
-4.3698E-03
-1.0521E-03
7.2576E-03
8.8192E-03
7.7195E-03
-4.7281E-03
-1.1764E-03
9.1295E-03
1.4448E-02
1.5635E-02
1.5484E-02
1.5283E-02
2.5007E-03
-1.0508E-02
-7.7377E-03
-2.0777E-03
2.9294E-03
-7.7288E-03
1.4232E-03
6.9745E-03
7.6411E-03
2.1838E-02
5.2898E-03
-1.2637E-02
-3.6022E-03
7.4008E-03
3.4379E-03
-4.3838E-03
-2.1542E-02
-3.0018E-02
-2.5955E-02
-1.8177E-02
-8.1949E-03
-1.2430E-02
6.3408E-03
2.6724E-02
2.2760E-02
6.9314E-03
7.0745E-03
2.8338E-02
3.5006E-02
2.6451E-02
9.2970E-04
-1.7064E-02
1.2322E-02
3.2587E-02
1.4792E-03
-4.2069E-02
-7.3094E-02
-3.3352E-02
-6.4234E-03
-1.0353E-03
-4.1592E-02
-2.6997E-02
3.7606E-02
6.6388E-02
5.2697E-02
2.0633E-02
6.7354E-03
3.0207E-02
4.2394E-03
-5.5270E-02
-6.7450E-02
-6.1166E-02
8.4786E-03
8.4042E-03
-3.7321E-02
-2.6167E-02
2.5342E-02
7.6708E-02
1.8331E-02
-2.2251E-02
2.7973E-03
8.0503E-03
-8.3921E-03
-2.0200E-02
-5.5411E-02
-7.2062E-02
-7.6128E-02
-6.1300E-02
-4.1445E-02
-1.4506E-03
3.1540E-02
1.0417E-01
1.3678E-01
1.3266E-01
6.6162E-02
4.7797E-02
-1.2679E-02
-1.3816E-01
-8.6304E-02
-1.4138E-02
7.7779E-03
-7.7625E-03
1.6169E-02
9.1725E-02
7.1645E-02
1.4795E-02
-8.3944E-02
-7.2355E-02
4.4564E-02
9.0222E-02
-1.6054E-02
-4.0985E-02
1.7143E-03
2.2580E-03
-6.3317E-02
-9.2271E-02
-2.1953E-02
9.2939E-02
1.7754E-01
1.5120E-01
3.5188E-02
5.3136E-02
-8.9125E-03
-1.3419E-01
-1.9996E-01
-2.0923E-01
-7.9307E-02
3.8895E-02
1.3941E-01
1.8161E-01
1.0874E-01
7.5127E-02
3.8679E-02
-5.2110E-02
-9.6415E-02
-2.7839E-02
4.1990E-02
1.7015E-01
1.8479E-01
1.4862E-01
5.1190E-02
-2.2682E-01
-2.8718E-01
-1.1667E-01
4.8755E-04
2.7248E-02
1.3815E-01
3.1540E-01
2.9263E-01
2.4012E-01
7.5300E-02
-9.0502E-02
-1.5992E-01
-2.0643E-01
-1.0845E-01
-8.4553E-02
-7.1556E-02
5.7075E-02
1.6578E-01
7.2403E-02
8.9720E-04
8.1860E-03
8.8307E-03
9.2019E-02
7.4560E-02
1.0119E-01
7.1122E-02
1.2543E-01
1.3255E-01
-5.5963E-02
-1.7147E-01
-1.7149E-01
-1.4936E-01
-5.5871E-02
-4.7338E-02
-2.9785E-02
7.2265E-02
1.8188E-01
2.6486E-01
2.1308E-01
1.0666E-01
-7.3815E-02
-9.2069E-03
8.6347E-02
-3.1489E-02
-1.0712E-01
-1.0384E-02
2.3537E-02
4.6851E-03
3.4701E-02
2.8929E-02
-6.4139E-02
-9.0236E-02
1.5084E-02
-4.3756E-02
-1.9295E-01
-1.2177E-01
-6.7103E-02
-8.8401E-02
-5.9961E-02
-6.0520E-02
-4.8430E-02
-4.0797E-02
7.3402E-02
1.4653E-02
-1.0147E-01
-1.2692E-01
-8.4642E-02
-8.3265E-02
-8.5203E-02
-9.1499E-02
-7.6410E-02
7.9481E-02
2.0498E-01
1.6238E-01
2.8216E-02
-3.3758E-02
-1.2492E-01
-2.3933E-01
-2.9620E-01
-5.8724E-02
1.2214E-01
7.1594E-02
1.6961E-01
2.2529E-01
1.3119E-01
-1.4229E-02
-1.0317E-01
-4.4524E-02
-9.6976E-02
-8.9820E-02
2.5789E-02
1.1014E-01
2.2188E-01
2.9706E-01
2.2270E-01
1.6080E-01
-1.2438E-01
-1.6805E-01
6.2269E-02
1.1257E-01
1.3677E-01
8.3393E-02
1.1355E-01
3.4180E-01
1.9550E-01
3.2383E-02
-1.3596E-01
-2.8180E-01
-1.1613E-01
4.0218E-02
1.1318E-01
1.0423E-01
1.0671E-01
1.1581E-01
1.4391E-02
-1.0431E-01
-2.0527E-02
9.2258E-02
2.0975E-02
-2.0492E-01
-1.5091E-01
-8.9013E-02
-3.1393E-02
-2.0067E-01
-1.4675E-01
-4.9721E-02
2.1864E-02
7.7228E-02
1.8020E-01
2.5980E-02
-1.9332E-01
-2.3058E-02
1.3698E-01
7.8393E-03
-2.1159E-02
-1.1995E-01
6.5135E-02
1.2633E-01
1.5260E-01
6.0354E-02
-2.1670E-01
-3.3945E-01
-2.2103E-01
1.8584E-02
1.6145E-01
2.6865E-01
-4.0011E-02
-2.1909E-01
-1.2657E-01
-1.1294E-01
-3.5319E-01
-4.7977E-01
-3.3513E-01
1.8368E-01
3.0070E-01
3.4900E-01
1.9168E-01
3.3966E-02
-1.9770E-01
-9.5176E-02
-4.8838E-02
3.7276E-02
1.8107E-01
-5.9327E-03
6.6825E-02
1.0303E-01
-1.4156E-01
-3.5552E-01
-2.3068E-01
-2.0612E-01
-2.8177E-01
-8.8522E-02
4.7091E-02
-2.2075E-01
-4.9059E-01
-4.7091E-01
-2.4108E-01
-1.1448E-02
6.3742E-02
1.2359E-01
3.5301E-02
7.1513E-02
-1.2233E-01
-4.8817E-02
-2.0869E-01
-2.2030E-01
-2.3913E-02
-1.6243E-01
-2.0479E-01
-1.6704E-01
4.1568E-02
-1.4692E-01
-1.7894E-01
-1.1203E-01
-1.6379E-01
-8.2284E-02
-7.2497E-02
8.4146E-02
-5.8209E-02
-7.2058E-02
4.6617E-02
1.0228E-01
4.5038E-02
-4.8335E-02
-2.3088E-01
-2.5897E-01
-2.7918E-01
-1.1010E-01
1.4286E-02
2.2002E-01
2.7977E-01
1.8362E-01
9.6895E-02
2.1740E-01
1.3807E-01
1.2640E-01
-1.0069E-02
-1.3769E-01
3.3805E-02
-2.2365E-01
-2.5586E-01
-3.6553E-01
-3.1278E-01
-1.5573E-01
-1.9544E-01
-9.0631E-03
5.4014E-02
1.0263E-01
-2.4955E-02
-2.2604E-02
4.4907E-01
3.1342E-01
1.0829E-01
-9.5379E-02
-2.8894E-01
-2.2756E-01
-3.0754E-01
3.7616E-02
5.8010E-02
1.5744E-04
2.3926E-01
2.2693E-01
1.2572E-01
-1.9430E-01
-3.6529E-02
-1.0280E-01
2.7551E-02
1.7760E-01
2.3258E-01
1.8141E-01
9.1336E-02
-5.9679E-02
-2.4703E-02
1.0070E-01
-6.3510E-02
-6.6134E-02
1.2398E-01
1.0502E-01
1.2665E-01
2.6633E-01
2.4590E-01
8.5374E-02
-4.1825E-02
-1.5042E-01
-2.6130E-01
-1.2260E-01
1.0695E-01
2.1915E-01
1.2308E-01
7.4231E-02
1.3208E-01
2.2165E-01
2.5002E-01
1.2112E-01
8.3910E-02
3.7927E-02
-3.4399E-02
-4.2893E-02
8.0769E-02
1.6474E-01
1.4845E-01
2.5344E-01
2.0299E-01
6.0137E-02
-1.0011E-01
-2.0980E-01
-1.9399E-01
-1.3289E-01
-8.9595E-02
-8.3478E-02
-3.1272E-02
7.5680E-02
3.9169E-02
-1.0861E-01
-1.3463E-01
5.1345E-02
5.2065E-02
2.3315E-01
2.7912E-01
2.2606E-01
6.2052E-02
-2.5281E-01
-9.0270E-02
2.8172E-01
2.2806E-01
2.4165E-01
7.2446E-02
3.7534E-02
1.0419E-01
2.8400E-01
2.2561E-01
9.2069E-05
-8.4039E-02
-1.1268E-01
1.2852E-02
2.0021E-01
1.6851E-01
8.4932E-02
5.5869E-02
3.1456E-02
-1.1705E-01
-1.7505E-01
1.1011E-02
5.6412E-02
6.6936E-02
1.1298E-01
1.5250E-02
-8.5752E-02
-1.2529E-01
-1.4957E-01
-7.8163E-02
9.1033E-02
2.6874E-01
1.7139E-01
6.7008E-02
-2.3858E-02
-2.6841E-01
-8.0982E-02
-1.2230E-01
6.0999E-02
-2.2528E-02
9.1009E-03
6.0629E-02
8.9065E-03
1.4508E-01
1.4546E-01
1.2895E-01
-1.5349E-02
-2.2445E-01
-1.5902E-01
-2.3159E-02
1.0686E-01
1.8869E-01
1.4369E-01
6.9918E-02
-3.0079E-02
7.6381E-03
1.3577E-01
1.2308E-01
1.6132E-01
2.2839E-01
1.7974E-01
-2.4828E-02
-1.4860E-01
-1.3304E-01
-5.2993E-03
1.2760E-02
1.0897E-01
1.8519E-01
1.6579E-01
2.2896E-01
1.5177E-01
9.7566E-02
-6.4485E-02
-1.6438E-01
-1.7888E-01
-1.5374E-01
-1.9271E-03
5.4389E-02
1.7451E-01
2.0948E-01
1.1526E-01
-2.6612E-02
-9.6072E-02
-1.8738E-01
-1.8850E-01
-2.0899E-01
-1.6490E-01
4.6606E-02
2.5516E-01
2.1527E-01
9.6664E-02
2.3602E-02
5.4625E-02
4.5789E-02
1.7005E-01
9.3134E-02
-6.7100E-02
-1.5611E-01
5.0070E-02
4.0983E-01
2.3345E-01
8.9282E-02
-4.0106E-02
-1.1925E-01
-9.2239E-02
1.4564E-01
1.9422E-01
5.6730E-02
1.2329E-02
2.1433E-02
1.7434E-01
5.1926E-02
3.9046E-02
-1.6631E-01
-2.4666E-01
-1.3276E-01
-7.0696E-02
-1.7353E-02
5.4109E-02
4.1833E-02
-1.2349E-02
-6.0809E-02
-6.7514E-02
1.4404E-02
6.0041E-02
6.5554E-02
-5.4292E-02
-5.3829E-02
7.0039E-02
2.0437E-01
1.4982E-01
-6.3457E-02
-1.6336E-01
-1.7641E-01
-1.5023E-01
1.6540E-02
1.2056E-01
7.8662E-02
-3.2132E-02
-5.1202E-02
-4.2729E-02
-1.6303E-01
-2.7805E-01
-1.2482E-01
-8.6356E-04
1.0054E-01
1.6491E-01
1.6038E-01
5.2472E-03
-2.5108E-02
-1.1719E-01
-1.1156E-01
-4.4506E-02
-6.3156E-02
-1.5690E-01
-9.2313E-02
-1.1225E-01
-9.3632E-02
-8.5061E-03
4.1491E-02
1.0967E-01
-1.2351E-01
-1.0622E-01
6.8303E-02
4.2431E-02
1.2731E-02
-6.4758E-02
4.4535E-02
-1.4016E-02
-8.3440E-02
-1.9175E-02
-5.6318E-02
-3.4232E-02
-1.7862E-01
-1.4829E-01
-7.6586E-02
-2.3912E-01
-2.3898E-01
-1.5857E-01
-4.8965E-02
7.0570E-02
1.6280E-01
4.3510E-02
-1.0115E-01
-1.9046E-01
-6.5038E-02
-4.0081E-02
-8.1798E-02
-1.3812E-01
-1.7106E-01
-1.2669E-01
4.5375E-02
1.2017E-01
-3.0980E-02
-2.3221E-01
-2.7585E-01
-1.2418E-01
-6.3994E-02
-3.1830E-02
-9.3771E-04
-1.9553E-01
-1.3882E-01
-6.2424E-02
6.5318E-02
3.4088E-02
1.5133E-02
1.9745E-02
-6.6409E-03
-8.6055E-02
-3.7929E-02
6.1664E-02
-2.4301E-02
-5.6726E-02
2.3772E-02
4.7431E-02
1.3385E-01
1.3327E-01
5.7111E-03
-1.5509E-02
-1.4594E-01
-1.6738E-01
-1.5346E-01
2.5959E-02
1.4035E-01
6.6873E-02
4.0589E-02
9.6363E-02
1.3613E-01
7.2017E-02
-5.0684E-02
-1.1138E-01
-6.8049E-02
3.4979E-02
-1.4920E-02
5.0259E-02
6.2376E-02
3.9851E-02
9.6411E-02
8.3721E-02
7.7145E-02
8.1160E-02
8.6565E-02
1.0677E-02
-6.2400E-02
-6.4419E-02
-4.8999E-03
8.8106E-02
1.1605E-01
1.4634E-02
-1.6125E-01
-1.8902E-01
-8.2453E-02
2.1010E-01
1.7835E-01
-2.0846E-02
-1.0444E-01
-7.2407E-02
-3.6889E-02
-2.7064E-02
6.3519E-02
6.6856E-02
-3.0651E-02
-8.7162E-02
2.0356E-02
3.3272E-02
-5.4677E-02
-1.2760E-02
1.0347E-01
1.8422E-01
1.6552E-01
5.6582E-02
4.2238E-02
1.2333E-01
5.1522E-02
-5.3371E-03
-5.4697E-02
-7.4161E-02
-2.8421E-02
5.6695E-02
1.1434E-02
-3.8164E-02
-3.5463E-02
-4.3154E-04
4.1643E-02
8.8001E-04
-6.2806E-02
-1.2310E-01
-9.2118E-02
5.9465E-02
6.0653E-02
1.2283E-02
-5.1946E-02
1.3470E-03
6.9835E-03
-3.1418E-02
-9.3209E-02
3.9013E-02
2.6195E-02
7.0615E-02
1.6834E-01
3.1730E-02
-1.2172E-02
-9.1851E-02
3.3110E-02
-6.1104E-03
-2.1405E-01
-3.0806E-02
7.1293E-02
8.5214E-02
1.2347E-01
1.3062E-01
1.0338E-01
3.0630E-03
-1.4374E-02
3.9272E-02
-3.0091E-02
2.1336E-02
-1.0831E-01
-1.3815E-01
7.9669E-02
4.3552E-02
-8.2685E-02
-6.0736E-02
-8.2805E-02
-2.3495E-02
-8.1744E-02
5.4058E-02
-2.5994E-02
-1.7917E-01
-9.7887E-02
-1.3436E-02
1.7984E-02
-7.8195E-02
-3.2135E-02
1.4602E-01
1.8194E-01
-3.9655E-02
-1.0129E-01
4.3347E-02
-4.3907E-02
-2.6441E-02
1.3612E-01
1.0817E-01
7.7313E-02
-8.3724E-02
-5.7268E-02
-9.3846E-02
-3.7635E-02
1.2714E-01
1.2873E-01
1.8554E-02
4.9924E-02
1.6550E-02
-1.0699E-02
3.9809E-03
3.1670E-02
2.1600E-03
-6.2601E-02
-8.0600E-02
1.4430E-01
1.8374E-01
1.0972E-01
3.0044E-02
1.1220E-02
1.3558E-02
-1.4891E-02
-8.3617E-02
-1.2342E-01
-1.6227E-02
6.3804E-02
8.4775E-02
-5.1636E-03
-4.8488E-02
-7.5836E-02
1.9549E-02
2.1326E-02
-7.2109E-02
-1.4316E-01
-1.4623E-01
1.1288E-02
2.1182E-02
1.5552E-01
1.9666E-01
-6.3929E-03
-4.5973E-02
-2.2850E-02
3.8052E-02
-8.6923E-02
-3.8588E-02
3.5251E-02
2.9135E-02
-3.0600E-02
2.0683E-02
3.4950E-02
-1.6514E-02
3.1436E-03
-2.3379E-02
-3.2657E-02
8.5308E-02
8.0626E-02
3.8384E-02
3.1617E-02
3.1887E-02
4.3452E-02
1.1166E-01
5.6281E-02
-1.2582E-01
-1.5579E-02
7.2053E-02
9.2543E-02
5.0012E-02
-5.3739E-02
-7.3043E-02
-1.1723E-01
1.5026E-02
1.0802E-01
2.5116E-02
-1.1592E-01
-1.5074E-01
7.4779E-02
-3.7587E-02
-1.0098E-01
-4.1966E-02
-1.9482E-02
-7.1885E-03
6.2283E-02
-7.1184E-02
-2.3087E-01
-1.6393E-01
1.4136E-02
7.7112E-02
8.0467E-02
5.0733E-02
-4.7926E-02
-1.2328E-01
-1.9077E-02
1.3095E-01
7.8097E-02
-8.2165E-03
9.9504E-03
7.1804E-02
1.0796E-01
7.9796E-02
1.6079E-02
2.1898E-03
5.3388E-02
-6.9050E-03
3.8298E-03
-6.8037E-02
-1.1372E-01
8.1392E-03
2.9008E-01
1.4374E-01
8.0867E-02
2.7644E-02
-4.0579E-02
-8.0374E-02
-8.9571E-02
-6.3380E-02
-4.7411E-02
-5.9268E-02
1.2011E-01
8.6513E-02
7.3596E-03
5.8980E-02
3.6079E-02
-4.0711E-02
-3.3216E-02
6.8937E-02
8.7260E-02
7.0688E-02
-5.0745E-02
-1.3208E-01
4.8015E-02
1.4602E-01
5.4600E-02
-6.1638E-02
-1.1456E-01
-9.6819E-02
4.8653E-02
1.5568E-01
1.0109E-01
-3.4747E-02
-4.0003E-02
1.0982E-01
1.8669E-01
-2.9654E-02
-1.0945E-02
-1.7243E-01
-2.4871E-01
-1.0728E-01
-1.7709E-02
-2.9244E-02
-1.0161E-01
2.8523E-02
2.4222E-01
1.2649E-01
1.1238E-01
7.5778E-02
-2.4349E-02
-1.4335E-01
7.2090E-02
8.1585E-02
-1.2418E-02
6.4773E-02
8.6294E-02
6.4983E-02
4.6680E-02
-1.8070E-03
-1.2896E-01
-1.8041E-01
-6.8742E-02
-3.2737E-02
-2.4329E-02
3.4971E-02
7.3281E-02
1.0650E-01
6.7829E-02
2.6514E-02
-3.7641E-02
-7.2610E-02
-8.0792E-02
-4.7586E-03
-1.8124E-03
3.4077E-02
-7.6447E-02
-3.4265E-02
6.9554E-02
2.9437E-02
-4.3028E-02
-2.1174E-02
1.0372E-02
-2.7239E-03
-4.1699E-02
5.7042E-03
3.4073E-02
7.4589E-02
5.6435E-02
-2.1116E-02
-1.5787E-02
1.1961E-02
1.6606E-02
-7.0729E-02
-9.8028E-02
-7.9617E-02
-4.9583E-02
8.3158E-03
4.1435E-02
-1.4712E-02
-7.8434E-02
-9.4537E-02
-8.8086E-02
-3.0179E-02
7.4290E-02
5.5748E-02
-9.4122E-02
-1.1970E-01
4.1669E-02
1.2388E-01
8.1642E-02
2.3773E-02
-3.1254E-02
-5.0619E-02
1.5770E-02
1.6301E-01
1.2750E-01
2.4625E-02
9.9062E-03
2.8179E-02
5.8591E-02
3.2175E-02
-1.8327E-02
-5.9495E-02
-6.6648E-02
-5.2835E-02
1.8250E-02
2.3512E-02
-6.8171E-02
9.0283E-02
4.7224E-02
-9.6897E-02
-6.7949E-03
-9.3096E-03
2.1036E-02
-7.6354E-02
-1.7841E-01
-1.0975E-01
-6.8907E-03
5.3377E-04
-5.1625E-02
-5.2424E-02
-2.6379E-02
-2.1172E-02
-9.2629E-03
-1.1890E-02
-6.7852E-02
-1.2398E-01
-1.0603E-01
-6.2652E-02
1.1446E-02
5.7628E-02
8.6941E-03
2.9124E-02
2.4716E-02
4.4871E-02
-9.8697E-03
-7.5464E-02
-1.9393E-02
2.3297E-02
-4.5589E-02
-3.5165E-02
-1.6268E-02
4.7741E-02
2.0685E-02
-1.1622E-02
-8.8804E-03
-4.7809E-02
-1.5051E-01
-1.8560E-01
-4.2576E-02
9.0919E-02
9.1273E-02
1.2365E-01
6.9058E-02
-1.7968E-02
1.9042E-02
-2.6952E-02
-2.5245E-02
-3.0734E-02
-5.8469E-02
-5.6238E-02
-3.8057E-02
-2.8630E-02
-3.1121E-02
3.1391E-02
4.2957E-02
1.5593E-02
-1.6213E-02
6.1834E-02
7.1827E-02
3.6327E-02
3.7122E-02
-3.2806E-02
-5.8727E-02
-4.4260E-02
-1.0428E-02
6.0585E-02
9.2308E-02
6.5745E-02
1.9718E-02
-1.7144E-02
-3.7039E-02
-2.7011E-02
-3.7262E-02
-2.0895E-02
-4.1917E-02
4.7892E-02
8.9195E-02
-3.6584E-03
-1.3301E-02
-1.0187E-03
1.5774E-02
-8.5650E-03
-2.8748E-02
-5.5339E-02
-6.7872E-02
2.9986E-02
9.4143E-02
8.2964E-02
3.8227E-02
4.8222E-03
1.1091E-02
3.7018E-02
3.8516E-02
9.2785E-04
-2.3650E-02
-2.0889E-02
-9.1735E-03
-4.6215E-02
-5.4795E-03
-1.8830E-02
9.2918E-03
-1.7464E-02
-1.7673E-02
1.6160E-02
-1.6737E-02
1.4903E-03
5.3154E-03
3.6971E-02
5.9169E-02
-1.1301E-02
-5.6729E-02
-7.3968E-02
-5.9150E-03
1.1002E-01
1.4996E-01
1.0274E-01
3.4673E-02
5.0029E-03
4.0802E-02
6.0112E-02
6.4136E-02
9.3976E-03
7.9586E-03
2.1221E-02
3.3070E-02
5.0026E-02
-2.8422E-03
-2.8617E-02
-6.0651E-02
-2.5016E-02
4.1010E-02
2.0199E-02
-8.9785E-03
3.1544E-03
-4.6192E-02
-1.0867E-02
2.6708E-02
2.8939E-02
-1.1352E-02
-9.2187E-02
-1.0990E-01
-2.0245E-02
1.0573E-01
1.0737E-01
4.9157E-02
3.0094E-03
1.7946E-02
1.0206E-02
-4.9580E-02
-8.0160E-02
-7.9144E-02
-8.8335E-02
-3.6352E-02
5.9323E-02
5.7634E-02
3.2865E-02
5.4481E-03
-5.0245E-02
-1.9883E-02
-2.5181E-02
-2.5594E-02
2.0946E-02
2.0005E-02
4.8889E-02
1.4698E-02
2.0313E-02
3.6168E-04
-4.0577E-03
-2.0397E-02
-6.4446E-02
-6.8198E-02
-2.4279E-03
4.3073E-02
-1.3870E-02
-2.9821E-02
-2.0747E-02
-1.0118E-02
3.1530E-02
3.3595E-02
-2.9348E-02
-6.0785E-02
-7.3761E-02
-3.1053E-02
-7.7707E-03
1.3380E-02
2.1561E-02
4.4723E-03
1.4810E-02
-4.1607E-03
-3.4169E-02
-2.2918E-02
2.4475E-02
1.3665E-02
-1.7474E-02
2.2795E-02
4.6931E-02
3.2234E-02
1.5455E-02
-1.7122E-02
-3.0059E-02
-9.8178E-04
7.5360E-02
5.8470E-02
1.7160E-02
5.0991E-02
7.5080E-02
6.4269E-02
2.0467E-02
-8.1897E-02
-1.3453E-01
-7.2154E-02
2.8885E-02
8.8747E-02
6.8425E-02
-1.9654E-02
-4.0057E-02
-5.4818E-02
7.2264E-03
2.5429E-02
-8.2744E-02
-9.7449E-02
-5.6023E-02
-1.3084E-02
-1.1512E-02
-4.2519E-02
-2.2304E-02
1.7091E-02
2.4791E-02
-1.2996E-02
-9.7637E-03
-4.0282E-02
-7.4666E-02
5.3402E-03
7.6165E-02
5.2863E-02
2.8061E-02
5.1222E-02
7.5067E-03
-2.3964E-02
-3.0821E-02
-2.5415E-02
-3.4642E-02
-5.0760E-03
1.8552E-02
1.0451E-02
8.7614E-03
3.0213E-02
-4.5105E-03
-3.5320E-02
-5.7264E-02
-3.9746E-02
2.7443E-02
4.8453E-02
4.3771E-02
5.2258E-02
5.8863E-02
2.8660E-02
2.9188E-02
-2.5990E-02
-6.9474E-02
-2.8585E-02
3.9217E-02
4.6248E-02
2.6636E-02
-1.9286E-03
-4.8166E-03
-4.5281E-04
1.0823E-02
-1.0760E-02
-7.9185E-02
-7.5405E-02
-1.8983E-02
1.9249E-02
2.5525E-02
7.7039E-03
5.5942E-03
1.7833E-02
6.9475E-02
5.0224E-02
-2.2371E-02
-4.5026E-02
-5.5227E-02
3.5130E-03
4.3216E-02
1.0039E-01
1.1398E-01
5.4317E-02
3.7723E-02
1.8022E-02
1.6095E-05
1.1828E-02
2.3133E-02
5.4931E-02
3.4977E-02
2.8718E-02
1.4952E-02
-7.6050E-03
-7.5244E-03
-3.4072E-03
1.4227E-02
1.0945E-03
-6.3259E-03
-3.9811E-02
-5.3060E-02
-5.3872E-02
-5.0316E-02
-5.6025E-02
-1.9726E-02
3.0235E-02
2.3017E-03
-1.6457E-02
-3.8860E-02
-4.3444E-02
-6.7964E-02
-3.3236E-02
1.5857E-02
-2.2697E-02
-3.2845E-02
4.5423E-03
1.2259E-02
-1.7631E-02
-2.2244E-02
-4.8422E-04
5.7494E-03
2.5309E-02
4.1706E-02
-8.5272E-03
1.3876E-02
4.2477E-02
4.8652E-02
-1.1087E-02
-7.5563E-02
-9.8098E-02
-6.7514E-02
-5.4877E-04
6.6349E-02
6.8337E-02
4.2055E-02
3.7455E-03
-1.7703E-02
1.5912E-02
3.7733E-02
1.6907E-02
8.1994E-03
-2.4387E-03
-2.3760E-03
3.1851E-02
3.1135E-02
-9.1559E-03
-2.3856E-02
-3.6330E-02
-4.3138E-02
-3.5662E-02
-3.2867E-03
-1.9856E-02
-2.0807E-02
1.1947E-02
3.7317E-02
4.3960E-02
2.2903E-02
5.8259E-03
-4.4399E-03
-2.7008E-02
-4.2787E-02
-4.0415E-02
-4.7938E-02
-4.0646E-02
-1.0040E-02
-6.2960E-03
4.4454E-03
-8.3201E-03
-5.6945E-03
-2.7311E-02
-4.4151E-02
-4.7164E-02
-4.7786E-02
-3.8013E-02
-2.4237E-02
5.1796E-02
6.4827E-02
2.9676E-02
-7.2197E-03
-2.3161E-02
-2.5439E-02
-1.4564E-02
-2.4391E-02
-8.8651E-03
2.7401E-02
5.6129E-02
4.1100E-02
6.6487E-03
4.2176E-02
3.1493E-02
2.2470E-02
3.6690E-02
2.5669E-02
-1.2779E-03
2.9887E-03
3.7598E-02
7.3167E-02
8.3647E-02
3.7941E-02
-2.8877E-03
-1.4289E-02
-1.8051E-02
-1.4563E-02
-2.3327E-03
-9.4450E-03
-1.3330E-02
1.6109E-02
6.2441E-02
9.6517E-02
5.9276E-02
3.1825E-02
9.6107E-03
-2.0050E-02
-4.3987E-03
1.2620E-02
-1.9068E-02
-2.5724E-02
-8.2698E-02
-4.0882E-02
2.0263E-02
2.1224E-02
2.5614E-02
-9.4961E-03
1.3089E-02
1.9299E-02
2.0217E-02
1.0040E-02
-8.1088E-03
-1.0538E-02
2.2809E-02
5.5401E-02
2.5745E-02
9.1069E-04
-2.3494E-02
-3.3403E-02
-1.0862E-02
-8.8201E-03
-1.8034E-03
1.9912E-03
-8.7618E-03
-5.4112E-02
-5.1600E-02
-3.2095E-02
-1.2885E-02
-7.5398E-03
-3.6648E-03
-1.2652E-02
-1.9741E-02
-5.9668E-03
-4.2767E-03
4.6914E-03
1.5468E-02
1.2688E-02
2.0675E-02
-1.1938E-02
-8.8246E-03
9.1874E-03
-1.4345E-02
8.0229E-03
2.7839E-02
1.3228E-03
-3.0713E-02
-1.0431E-02
6.0274E-03
2.8873E-02
4.2525E-02
2.9795E-02
-1.1636E-02
-5.5680E-02
-2.4326E-02
6.3213E-03
2.7921E-02
3.0163E-02
8.6358E-03
-2.1124E-02
2.5299E-02
4.0333E-02
-9.2401E-05
-3.9568E-02
-2.8111E-02
-8.9492E-03
-3.5374E-02
-2.8087E-04
1.8037E-03
-1.8176E-02
-3.6828E-02
-6.8484E-02
-5.7258E-02
-1.0209E-02
-1.5345E-02
-1.0222E-03
3.2080E-03
3.8625E-02
2.6932E-02
1.2699E-02
-1.3868E-02
-6.3266E-02
-7.9927E-02
-5.9092E-02
-5.8415E-02
-4.4764E-02
-5.3576E-02
-2.8893E-02
-1.3336E-02
-1.9613E-02
-2.7458E-03
-1.0131E-02
-8.8934E-03
-4.0463E-02
-6.9008E-02
-3.7035E-02
-6.0783E-03
1.0544E-02
1.6918E-02
1.6144E-02
8.8904E-03
1.1506E-02
2.1640E-03
5.0725E-03
-1.0698E-02
3.4368E-03
7.1868E-03
-1.8309E-02
-4.6349E-02
-3.6853E-02
-5.2130E-02
-2.2219E-02
2.7647E-02
3.2601E-02
2.2854E-02
9.7214E-03
-2.3372E-02
-6.3630E-02
-5.7065E-02
9.7128E-03
5.9902E-02
3.5461E-02
1.3742E-02
-1.2295E-02
-6.3685E-03
4.3038E-02
7.6399E-02
4.5789E-02
-7.9821E-03
-2.4743E-02
2.9439E-02
2.8111E-02
1.3338E-02
2.3277E-02
4.8319E-03
1.4202E-03
-1.3657E-02
-2.1325E-02
-1.8812E-02
-8.7081E-03
3.6220E-03
2.2298E-02
1.3696E-03
-2.5972E-02
-5.9551E-03
-5.7856E-03
-2.6625E-02
-2.4422E-02
9.8799E-03
1.9054E-02
2.9128E-02
3.7872E-02
1.5958E-02
-1.9743E-02
-5.5920E-02
-5.8533E-02
-4.3775E-02
2.5491E-03
1.2758E-02
1.9373E-02
-6.1926E-03
-2.5934E-02
-2.2726E-02
-2.7898E-03
-1.4768E-02
-2.0871E-02
-7.5524E-03
1.1319E-02
2.1325E-02
3.7250E-02
1.2454E-02
-2.4578E-02
-4.3456E-02
-3.4820E-03
-3.4152E-03
-6.7666E-03
6.0232E-03
-6.5713E-03
-1.5241E-02
1.1947E-03
2.1627E-02
2.4247E-02
1.1173E-02
1.7681E-03
3.6734E-03
1.0456E-02
-3.5214E-02
-4.4179E-02
-4.4359E-02
-8.1615E-03
1.7974E-02
2.3206E-02
1.3574E-02
-1.2941E-02
-2.0469E-02
2.0703E-02
4.6939E-02
1.7504E-02
-1.5194E-02
-1.3313E-02
5.3204E-03
-1.0493E-02
-3.9475E-02
-3.7125E-02
-1.7635E-02
-1.2585E-02
2.8870E-02
5.6114E-02
2.8683E-02
2.0157E-02
4.0724E-02
1.2971E-02
7.2695E-03
2.4394E-02
1.8499E-02
-9.6466E-05
-2.8850E-02
-5.8258E-03
1.3000E-02
2.6039E-02
1.3018E-02
-5.2950E-03
-2.9428E-02
-2.8086E-02
1.1537E-02
5.8528E-02
7.4384E-02
5.5018E-02
2.4745E-02
-1.2769E-03
-3.5021E-02
-1.0356E-02
3.3939E-02
4.6037E-02
4.6864E-02
3.1219E-03
-2.9150E-02
-3.1202E-03
1.2593E-02
2.3952E-02
3.0359E-03
-5.7142E-03
-3.2447E-02
-2.9248E-02
-1.2452E-02
-3.3713E-02
-1.6914E-02
3.5538E-02
1.3141E-02
-2.6631E-02
-3.9080E-02
-4.9278E-03
2.2793E-02
6.4474E-03
8.0643E-03
3.7330E-03
7.5515E-03
1.6830E-02
1.4257E-02
2.7549E-02
1.5723E-02
-8.6150E-03
-2.8917E-02
-1.2060E-02
3.4473E-03
1.2203E-03
1.4110E-02
8.9516E-03
-1.7403E-02
-1.3927E-02
1.5171E-03
1.5205E-03
4.6504E-04
1.1029E-02
1.9187E-02
7.1827E-03
-2.5021E-02
-6.4246E-02
-6.1592E-02
-1.4194E-02
1.2143E-02
6.1255E-02
2.2670E-02
-9.5784E-03
-2.5767E-02
-2.2552E-02
-2.5862E-02
-2.5512E-02
-1.6578E-02
-1.8856E-02
-1.3311E-02
1.1702E-02
3.1331E-02
3.4082E-02
2.4976E-02
1.0785E-02
-3.1282E-03
3.2399E-02
2.6602E-02
1.2709E-02
1.0206E-02
-2.6362E-02
-5.3811E-02
-1.9929E-02
-2.5748E-02
-1.4511E-02
4.9666E-02
6.0100E-02
6.6842E-02
2.0737E-02
-4.2795E-03
-3.2614E-02
-4.3455E-02
3.6727E-02
5.0980E-02
5.2597E-02
6.4129E-02
6.9022E-02
2.6267E-02
-2.0956E-03
1.4791E-02
1.9588E-02
4.9592E-02
4.6392E-02
2.5003E-03
-4.5980E-03
-9.0837E-03
6.3879E-03
9.9112E-03
-1.3578E-02
-1.9552E-02
-3.1354E-02
-4.8042E-02
-4.5344E-02
-3.6305E-02
-1.3299E-02
-1.2849E-02
-1.3994E-02
-1.1421E-02
-2.7585E-02
-5.3073E-02
-1.8796E-02
1.2433E-02
-9.6272E-05
-8.9345E-03
1.5046E-02
4.4366E-03
-2.3864E-02
-2.2398E-02
-5.6388E-02
-6.0090E-02
-5.4561E-02
-4.1876E-02
-3.2519E-02
9.6885E-03
1.7550E-02
2.2884E-02
-3.0548E-03
3.5719E-02
-6.1735E-04
-3.0015E-02
-1.1862E-02
-1.3152E-02
-9.7138E-03
2.8438E-02
4.9097E-02
4.3613E-02
2.1857E-02
-1.5359E-02
-5.4568E-03
-1.2208E-02
-3.1786E-02
-3.6562E-02
-1.0482E-02
1.6445E-02
3.7611E-02
3.1742E-02
-3.9152E-02
-7.0062E-02
-7.0077E-02
1.2279E-02
2.5193E-02
4.5785E-04
1.0439E-02
-1.1506E-02
-2.1916E-03
1.6995E-02
2.1124E-02
-1.7310E-02
-2.7824E-02
-2.3041E-02
1.5545E-03
2.0207E-03
5.7002E-03
2.2142E-02
4.7448E-02
5.5282E-04
-6.2828E-03
-3.9796E-03
-3.5180E-03
-2.1423E-02
-1.6379E-03
-4.1754E-03
-1.6790E-03
2.0899E-02
2.8454E-02
1.2691E-02
-1.8913E-02
-4.0546E-02
-3.0198E-02
-8.0235E-03
-9.2989E-03
3.0917E-03
3.1566E-03
-5.5319E-03
-1.8182E-02
-1.6260E-02
-1.5016E-02
-2.6515E-02
-2.4273E-02
-1.8783E-02
-1.2215E-02
-4.4386E-02
-5.0034E-02
-4.1060E-02
-2.3958E-02
1.1230E-02
-5.6970E-05
1.0884E-02
4.3145E-02
5.5611E-02
2.3025E-02
3.1467E-03
-2.2406E-02
-6.7165E-04
3.8240E-02
5.4932E-02
1.1531E-02
-9.4628E-03
-2.6616E-02
-2.8255E-02
5.5030E-03
1.1060E-02
-8.5107E-03
-2.1204E-02
-6.7292E-03
-1.4538E-02
-1.1134E-02
-4.7703E-02
2.1827E-03
1.9511E-03
-1.0327E-03
-1.9780E-02
-2.2100E-02
1.0984E-02
4.2825E-03
3.0130E-02
1.7520E-02
-1.2799E-02
2.3948E-02
2.8793E-02
1.5466E-02
-8.8073E-03
-3.2743E-02
-3.6386E-03
3.7177E-03
4.2515E-02
1.2094E-02
-1.9419E-02
8.6504E-03
6.7613E-03
2.9681E-02
3.5345E-02
-1.7286E-02
-6.1112E-02
-4.9653E-02
2.6555E-03
3.8433E-02
5.6891E-02
3.7171E-02
3.0170E-02
-3.0652E-02
-1.9189E-02
8.9273E-04
-1.6526E-02
-4.3914E-02
-4.0317E-02
-3.1824E-02
-1.1045E-02
-1.4459E-02
-2.9548E-03
6.8890E-03
-1.2177E-02
1.0310E-02
3.8997E-02
-4.7352E-03
-3.5254E-02
1.8718E-03
3.3322E-02
-5.8632E-03
-3.3257E-02
-8.6832E-02
-5.2206E-03
1.4582E-02
4.5454E-03
-6.7982E-03
2.5375E-02
6.9901E-02
8.0446E-02
8.1644E-02
5.0639E-02
4.1216E-02
3.8325E-02
-1.6977E-02
-2.4762E-02
-2.4998E-02
1.8883E-02
2.7266E-02
3.8881E-02
-5.0559E-03
-3.0896E-02
-1.8112E-02
4.1050E-02
-1.4347E-02
-3.7109E-02
6.0676E-04
-1.9158E-03
5.3376E-03
5.3952E-02
1.1820E-01
3.5992E-02
-3.7724E-02
-6.5962E-02
-1.0327E-01
-9.2997E-02
-4.2870E-02
-6.0374E-03
2.7241E-02
-7.8040E-04
2.2568E-02
5.6093E-02
1.0169E-02
-8.3640E-03
-8.5402E-03
2.0718E-02
2.2436E-02
-4.4037E-02
4.5836E-03
4.7840E-02
6.9745E-02
6.3276E-02
7.5752E-02
9.9776E-02
3.0275E-02
6.6331E-02
1.2280E-01
1.0388E-01
4.9855E-02
5.1366E-02
5.1591E-02
2.5401E-02
3.1273E-02
3.2818E-02
-3.1895E-02
-8.6312E-02
-9.4538E-02
-5.4051E-02
9.5195E-03
6.5497E-02
1.0265E-01
6.3663E-02
2.6987E-02
2.7896E-03
-4.7415E-02
-3.5492E-02
-2.1484E-02
9.9790E-03
-2.0518E-02
-3.8835E-02
-6.9083E-02
-4.4763E-02
2.4606E-02
1.1585E-01
1.3464E-01
5.6455E-02
3.7549E-02
1.4445E-03
2.1110E-02
2.8866E-02
1.7246E-02
1.0501E-01
6.2451E-02
8.5593E-02
8.5760E-02
6.7351E-02
-5.0698E-03
3.6738E-02
6.8598E-02
4.9721E-02
-3.7332E-02
-1.3975E-03
5.0341E-02
-4.5482E-02
1.3793E-02
4.2376E-02
-3.1236E-03
-5.3532E-02
3.6294E-02
6.2684E-02
1.1091E-02
-2.6822E-02
-5.4748E-02
-9.6855E-02
-2.7545E-02
4.6634E-02
2.1436E-02
-4.8800E-03
-9.8434E-04
3.1529E-02
-3.6766E-03
-1.8146E-02
-4.0941E-02
-8.4823E-02
-1.7408E-02
-6.7039E-03
4.7956E-02
3.9249E-02
1.6255E-03
1.3361E-02
2.8667E-03
-3.3725E-02
-1.7176E-01
-1.1418E-01
-7.4686E-03
2.6149E-02
6.0571E-03
-3.9072E-02
-7.2528E-02
-8.0035E-03
1.2520E-01
1.8820E-01
7.8729E-02
2.0048E-03
4.0582E-02
1.3298E-01
2.1564E-01
1.5717E-01
5.0634E-02
-4.9540E-02
-8.5419E-02
-1.5130E-02
2.4062E-02
-5.6878E-02
-1.1594E-01
-5.5968E-02
4.7543E-02
2.5432E-02
3.2718E-02
6.4854E-02
1.3789E-02
1.6692E-02
3.0829E-02
-3.1052E-02
-1.5847E-01
-1.3436E-01
1.2003E-02
2.7691E-02
4.5404E-02
6.6173E-02
-3.8435E-02
-3.1052E-02
6.6661E-03
9.3786E-03
-6.7452E-02
-1.0192E-01
-1.7492E-02
4.1268E-02
1.6143E-02
4.5206E-02
1.6107E-02
2.3371E-02
-2.0698E-03
-7.9870E-02
-8.4902E-02
-7.1304E-02
-1.9703E-02
-2.6247E-02
-6.7145E-02
-2.6007E-02
5.6579E-02
1.0874E-01
1.1342E-01
3.2963E-02
3.6898E-03
-2.3886E-02
-2.5976E-03
6.6584E-02
1.4426E-01
6.4441E-02
-3.6863E-02
-9.7617E-03
-3.8835E-02
1.1389E-02
6.1930E-02
1.0537E-01
7.6667E-02
2.8777E-02
1.3290E-02
-7.3906E-03
-2.2265E-02
-3.6982E-02
-1.8672E-02
-2.4513E-02
2.4628E-02
1.5528E-02
3.8348E-02
9.2909E-02
1.8016E-02
1.9243E-02
5.1971E-02
3.3696E-02
3.9391E-02
7.7369E-02
-1.9899E-03
-2.9183E-02
4.9619E-02
1.1623E-01
1.2106E-01
1.3553E-01
6.8958E-02
-1.4042E-02
-2.2284E-03
9.1081E-03
-1.8649E-02
-1.4607E-02
6.7790E-03
1.6479E-02
-5.5071E-02
-3.2898E-02
8.3807E-03
-2.8913E-03
2.9505E-02
-2.7848E-02
-5.9454E-02
-6.0845E-02
-5.6510E-02
-1.5160E-02
-3.6977E-02
-3.9188E-02
6.8013E-02
1.0318E-01
4.4044E-02
6.4592E-03
-5.1731E-02
2.3643E-02
6.8811E-02
6.4339E-02
3.9055E-02
2.9401E-03
6.8868E-03
2.5127E-02
5.3752E-02
3.0521E-02
-6.1326E-04
-1.4236E-01
-7.1045E-02
-3.1150E-02
-6.4388E-03
2.5278E-03
-6.7600E-02
-5.0178E-02
-4.7367E-02
3.4378E-02
1.0733E-01
3.6825E-02
-4.6864E-02
1.3141E-02
3.1349E-02
-1.7705E-02
-3.5776E-02
-5.1794E-02
-7.3962E-02
-8.2160E-02
-3.6933E-02
-4.1211E-02
-2.9065E-02
-5.0068E-02
-8.3294E-02
-6.5648E-02
-7.9783E-02
-4.5695E-04
1.2665E-02
-2.7972E-02
-1.1311E-01
-7.9005E-02
-5.8171E-02
-3.3507E-02
-1.0546E-01
-9.3534E-02
-7.7716E-02
2.1780E-02
7.6518E-02
2.9368E-02
-5.6990E-02
-1.0091E-01
-8.0182E-02
-4.7311E-02
4.1370E-05
2.9183E-02
-3.2829E-02
-4.5220E-02
-1.2290E-02
-4.9553E-02
-2.5260E-02
-6.6222E-02
-5.4216E-02
-6.1387E-02
-3.3865E-02
-4.1444E-02
-7.1581E-02
-1.1934E-01
-5.3598E-02
-8.6521E-03
1.2842E-03
2.4920E-02
6.6045E-02
2.2940E-02
-1.5619E-02
-2.3605E-02
-6.3560E-02
-4.8961E-02
-4.5474E-02
3.4992E-02
7.4761E-02
2.0079E-02
3.6123E-02
5.4437E-02
4.2518E-02
4.5935E-02
3.0185E-02
-7.4299E-02
-1.5918E-01
-7.6642E-02
3.9434E-02
-5.1774E-02
-5.6507E-02
-3.3231E-02
-1.6956E-02
-6.8018E-03
1.2585E-02
-1.4585E-02
-7.9766E-02
-8.8544E-02
-6.5824E-02
-5.4757E-02
3.7706E-02
4.8425E-02
7.6854E-02
9.3672E-02
3.3850E-02
-3.6357E-02
-2.0219E-02
-9.8788E-03
-9.7445E-02
-1.9996E-01
-1.8476E-01
-6.2657E-02
7.9009E-03
6.6265E-02
7.4177E-02
-3.0266E-02
-7.9903E-02
-8.2456E-02
-6.9292E-02
-3.2948E-02
6.1926E-03
-3.8076E-03
2.2207E-03
-1.7295E-02
2.2572E-02
9.2901E-03
-1.8774E-02
-4.2075E-02
-9.3455E-02
-6.2338E-02
-3.9190E-02
2.6275E-02
4.5034E-02
3.5313E-02
6.3112E-02
5.0374E-02
5.1838E-02
3.1617E-03
-4.4512E-02
-1.0353E-01
-1.0381E-01
-3.8710E-02
-1.1710E-02
-3.7986E-02
-1.5038E-02
5.3438E-03
-2.0060E-02
2.3423E-02
1.9236E-02
-1.3494E-02
-3.0829E-02
-1.6499E-02
-3.5936E-02
-6.0206E-02
2.8867E-02
1.0556E-01
1.2389E-01
7.0612E-02
4.2900E-02
4.3663E-02
1.5101E-02
-1.4967E-02
4.2851E-02
1.1697E-01
8.4667E-02
7.9440E-02
1.0861E-01
9.1007E-02
1.2155E-01
9.3236E-02
7.0972E-02
-2.1968E-02
-6.8840E-02
-3.0093E-02
2.9994E-02
-6.1821E-04
-2.0455E-03
-1.6032E-02
-1.4314E-02
7.0870E-02
3.4190E-02
-2.5675E-02
-4.9650E-02
-2.4597E-02
7.6873E-03
4.1201E-02
5.7749E-02
-2.8015E-02
-4.2456E-02
-1.4209E-02
2.4524E-02
-1.0334E-02
-2.0948E-02
-6.7602E-02
-6.5399E-02
-7.2744E-02
-1.1000E-01
-5.4761E-02
-1.9917E-02
-4.5189E-02
-4.4903E-02
-6.7185E-03
2.2347E-02
-2.0717E-02
-3.9690E-02
-7.1204E-02
-9.9205E-02
-7.2437E-02
1.1228E-04
1.2033E-02
1.4634E-02
7.0798E-02
6.5115E-02
1.0120E-01
8.4004E-02
3.7683E-02
3.6861E-02
8.6366E-03
4.9659E-02
9.0691E-02
5.6867E-02
8.9365E-03
-2.9350E-02
-2.9392E-02
2.4776E-02
2.1851E-02
1.7337E-02
3.9435E-02
2.2659E-02
3.2176E-02
3.1291E-02
3.9273E-02
6.6257E-02
1.0763E-02
4.0826E-02
5.4026E-02
-2.4757E-03
-1.8059E-02
-4.7418E-02
-3.8792E-02
3.0353E-02
7.1255E-02
2.7952E-02
-9.2605E-03
-1.9373E-02
-2.3206E-02
3.0765E-02
6.3811E-02
5.5252E-02
7.9809E-04
-1.5224E-02
-3.8559E-02
-1.9371E-02
1.6026E-02
-9.3685E-03
-5.7204E-02
-6.5160E-02
-5.6495E-02
-5.0478E-02
-5.4514E-02
6.4411E-03
4.0764E-02
7.0776E-03
1.1360E-02
1.3926E-02
1.3061E-02
-8.9119E-03
-2.7367E-03
-3.9187E-02
-5.0223E-02
-3.8755E-02
5.8172E-03
1.7109E-02
3.4453E-02
2.5617E-02
-2.2746E-02
-1.2609E-02
-7.3434E-03
5.7130E-03
-4.1365E-02
-6.6841E-02
-4.5974E-02
-8.6114E-03
2.7565E-02
7.3867E-02
5.5174E-02
9.0124E-03
-2.5801E-02
-4.7055E-02
-5.8641E-02
-8.1897E-02
-9.7322E-04
2.7030E-02
1.8960E-02
2.2850E-03
-1.2382E-02
7.3799E-03
-2.0726E-03
2.6826E-03
3.9324E-03
1.0960E-02
4.8719E-02
5.8891E-02
4.2138E-02
4.6582E-02
3.7050E-02
3.3414E-02
-6.8045E-03
-1.3856E-02
-5.7732E-03
3.7976E-02
5.6849E-02
5.5159E-02
5.5130E-02
9.8831E-03
5.2665E-03
1.0551E-02
2.3742E-02
1.6038E-02
5.5189E-03
3.6986E-03
-3.3770E-02
-5.4687E-02
-2.8929E-02
5.6028E-03
8.5040E-03
-7.7753E-03
3.3353E-02
4.5765E-02
1.6686E-02
7.4115E-03
2.5777E-02
-1.1595E-02
-2.9003E-02
3.1433E-02
5.3468E-02
-3.5291E-02
-6.1370E-02
-2.0598E-02
2.6550E-03
6.0888E-03
6.7496E-03
-8.8966E-03
-4.5230E-02
-9.4848E-02
-8.5918E-02
-4.7755E-02
-1.8900E-02
7.2560E-03
2.7584E-02
2.7915E-02
4.7723E-02
1.1841E-02
1.8203E-02
7.6307E-02
7.0453E-02
4.6057E-02
1.9535E-02
2.3367E-02
2.2109E-02
3.1738E-02
1.2104E-02
-5.7072E-03
-1.0740E-02
-6.5110E-03
-4.5987E-02
-6.8190E-02
-3.6283E-02
-1.7089E-02
2.5278E-02
-1.1433E-03
-3.9226E-02
-5.8359E-02
-3.3805E-02
1.4727E-02
1.7536E-02
2.2823E-02
1.1174E-02
1.9746E-02
3.5686E-02
1.1779E-02
-1.6967E-02
3.2485E-02
-2.4281E-04
-1.1499E-02
-2.2127E-02
-3.5852E-02
-4.1128E-02
-7.3266E-02
-9.1146E-02
-1.1116E-01
-5.6477E-02
-1.6127E-02
6.8301E-02
5.0450E-02
-6.1744E-04
-3.2262E-02
-1.4105E-02
2.4424E-02
7.2770E-02
4.6627E-02
5.9932E-02
3.9092E-02
3.8262E-02
2.4547E-02
-3.1405E-02
-7.4909E-02
-9.3088E-02
-3.8456E-02
1.2157E-02
8.8159E-02
4.8883E-02
9.7998E-03
-1.9863E-02
-8.8104E-02
-6.2011E-02
-7.1534E-02
-6.0238E-02
-6.3939E-02
-7.3346E-02
-4.0727E-02
-5.6177E-02
-6.8450E-02
-5.7690E-02
-4.8813E-02
-1.5326E-02
-5.7424E-02
-5.1808E-02
-2.4828E-02
1.8489E-02
3.8720E-02
5.6712E-02
5.3103E-02
5.7220E-02
5.1540E-02
3.9641E-02
4.8363E-02
2.4979E-02
1.8190E-02
1.5144E-02
-2.1109E-02
5.6357E-03
2.1445E-03
3.4466E-02
4.1284E-02
1.3666E-02
-2.1840E-02
-1.0753E-01
-1.1280E-01
-1.1187E-01
-8.9193E-02
-3.9674E-02
-3.8044E-02
-2.2577E-04
2.4875E-03
-3.5458E-02
-1.4613E-02
1.9302E-02
-3.4194E-03
2.0112E-02
4.7417E-02
5.6815E-02
6.9248E-02
9.4943E-02
7.2809E-02
5.2617E-02
2.4047E-02
-6.5918E-03
1.0574E-02
3.6046E-02
6.7914E-02
6.1812E-02
8.2390E-02
8.0078E-02
4.3682E-02
1.4747E-02
-4.6463E-03
-5.1259E-02
-5.0385E-02
-2.4007E-02
3.8324E-02
8.8549E-02
8.2180E-02
3.2892E-02
6.2135E-02
8.8468E-02
1.0186E-01
1.3167E-01
6.1060E-02
-4.1573E-02
-9.5244E-02
-5.8057E-02
-1.8037E-02
7.8930E-05
1.8940E-02
-1.6553E-02
-2.0896E-02
8.0009E-02
9.9979E-02
2.6650E-02
-3.1029E-02
-5.8982E-02
-1.7395E-02
6.1206E-02
8.4059E-02
6.2103E-02
2.7240E-02
3.8334E-02
4.4665E-02
9.0606E-02
4.1336E-02
-6.1872E-02
-8.2565E-02
-7.3517E-02
-7.6620E-02
-1.1701E-01
-1.1771E-01
-5.2322E-02
-1.6842E-02
-1.2692E-02
-8.9281E-03
2.5826E-02
-3.6622E-03
-2.6507E-02
3.0755E-03
3.1883E-02
5.7236E-02
7.1951E-02
5.5126E-02
-2.4116E-03
-2.5704E-02
2.3405E-03
5.7220E-02
5.0016E-02
2.6779E-02
-8.2247E-02
-1.3946E-01
-7.8774E-02
-7.5329E-02
-7.3555E-02
-1.6663E-02
-3.5490E-02
-3.3524E-02
9.5891E-03
4.8233E-02
4.7001E-02
-6.2247E-03
-7.4874E-02
-3.4827E-02
2.2436E-02
2.2488E-02
2.7029E-02
-3.9268E-02
-4.9922E-02
-5.3656E-03
2.2483E-02
-4.1685E-02
-7.9956E-02
2.9446E-03
5.7693E-02
5.1032E-02
4.3233E-02
3.7545E-02
-3.8205E-02
-5.9161E-02
3.6197E-02
8.3223E-02
2.8481E-02
-1.8525E-03
3.6449E-02
1.0333E-01
1.5483E-01
1.6409E-01
1.0507E-01
3.6215E-02
-3.8283E-02
-9.2312E-02
-9.5453E-02
-6.1380E-02
-1.8980E-02
-8.9074E-03
1.5308E-02
1.9170E-02
4.3116E-02
7.1359E-02
5.3482E-02
3.4605E-02
-1.3864E-02
-5.1709E-02
-8.8298E-02
-4.0320E-02
-1.4852E-02
-7.9432E-02
-6.9104E-02
-3.3132E-02
-2.3144E-03
-7.7128E-03
-2.5568E-02
-2.8539E-02
-9.7678E-03
5.2757E-04
-3.5987E-02
-7.2800E-02
-8.4134E-02
-6.8861E-02
-3.1843E-02
-1.8420E-02
3.0055E-03
-2.6643E-03
-3.3469E-02
-6.4605E-02
-6.2728E-02
-8.7994E-02
-9.7793E-02
-5.8317E-02
-5.7294E-02
-1.7929E-02
-1.4707E-02
4.1117E-03
-2.1778E-02
-1.0326E-02
6.9252E-02
9.2234E-02
1.3172E-01
8.1500E-02
7.1830E-02
3.8246E-02
6.2121E-02
4.5965E-02
3.3087E-02
2.3389E-02
-1.6409E-04
2.5582E-02
6.0906E-02
4.9937E-02
3.4898E-02
1.6518E-02
3.2304E-02
2.7247E-02
2.0953E-02
5.7126E-02
1.0034E-02
-1.8289E-02
1.9281E-02
-3.1633E-04
1.3000E-02
-5.2853E-03
5.0250E-03
-2.3506E-02
-6.3458E-02
-4.2432E-02
-6.8599E-02
-8.5298E-02
-1.2388E-01
-8.9173E-02
-2.7592E-02
-4.6084E-02
-5.4023E-02
5.4863E-05
2.9515E-02
-2.1019E-02
-1.6462E-02
-2.8611E-02
5.0962E-03
3.1306E-02
2.6316E-02
3.5343E-02
5.4092E-02
6.2538E-02
-2.3211E-03
-3.4248E-02
2.5040E-02
2.3289E-02
-2.7679E-02
-5.7744E-02
-4.6940E-02
-1.0150E-02
-2.5962E-02
-1.8470E-03
-1.8904E-02
-7.5832E-02
-6.9468E-02
-4.5231E-02
-2.7421E-02
-3.4192E-02
-3.0966E-02
-6.1351E-02
-4.0081E-02
-1.3890E-02
2.4866E-02
6.9731E-03
2.4044E-02
4.5336E-02
7.5072E-02
9.2267E-02
1.9912E-03
-4.2349E-02
-5.9560E-02
-2.3996E-02
-1.8319E-02
-4.2129E-02
5.7976E-02
1.3318E-01
1.1188E-01
9.8599E-02
8.0820E-02
-4.0163E-02
-6.6288E-02
-5.5064E-02
-1.8192E-02
-1.0515E-02
-7.3726E-03
3.1007E-02
-2.0172E-04
2.6085E-02
4.0843E-02
1.9075E-02
1.9054E-02
6.5654E-02
4.8213E-02
-1.1630E-02
-5.6317E-02
-8.8167E-02
-9.4281E-02
-1.0635E-01
-8.2578E-02
-9.1994E-02
-2.6172E-02
8.6757E-02
9.0341E-02
7.6484E-02
2.6227E-02
-6.6916E-03
-6.6933E-02
-4.5356E-02
-3.5384E-03
5.4072E-03
-8.5785E-03
-6.9167E-03
-2.0360E-02
-1.4387E-02
1.0804E-02
-6.4668E-03
-5.8136E-02
-3.2636E-02
1.6770E-02
1.5061E-02
4.1830E-03
4.6952E-03
4.6281E-02
5.4677E-02
4.5525E-02
5.8774E-03
9.4467E-03
-1.1621E-02
-1.5315E-02
-4.0131E-02
-1.8344E-02
3.7196E-02
8.7342E-02
1.0961E-01
4.6644E-02
3.1757E-02
3.0668E-02
1.2268E-02
-5.5036E-02
-5.1858E-02
4.2089E-02
6.7154E-02
6.4080E-02
6.5781E-02
6.1314E-02
8.0646E-04
-6.2297E-03
5.6295E-02
3.5170E-02
-1.1986E-02
-4.5995E-02
3.2540E-03
2.7564E-02
4.9346E-02
6.0301E-02
1.1426E-02
-3.6056E-02
-2.7783E-02
-1.5179E-02
-2.4394E-02
-5.7486E-04
4.0308E-02
9.3803E-02
8.7998E-02
5.5381E-02
1.5912E-02
1.6800E-02
3.2781E-02
2.4008E-02
8.2439E-03
-2.8234E-02
-1.1578E-02
5.7714E-02
8.2522E-02
5.2820E-02
6.8416E-02
6.6524E-02
2.6674E-02
-6.3840E-03
-4.7885E-02
-7.7849E-02
-9.5205E-02
-4.1587E-02
3.7142E-02
1.5312E-02
1.6984E-02
2.0187E-02
-2.5265E-02
-1.3078E-02
1.2703E-03
3.1256E-02
1.8063E-02
3.5425E-03
-2.6812E-03
-1.2911E-02
-1.2878E-03
-9.6926E-03
-1.2946E-02
1.7416E-02
1.0731E-02
-2.5198E-02
-6.5609E-02
-7.2620E-02
-1.0950E-01
-1.1918E-01
-9.7027E-02
-9.9641E-02
-1.1203E-01
-7.9525E-02
-9.3713E-03
5.6171E-03
-4.6834E-03
-1.9034E-02
-6.2976E-02
-7.7444E-02
-3.0406E-02
3.9661E-02
2.6039E-02
5.3160E-02
6.7022E-02
-1.7041E-02
-3.7757E-02
-2.1821E-03
-1.1924E-03
-5.3645E-02
-3.3359E-02
3.4163E-02
6.7228E-03
-2.1613E-02
3.8547E-02
1.6524E-02
-1.9593E-02
1.8373E-02
9.1777E-02
1.1393E-01
2.1475E-02
-6.4141E-03
-6.8428E-02
-9.3183E-02
-4.9635E-02
-5.5645E-02
-3.6562E-02
-1.4796E-02
1.3717E-02
7.6224E-03
1.9535E-02
6.3649E-02
5.7284E-02
3.3643E-02
2.8526E-02
3.7356E-02
2.3278E-02
3.8257E-02
5.7699E-02
5.7479E-02
2.1947E-02
2.1930E-02
4.1940E-02
5.0364E-02
2.7275E-02
-8.0715E-03
-4.9809E-02
-6.2459E-02
-5.3526E-02
-4.5661E-02
-1.4768E-02
-2.2809E-02
-3.2984E-02
-6.0118E-02
-6.3657E-02
-4.7832E-02
-3.3757E-02
-6.4370E-02
-1.0099E-01
-6.6724E-02
-1.0668E-02
1.4504E-03
3.8935E-03
1.0764E-02
-2.9885E-02
-4.6944E-02
-2.8762E-02
-9.3239E-03
7.7847E-02
9.7066E-02
6.5032E-02
2.4857E-02
-2.4169E-02
-3.9002E-02
-1.9459E-02
-5.0610E-02
-1.9132E-02
1.8175E-02
4.5247E-02
2.9180E-02
-1.6799E-02
-4.9622E-02
-7.2963E-02
-3.4061E-02
1.5706E-02
7.7724E-03
-7.6650E-03
-2.8968E-02
-7.0012E-02
-8.6805E-02
-7.1621E-02
-2.0972E-02
5.6591E-02
8.8503E-02
7.0338E-02
6.8154E-02
1.9326E-02
4.1216E-03
-3.6343E-02
-5.8614E-02
-7.4881E-02
-4.2169E-02
9.7474E-03
6.6016E-02
5.2364E-02
-3.5462E-03
9.6532E-04
-2.8331E-02
-1.1098E-02
-1.0954E-03
-1.7299E-02
-3.7511E-02
1.2759E-03
7.0925E-02
9.0707E-02
4.0888E-02
3.1132E-02
2.9587E-02
2.9852E-02
5.6042E-02
9.6196E-02
7.9170E-02
4.2442E-02
1.1322E-02
1.5192E-02
3.8362E-02
3.6066E-02
9.1535E-03
-5.9832E-02
-8.2640E-02
-4.1493E-02
-2.2985E-03
3.2329E-02
4.6866E-02
4.8551E-02
3.9623E-02
3.6655E-02
5.3344E-02
1.9420E-02
-1.1180E-02
-4.9035E-02
-3.7560E-02
1.5972E-02
8.4086E-02
8.5861E-02
5.5766E-02
2.4478E-02
2.4192E-02
1.5644E-02
1.2916E-02
8.8551E-03
1.4070E-02
2.1250E-03
3.9594E-03
-1.7536E-02
-4.8192E-03
7.0147E-03
-2.3413E-03
-2.1456E-02
1.4388E-02
1.7727E-03
1.7664E-02
6.8131E-02
3.7123E-02
2.1218E-02
-2.0222E-02
-1.7044E-02
-3.1655E-03
2.5702E-02
5.1979E-02
6.1923E-02
4.9305E-02
7.0056E-02
6.3461E-02
1.4024E-02
-2.3336E-02
-5.7880E-02
-3.9366E-02
6.5411E-03
3.5192E-02
4.3317E-02
2.0060E-02
1.1351E-03
-3.2377E-02
-3.2705E-02
-1.5000E-02
-3.2742E-02
-1.3030E-02
-9.9452E-03
1.3893E-02
1.5289E-03
-2.6964E-02
-8.1007E-02
-9.4634E-02
-8.6676E-02
-5.3612E-02
-7.1643E-03
2.3226E-02
1.3574E-02
-1.5150E-04
2.5970E-02
3.1168E-02
5.7562E-03
-5.2932E-02
-2.2217E-02
3.3702E-02
5.5080E-02
9.6036E-02
6.6344E-02
1.9106E-02
1.0299E-02
1.4505E-02
4.4756E-02
3.2637E-02
5.2218E-02
5.7064E-02
-5.4051E-03
-3.7975E-02
-5.7281E-02
-4.0986E-02
-7.8168E-03
-7.4723E-03
-3.8106E-02
-5.9107E-02
-4.0713E-02
3.8902E-02
7.1204E-02
2.0098E-02
-4.7897E-02
-6.2266E-02
-6.3323E-02
-3.7328E-02
-3.0871E-02
-5.7548E-02
-6.9784E-02
-6.4959E-02
-6.2029E-02
-8.3503E-02
-1.1246E-01
-1.2577E-01
-8.9789E-02
-8.6576E-03
2.4984E-02
2.7747E-02
-1.6636E-02
-3.0352E-02
-1.5997E-02
-2.6497E-02
-5.4317E-02
-6.3846E-02
-6.7860E-02
-4.4460E-02
-3.7449E-02
-5.4366E-02
-2.9227E-02
-1.8992E-02
-3.5135E-03
-2.4903E-02
-3.1944E-02
-2.7231E-02
-2.8095E-02
-1.0783E-02
1.4638E-02
1.2151E-02
7.5745E-03
5.3174E-02
9.2944E-02
9.7731E-02
6.0025E-02
2.0530E-02
-3.4032E-02
-3.9168E-02
1.8343E-03
1.1603E-02
1.8596E-02
-1.8202E-02
-2.8473E-02
3.6749E-02
8.1127E-02
6.6308E-02
3.6792E-02
1.3511E-02
1.5019E-02
1.9877E-02
2.0011E-02
1.0258E-02
-2.6279E-02
-2.2849E-02
-2.0358E-02
-3.1310E-02
-4.7734E-02
-6.5440E-02
-3.9903E-02
1.8244E-02
1.9258E-02
-7.6693E-03
-3.2301E-02
-2.4332E-02
-1.6822E-02
-4.5038E-04
2.1539E-02
-3.3067E-02
-4.2313E-02
9.0434E-03
4.9174E-02
1.9446E-02
-1.7885E-02
-3.0050E-02
-8.4192E-03
-2.6237E-02
-2.8662E-02
-5.4757E-03
1.0417E-02
4.8373E-03
-7.4862E-03
1.4735E-02
1.1979E-02
-8.5944E-03
1.3205E-02
3.2021E-02
4.4639E-02
3.0803E-02
1.6388E-02
2.3723E-02
2.0065E-02
3.1849E-02
3.0311E-02
3.9301E-03
-5.8005E-03
3.7243E-03
6.9203E-03
2.9840E-02
4.1738E-02
3.5865E-02
2.1424E-02
2.5373E-02
1.1160E-02
-1.2793E-02
-3.1971E-02
-3.2842E-02
-2.6400E-02
2.6031E-02
5.5223E-02
4.8423E-02
3.8114E-02
1.2544E-02
-1.1166E-03
-7.6078E-03
-9.2366E-03
-1.5931E-02
-8.6630E-03
1.3121E-02
6.1930E-03
1.6699E-02
4.8152E-02
4.7271E-02
3.9947E-02
3.1164E-02
3.5754E-02
8.0996E-03
-1.8150E-02
1.1606E-02
3.7503E-02
1.9228E-02
-1.5184E-04
1.8278E-02
5.8078E-02
8.2301E-02
6.0908E-02
2.1040E-02
3.1493E-03
-2.3010E-02
-1.1022E-02
2.8158E-02
2.1007E-02
6.1782E-03
2.4065E-02
1.3397E-02
2.2319E-02
1.4095E-02
1.3387E-02
1.1918E-02
-4.2610E-03
1.1246E-02
-7.8666E-03
-2.6401E-02
-8.9770E-03
5.2681E-03
7.0268E-03
6.9212E-04
5.9111E-03
-2.3323E-03
-3.2260E-02
-3.8041E-02
-2.7186E-03
1.5685E-02
-1.3817E-02
3.0791E-03
1.2867E-02
2.9496E-02
3.2569E-02
3.7478E-02
4.7885E-02
3.1975E-02
8.7947E-03
-1.5595E-03
2.0776E-02
2.2232E-02
5.1097E-03
-6.7111E-03
-2.9576E-02
1.0672E-02
4.0153E-02
3.3499E-02
2.9763E-03
-1.8032E-03
1.0691E-02
2.9056E-03
-3.8075E-03
-1.2593E-02
-1.8680E-02
-1.0095E-02
9.3345E-03
9.6802E-03
6.9238E-03
1.7354E-02
4.2194E-03
-2.4507E-02
-4.8404E-02
-4.1485E-02
-4.0541E-03
2.7329E-02
1.1835E-02
-9.9471E-03
-1.9203E-02
-1.5375E-02
-7.3743E-03
-1.7070E-02
-4.0449E-02
-5.1672E-02
-1.4113E-02
9.3812E-03
-6.3111E-03
-1.7125E-02
-3.9253E-02
-3.1488E-02
-2.2354E-02
-1.0565E-02
-1.6581E-02
-2.1771E-02
-7.9916E-03
-2.3712E-02
-2.8580E-02
-3.7165E-02
-3.9492E-02
-2.9566E-02
-2.2450E-02
-3.9792E-02
-2.7636E-02
-6.7834E-03
2.1085E-02
1.4288E-02
1.5250E-02
1.2434E-02
-7.3602E-03
-2.4113E-02
-2.5111E-02
-2.5887E-02
-2.0644E-02
-2.3784E-02
-3.9095E-02
-3.2472E-02
-3.1780E-02
-1.6634E-02
8.6601E-03
1.5772E-02
1.9260E-02
-2.4380E-03
6.7831E-03
1.1280E-02
-9.2434E-03
4.3329E-03
-6.8366E-03
-9.2285E-03
-2.1499E-03
-1.5279E-02
-2.0563E-03
-1.1771E-02
-3.1325E-02
-5.9334E-02
-4.8813E-02
-1.5950E-02
9.6041E-03
2.7112E-02
2.4873E-02
1.1060E-02
-3.5237E-03
-4.5645E-04
-1.9708E-02
-4.2419E-02
-2.4570E-02
-3.2354E-03
-2.9761E-02
-1.8137E-02
-3.5531E-03
1.0852E-02
1.0893E-02
-2.1449E-03
-2.1396E-02
-4.8542E-02
-3.8139E-02
4.5090E-03
2.8911E-02
2.3554E-02
1.4134E-02
-2.8809E-03
-3.6781E-02
-3.6980E-02
-3.5231E-02
-2.8541E-02
-2.8090E-02
-2.4297E-02
-2.2919E-02
7.5672E-03
5.4114E-03
-1.4718E-03
-1.2025E-02
-7.8153E-04
9.5699E-03
1.6030E-04
4.9591E-03
3.4090E-03
2.3785E-02
4.4447E-02
4.0221E-02
1.9562E-02
1.0313E-02
-1.0405E-02
7.5961E-03
-1.6082E-03
3.8308E-03
-1.3221E-02
-1.2542E-02
1.9115E-03
2.3467E-03
1.2394E-02
7.1351E-03
5.9917E-03
1.0095E-02
2.6772E-02
2.9918E-02
2.5829E-02
2.3319E-02
2.2157E-02
7.6851E-03
-1.0346E-02
-1.1692E-02
-3.2348E-03
4.1254E-03
4.0991E-03
-4.9695E-03
4.7892E-03
2.3634E-02
2.5820E-02
2.1624E-02
5.8917E-03
-2.3802E-02
-5.7468E-03
1.1395E-02
1.8946E-02
1.0241E-02
7.7177E-03
8.1975E-03
1.3668E-02
8.2456E-03
-1.5846E-02
-2.5932E-02
-1.3166E-02
-2.7381E-02
-1.6069E-02
2.9656E-03
-3.0140E-03
-2.2616E-02
-2.2189E-02
-1.1800E-02
-1.3158E-02
1.6735E-02
2.9283E-02
2.3800E-02
2.2863E-02
1.6059E-02
1.6024E-02
-1.5734E-02
-2.5469E-02
-4.0630E-02
-2.9948E-02
-1.4705E-02
-2.2000E-02
1.4831E-04
6.6116E-03
-1.2994E-02
-1.4857E-03
1.5268E-02
1.3613E-02
1.5295E-02
1.4273E-03
-1.5926E-02
-1.9611E-02
2.6438E-02
2.6051E-02
8.0988E-03
3.5250E-03
2.3293E-02
1.9342E-02
1.1192E-02
3.1337E-02
2.0437E-02
1.3863E-04
-5.2622E-03
-3.0521E-03
-7.1281E-03
1.1912E-02
4.2099E-02
3.1387E-02
9.7148E-04
-2.1244E-02
7.9163E-03
1.8656E-02
1.5267E-02
2.2848E-02
1.4861E-02
2.4082E-02
1.6222E-02
1.8838E-02
1.6600E-02
2.1545E-02
2.6288E-02
8.7194E-03
-2.8243E-03
-1.1851E-02
-1.4442E-02
-1.6464E-02
-1.3020E-02
-2.7673E-02
-5.7781E-02
-3.0578E-02
-1.5534E-03
1.7309E-02
4.7527E-03
1.3532E-02
2.8670E-02
5.8327E-02
4.0143E-02
5.9330E-03
-7.3956E-03
-2.2526E-02
4.4763E-03
3.1820E-02
2.1308E-02
1.0899E-02
3.4602E-02
4.8033E-02
5.1073E-02
6.3961E-02
4.5422E-02
9.2812E-03
-9.4475E-03
-1.0368E-02
-1.2054E-02
-2.9994E-02
-2.3205E-02
-9.1082E-03
-4.0070E-03
2.8805E-02
3.7436E-02
3.6305E-02
3.3959E-02
3.9729E-02
3.6452E-02
2.0819E-02
-5.1595E-03
-3.7085E-02
-4.2758E-02
-1.2080E-02
6.1320E-03
1.9927E-02
1.9649E-02
3.6672E-03
-1.3259E-02
-1.4980E-02
-1.8238E-02
-1.6873E-02
-1.9761E-02
-2.1335E-02
1.1108E-02
3.2164E-02
1.5350E-02
-3.8679E-03
2.4613E-03
2.8612E-06
-1.1917E-02
-7.8036E-03
-1.6181E-02
-1.4388E-02
-1.9788E-02
1.1521E-03
2.1125E-02
1.6816E-02
2.2571E-02
1.9918E-02
1.9145E-02
2.6656E-02
3.3004E-02
2.3614E-02
9.2164E-04
-1.5420E-02
-9.7787E-03
-1.1506E-02
-1.1705E-02
-1.5466E-03
-5.9156E-03
-1.8317E-02
-3.5455E-02
-3.8401E-02
-2.5945E-02
-1.7079E-02
-2.5611E-02
-4.3829E-02
-3.4831E-02
-2.2261E-02
-1.5127E-02
-3.8100E-03
-1.6299E-02
-2.7945E-02
-5.5059E-03
2.8320E-02
2.7847E-02
2.4333E-02
3.5679E-02
3.8103E-02
3.4454E-02
1.8549E-02
-1.2469E-02
-4.0381E-02
-2.7583E-02
-2.4050E-03
-1.4061E-02
-2.2738E-02
-2.0059E-02
-2.5748E-03
1.0276E-02
1.9413E-02
-1.3687E-04
-1.2067E-02
3.8533E-03
2.1945E-02
-2.4681E-03
-4.6313E-03
-1.0078E-02
7.4539E-03
2.8563E-02
1.5276E-02
1.4385E-02
2.5661E-02
2.3300E-02
1.0241E-02
3.5383E-03
-6.1559E-03
1.1045E-02
2.7400E-02
3.5361E-02
2.1262E-02
-9.9313E-03
-4.0136E-03
-2.0517E-02
-1.6116E-02
-5.6420E-03
-8.9349E-03
-3.7063E-03
-1.5108E-02
-2.5773E-02
-3.2851E-02
-2.3675E-02
-2.5114E-03
-9.6086E-03
-1.1258E-02
-2.9525E-02
-4.0851E-02
-1.4619E-02
-7.2725E-03
-2.3836E-02
-1.1426E-02
1.5333E-02
2.9213E-02
3.3783E-02
1.8571E-02
9.9282E-03
4.4850E-03
9.7343E-03
2.1451E-02
3.5426E-03
-1.1420E-02
-6.0875E-03
-1.0744E-02
-9.7977E-03
-3.5478E-02
-4.3247E-02
-3.0542E-02
-1.9910E-02
-2.0887E-02
-2.1073E-02
-2.4623E-02
6.2283E-03
1.7548E-02
6.6825E-04
-7.4386E-03
-1.7512E-02
-9.5588E-03
-2.7933E-02
-2.3278E-02
-4.8668E-03
-1.3827E-02
-4.1498E-03
8.5495E-03
3.2865E-03
-1.4296E-02
-9.2816E-04
1.8754E-02
9.8024E-04
-9.3617E-03
-1.4460E-02
-3.4938E-02
-3.4226E-02
-1.4400E-02
5.9892E-03
1.7734E-02
2.0423E-02
1.4306E-02
-5.1417E-03
1.6990E-02
2.4258E-02
6.7116E-03
-7.8688E-03
-2.1994E-02
-1.3285E-02
5.2436E-03
1.4084E-02
-3.2947E-03
-1.1022E-02
6.7900E-03
4.6446E-03
-1.2590E-03
-7.2927E-03
-1.0225E-02
1.7718E-02
4.1875E-02
4.6452E-02
1.9039E-02
-4.4186E-04
6.5101E-03
-8.9430E-03
-1.2101E-02
-7.7744E-03
1.0411E-02
3.6033E-02
6.6680E-02
5.9774E-02
2.9169E-02
-3.5869E-03
-1.4510E-02
-1.0937E-02
-1.5201E-02
-2.4476E-02
-3.6039E-02
-2.6550E-02
-7.7273E-03
-8.0456E-03
-2.1438E-02
-1.9525E-02
-3.5128E-02
-2.9611E-02
-1.5644E-02
-3.6513E-03
-1.0345E-02
1.5389E-03
-1.0867E-03
-5.3896E-03
-1.4659E-03
-3.6871E-03
-2.3951E-02
-2.6543E-02
6.6034E-03
3.1500E-02
4.3838E-02
3.5928E-02
2.5044E-02
2.2474E-02
4.1105E-03
-1.5382E-02
-1.2101E-02
-1.4944E-02
-1.5695E-02
-8.7707E-03
-1.6410E-02
-3.1132E-02
-2.9207E-02
-1.2167E-02
-6.4043E-03
-9.7270E-03
-1.1125E-02
-2.0779E-03
1.3397E-02
1.6534E-02
-6.8790E-03
-1.0080E-02
1.3412E-02
8.7270E-03
5.8236E-03
-1.7026E-02
-1.4461E-02
1.0564E-02
1.8013E-02
9.9714E-03
-1.2950E-02
-1.7870E-03
1.4887E-02
2.8008E-02
1.8347E-02
-6.6243E-03
-9.6092E-03
1.6528E-02
3.1074E-02
3.9952E-02
2.1334E-02
4.7576E-03
-1.6019E-02
-7.6061E-03
4.9913E-03
1.0216E-02
2.3973E-02
3.1205E-02
4.0474E-02
4.7560E-02
4.2971E-02
1.7796E-02
1.0258E-02
-9.3378E-03
-2.7556E-03
6.8369E-03
4.3413E-03
-2.8328E-04
-4.8318E-03
7.1512E-03
8.0396E-04
-1.1935E-02
-2.1099E-02
-2.8644E-02
-3.0404E-02
-2.7767E-02
-1.4557E-03
2.1886E-03
-1.6148E-03
3.9754E-03
1.6878E-02
1.6356E-02
-1.3518E-03
3.7594E-03
3.7625E-03
2.1258E-03
1.6275E-03
4.5950E-03
2.5524E-02
1.0912E-02
4.0745E-03
1.0868E-02
3.9920E-03
-1.5728E-02
-1.0547E-02
-6.2652E-03
5.8648E-03
-1.2338E-03
1.7504E-02
2.0311E-02
-1.0277E-02
-1.9713E-02
6.7811E-04
4.5128E-04
-5.1762E-03
-6.5268E-03
-2.1067E-02
-7.5233E-03
1.5386E-03
9.2296E-03
1.5973E-02
1.7510E-02
5.2864E-03
1.3479E-02
3.3053E-02
2.5082E-02
-1.5489E-02
-3.8150E-02
-8.1681E-03
1.3061E-02
1.6362E-02
-9.0899E-03
-2.7387E-02
-2.3657E-02
-1.8584E-03
-2.4145E-03
-7.5571E-03
-3.3791E-02
-4.1580E-02
-1.9451E-02
-1.7643E-02
-4.1067E-02
-5.9477E-02
-5.2926E-02
-4.9898E-02
-4.6367E-02
-3.2527E-02
-2.3464E-02
-1.6972E-02
-3.1210E-03
1.5344E-02
6.1796E-03
-1.3132E-02
-3.1963E-04
1.6959E-02
3.2819E-02
1.8637E-02
3.1976E-03
-1.2190E-02
-1.3609E-02
-7.9180E-03
-5.0961E-03
-9.1084E-03
-1.4056E-02
-6.5762E-04
2.0951E-02
1.4040E-02
1.0978E-02
1.5253E-02
5.4705E-03
2.1643E-02
1.4172E-02
-1.1787E-02
-2.2246E-02
-1.1452E-02
5.0708E-03
2.0666E-02
1.4317E-02
-2.0956E-02
-2.6013E-02
-2.3010E-02
-1.6594E-02
-2.5473E-02
-3.1649E-02
-1.8478E-02
-3.7588E-03
-7.4219E-03
-1.5825E-02
-2.4240E-02
-1.3407E-02
-9.9592E-03
8.0433E-04
1.0205E-02
1.8708E-02
1.8409E-02
1.4451E-02
1.1262E-02
-3.7465E-03
3.0884E-04
-1.6623E-02
-2.1639E-02
-1.9634E-02
-1.0831E-02
3.8775E-03
9.6401E-03
2.2778E-02
7.0006E-03
-1.0671E-02
-1.5711E-02
-3.9287E-02
-4.7864E-02
-2.0924E-02
1.8974E-02
3.7579E-02
3.2242E-02
1.0360E-02
-6.7068E-03
-3.8901E-03
1.0429E-02
-1.2177E-02
-2.4788E-02
-2.4861E-03
1.0034E-02
1.3717E-02
2.9945E-02
2.7220E-02
3.0827E-02
3.4924E-02
2.5344E-02
1.6351E-02
-2.9730E-05
4.7059E-03
2.9024E-02
2.6166E-02
1.3003E-02
3.7995E-03
9.8550E-03
5.0921E-03
1.1138E-02
3.6551E-02
2.4409E-02
6.5896E-03
3.5798E-03
9.0527E-04
3.3097E-03
1.1337E-02
1.7466E-02
1.0329E-02
1.4884E-02
5.7601E-03
-6.2788E-03
-1.9481E-02
3.6206E-03
7.2048E-03
8.9450E-03
1.5914E-02
-1.4576E-03
-1.2127E-02
-1.6087E-02
-2.3023E-02
-2.4798E-02
-2.9076E-02
-1.4057E-02
1.0101E-02
2.8948E-02
3.6579E-02
1.8872E-02
3.8940E-03
3.6065E-03
4.8074E-03
-8.0152E-03
-1.3560E-02
-4.9043E-03
9.7804E-03
1.9580E-02
1.7354E-03
-7.3438E-03
-9.6021E-03
-1.3662E-02
-6.3112E-03
4.5809E-03
2.5059E-03
-3.2160E-03
-5.7976E-03
7.5500E-03
-4.3354E-03
-3.6217E-03
1.1983E-02
1.7756E-02
-5.5769E-05
-2.8516E-02
-2.5309E-02
-3.3846E-03
1.4553E-02
1.3315E-02
3.8706E-03
8.5180E-04
2.5947E-02
3.6103E-02
1.2506E-02
2.7417E-03
-8.2089E-04
2.1461E-02
1.9297E-02
4.0905E-03
-9.2703E-03
-2.4142E-02
-1.0935E-02
-7.3385E-04
-1.8887E-02
-3.0189E-02
-3.7756E-02
-1.1976E-02
2.2699E-02
1.1083E-02
6.4144E-03
4.7555E-03
-9.0734E-03
-2.5195E-04
8.4431E-03
2.0640E-02
1.8800E-03
-8.1410E-03
1.3887E-02
1.1302E-02
-1.0554E-02
-3.0412E-03
-8.5595E-03
-2.8066E-02
-1.8952E-02
-1.5009E-02
-2.0373E-02
-6.1453E-03
1.5388E-02
1.4833E-02
-3.4785E-03
1.2221E-02
1.3100E-02
-2.5997E-03
-1.0210E-02
1.1174E-02
1.7086E-02
2.3950E-02
3.3080E-02
3.0034E-02
3.3586E-02
3.0119E-02
2.5145E-02
8.5361E-04
5.0241E-03
1.6936E-02
1.5551E-02
2.2249E-02
2.2859E-02
5.1184E-05
-2.9302E-02
-3.9722E-02
-3.3135E-02
-2.6481E-02
-3.6449E-02
-3.2305E-02
-1.9755E-02
-7.1617E-03
6.1362E-03
2.2950E-02
1.4175E-02
3.7599E-05
-1.2422E-02
-1.8792E-02
-2.8630E-02
-2.4100E-02
-4.5395E-03
-2.7431E-03
-5.6864E-03
-1.5740E-02
5.6486E-03
9.0454E-03
8.6949E-03
-9.3158E-03
-2.8787E-02
-3.0127E-02
-2.1178E-02
-3.1556E-03
1.7654E-03
-1.5091E-02
-1.5486E-02
-1.2995E-03
1.4597E-02
4.2432E-03
4.0670E-03
1.4053E-02
2.1581E-02
2.0545E-02
2.9043E-02
2.0550E-02
9.3144E-03
1.0224E-02
3.2095E-03
-1.0706E-02
2.2157E-03
1.9129E-02
1.6083E-02
1.3398E-02
1.4825E-04
-1.6160E-02
-2.3141E-02
-1.4092E-02
-5.0736E-02
-5.3858E-02
-3.8361E-02
-4.1179E-02
-2.6060E-02
-1.0685E-02
-9.0673E-03
-9.3420E-03
-6.2162E-04
-4.4509E-03
1.6567E-03
4.5597E-03
3.7121E-03
-1.3715E-02
-1.0764E-02
-3.4385E-03
1.0858E-02
2.4739E-02
1.9151E-02
1.2657E-02
9.2460E-03
-2.0385E-03
1.1533E-03
1.7176E-02
3.5109E-03
-3.1829E-03
1.3463E-02
2.7858E-02
2.7073E-02
1.2168E-02
6.8891E-03
-3.4049E-04
-7.6244E-03
-4.2344E-03
-9.2949E-03
-2.2278E-02
-6.3779E-03
1.0840E-02
5.5533E-03
8.3423E-04
-2.6248E-03
1.1677E-02
1.2928E-02
2.9984E-02
2.3554E-02
-8.0456E-03
-8.9354E-03
-3.3777E-03
-1.2168E-02
-1.2571E-02
1.4183E-03
2.0991E-02
1.2528E-02
9.9092E-03
1.0251E-02
-4.8446E-03
-1.9881E-02
-1.4449E-02
-1.2894E-02
-2.7582E-02
-3.1063E-02
-1.8621E-02
-1.5924E-02
-9.7562E-03
8.1280E-04
9.1769E-03
1.3248E-02
1.2541E-03
-1.0029E-02
-1.5281E-02
6.1653E-03
1.1404E-02
4.9460E-05
5.1928E-03
6.8042E-03
7.2762E-03
2.0851E-02
2.4030E-02
1.2050E-02
1.6997E-03
-5.9413E-03
-6.8594E-03
-3.4111E-03
1.4933E-02
2.1428E-02
1.6948E-02
9.3891E-03
-1.5724E-03
-2.5077E-02
-1.7805E-02
7.8718E-03
2.8630E-02
2.4638E-02
1.1725E-02
-6.4288E-03
-7.3199E-03
-4.9445E-03
-5.6159E-03
-2.0536E-02
-3.2792E-02
-9.8453E-04
1.6332E-02
1.5317E-02
7.5208E-04
1.5519E-03
1.6557E-02
-1.3116E-03
-4.1205E-03
2.3755E-04
5.3111E-03
4.5251E-03
-8.4541E-03
-2.7292E-02
-3.3385E-02
-3.0776E-02
-2.1165E-02
-9.4844E-03
-5.7289E-04
5.3288E-03
8.2128E-03
8.6146E-03
-1.4035E-04
1.1879E-02
1.0531E-02
-2.4373E-04
9.0008E-03
-7.0426E-03
-1.0362E-02
6.4025E-03
1.1155E-02
1.1615E-03
-9.7032E-03
-1.0174E-02
4.4876E-03
6.7388E-03
1.3707E-02
5.4295E-03
3.2570E-03
-7.4780E-03
4.7839E-03
2.8094E-02
3.8340E-02
2.8265E-02
7.3626E-03
-1.5315E-02
-1.1764E-02
-5.9711E-03
4.0202E-03
4.5398E-03
2.2434E-02
1.7966E-02
1.3823E-02
2.3009E-02
2.4920E-02
-9.9021E-03
-2.5238E-02
-1.3159E-02
7.4978E-03
1.8100E-02
1.2621E-02
1.0529E-02
2.6000E-03
9.8371E-03
7.4016E-03
-9.7526E-03
-2.5564E-02
-2.3976E-02
-1.8592E-02
-9.0766E-03
3.5001E-03
1.0012E-02
1.4482E-02
1.9028E-02
5.1026E-03
-3.8233E-03
1.3099E-02
6.1462E-03
-1.1400E-03
-7.2363E-03
-5.3504E-03
3.2434E-03
1.5158E-02
9.4251E-03
1.1332E-02
3.3265E-03
4.0909E-04
3.8777E-04
-1.0646E-02
-3.4824E-03
-3.5022E-03
-2.4954E-04
4.8961E-03
1.0902E-02
1.7717E-02
1.5581E-02
1.9655E-02
1.4848E-02
3.4542E-03
-3.2970E-03
-2.4836E-03
-2.0399E-02
-2.5819E-02
-1.8691E-02
6.2792E-03
3.0492E-03
1.1736E-03
2.3113E-03
-1.4591E-02
-1.0003E-02
-3.0093E-03
2.3893E-03
1.5146E-03
3.7626E-03
3.4868E-03
-1.2657E-03
3.8538E-03
-8.7236E-03
-1.0977E-02
-1.5210E-02
-2.6180E-02
-3.9605E-02
-2.0368E-02
-7.5697E-03
-6.0351E-03
-2.0506E-03
3.6558E-05
-1.7889E-03
-2.1138E-02
-2.7706E-02
-3.0990E-02
-2.1197E-02
-7.5596E-03
-3.0290E-03
6.6296E-03
-4.3586E-03
-5.2508E-03
3.6645E-03
1.3879E-03
8.5579E-03
3.8137E-03
-6.3119E-04
6.8946E-03
3.5320E-03
2.0094E-03
7.5923E-03
4.9904E-03
7.9721E-03
1.7539E-03
1.0842E-02
8.9808E-03
9.5378E-03
1.0592E-02
6.9817E-03
1.4325E-02
2.4932E-02
2.1463E-02
1.8607E-02
1.3091E-02
1.5134E-02
1.1829E-02
-1.5673E-02
-3.4596E-02
-2.1906E-02
4.1122E-03
1.7804E-02
1.0735E-02
5.6865E-03
2.0205E-02
1.2453E-02
3.0764E-03
-9.4594E-03
-2.5069E-02
-3.2433E-02
-1.8314E-02
1.1030E-02
2.0429E-03
-1.0354E-02
-1.0778E-02
-8.4288E-03
-7.9863E-03
-5.9046E-03
-2.6548E-03
-1.1249E-02
-2.3857E-03
1.1556E-02
6.5637E-03
-7.0979E-03
-2.2310E-02
-1.6448E-03
2.6429E-02
1.6894E-02
-1.2565E-05
-9.6686E-03
-8.5847E-03
-4.8749E-03
-1.0492E-02
-9.1223E-03
-3.5102E-03
-1.7344E-03
8.8963E-03
1.6186E-02
1.3282E-03
-9.2450E-04
4.8485E-03
1.0657E-02
4.1133E-03
-1.3832E-02
-1.5797E-02
-8.4170E-03
8.6492E-03
1.7790E-02
1.8592E-02
1.3210E-02
1.6672E-02
2.5065E-02
1.0646E-02
-5.6336E-05
-1.2911E-02
-1.7873E-02
-6.0577E-03
-7.0033E-03
3.7062E-04
1.0786E-03
-2.1309E-03
8.1251E-03
7.6902E-03
2.0494E-03
7.2893E-03
6.0082E-03
5.1380E-03
-8.7609E-03
-2.5481E-02
-1.7160E-02
5.6868E-03
-2.2840E-03
-1.3479E-02
-1.0358E-03
4.5518E-03
1.7211E-02
5.2003E-03
9.0582E-03
9.9929E-03
1.0986E-02
-1.0812E-03
-2.2201E-02
-1.9344E-02
-1.3608E-02
-1.1988E-02
-2.6532E-02
-3.0500E-02
-1.5599E-02
2.2547E-03
-4.4094E-03
-1.3629E-02
-1.7141E-02
-6.5437E-03
1.7732E-02
2.4939E-02
6.8460E-03
1.3288E-02
1.7144E-02
1.4678E-02
1.6231E-02
7.5575E-03
-1.7637E-02
-3.0478E-02
5.4483E-03
1.2442E-02
-6.8766E-03
-1.2743E-02
2.0137E-03
1.3832E-02
3.4571E-02
3.2748E-02
1.7608E-02
-8.3919E-03
3.6195E-04
5.2414E-03
-5.9726E-03
-1.2276E-03
-3.4551E-03
-1.3698E-02
-1.0704E-02
6.3923E-03
5.8781E-03
-1.3742E-02
-1.7705E-02
-1.8694E-02
-1.5559E-02
-1.1818E-03
5.3068E-03
-5.0985E-04
-7.1956E-03
1.7138E-02
2.8835E-02
1.9482E-02
6.3404E-03
-2.1015E-03
-1.6565E-02
-3.9394E-03
1.6806E-02
2.5677E-02
2.2483E-02
2.4656E-02
1.4717E-02
2.2545E-02
1.8228E-02
5.7780E-03
-7.6938E-04
-1.1961E-02
-2.6082E-02
-3.0198E-02
-3.7335E-03
1.1295E-02
3.4371E-03
2.1585E-03
1.0057E-03
-4.2257E-03
-1.1132E-02
-5.9346E-03
-1.2685E-02
-1.9049E-02
-4.1703E-03
8.1967E-03
2.9231E-02
1.8094E-02
-4.2121E-03
-1.3337E-02
-8.4127E-03
-1.0270E-02
-2.2447E-02
-3.3208E-02
-3.2492E-02
-7.7124E-03
-1.5269E-03
-1.3273E-02
-9.0429E-03
6.7963E-04
1.8675E-02
2.2986E-02
8.8905E-03
-1.0855E-02
-2.0813E-02
-1.1662E-02
-5.4488E-04
3.0965E-03
1.4197E-02
2.1253E-02
8.9261E-03
1.2330E-02
5.2975E-03
6.7863E-03
7.0571E-03
1.0333E-02
9.7574E-03
1.2626E-02
2.2986E-02
2.1023E-02
1.1079E-02
7.1846E-03
6.1700E-03
-5.7833E-03
-2.1391E-02
-1.0733E-02
-7.0086E-04
5.8595E-03
-1.1242E-03
-5.1923E-03
-1.0690E-02
-9.0299E-03
-8.0883E-03
-3.3307E-02
-4.3403E-02
-2.2358E-02
-2.3925E-03
-3.8753E-03
-4.5959E-03
-8.9260E-03
-2.1518E-02
-1.6796E-02
-5.3190E-03
-1.6599E-02
-3.1864E-02
-2.9679E-02
-4.9150E-03
1.3009E-02
1.5322E-03
1.2165E-02
1.5462E-02
8.5901E-03
9.2928E-03
-3.5182E-03
-9.4404E-04
9.4938E-04
-4.1409E-03
4.8318E-03
2.7746E-03
-4.9142E-03
-9.8934E-03
-1.9309E-02
-2.0087E-02
-2.4715E-02
-1.2567E-02
-2.9940E-03
-8.4944E-03
-9.3544E-03
-2.7207E-03
-7.7471E-03
-8.7417E-03
-1.2621E-02
-4.5671E-03
1.0573E-02
1.2487E-02
-1.2729E-02
-2.4110E-02
-1.0670E-02
1.7397E-02
2.7546E-02
1.6029E-02
5.7994E-03
3.5797E-03
-9.1756E-04
-3.3218E-03
-1.4408E-02
-1.6166E-02
-2.7196E-03
8.8785E-03
7.0185E-03
-9.7629E-04
-6.6808E-03
5.8355E-03
2.4568E-02
1.2376E-02
-3.8386E-03
-1.2480E-02
-1.2996E-02
-1.2013E-02
-6.8107E-03
5.4165E-03
7.2236E-03
1.8225E-02
1.9494E-02
5.9545E-03
8.2936E-03
1.0580E-02
-1.9780E-04
8.7494E-04
7.3260E-03
7.0939E-04
8.0754E-07
3.9861E-03
8.1505E-03
1.7713E-02
2.7046E-02
2.6087E-02
-4.1961E-03
-3.1798E-02
-1.9887E-02
-1.4362E-02
-1.1105E-02
-2.9864E-03
-7.5975E-04
-1.4897E-03
5.6402E-04
7.2787E-04
-1.8031E-02
-3.4226E-02
-1.6261E-02
1.5680E-02
1.8772E-02
-2.2134E-03
-2.9618E-03
4.1272E-03
1.5414E-02
-8.3290E-04
-9.7786E-03
-2.0763E-02
-2.8459E-02
-1.3948E-02
-5.3528E-03
-8.3494E-03
-1.7812E-02
-5.7751E-03
4.7935E-03
-3.3704E-03
-6.6475E-03
-8.4055E-03
-6.9270E-04
-8.8507E-03
-1.4100E-02
-6.1012E-03
-6.2206E-03
-3.1604E-04
1.4574E-02
1.1254E-02
2.3792E-03
1.6747E-03
2.0569E-03
-2.8928E-03
-9.4787E-03
-5.0546E-03
-1.9761E-03
-1.9387E-03
-1.2512E-02
-1.7653E-02
-1.1433E-02
-3.8713E-03
-4.6628E-03
-9.3689E-03
-1.6834E-02
-2.9402E-02
-3.0822E-02
-1.9245E-02
-2.0186E-02
-1.4429E-02
1.8396E-03
2.4267E-03
3.1041E-03
8.5052E-03
1.0323E-02
4.2245E-04
7.0247E-03
1.9753E-02
2.2497E-02
2.1952E-02
2.4490E-02
3.0726E-02
1.3185E-02
1.3250E-03
8.1803E-03
1.6188E-02
2.8905E-02
3.8059E-02
4.0222E-02
3.4767E-02
2.3368E-02
2.2554E-02
2.5852E-02
1.3659E-02
1.1849E-02
1.0748E-02
5.6934E-03
1.2146E-02
2.0879E-02
3.1725E-02
3.2745E-02
2.7164E-02
2.3752E-02
1.0268E-02
1.6868E-02
1.4959E-02
2.0871E-02
1.8606E-02
-3.9730E-03
-1.2804E-02
5.0379E-03
1.0298E-02
1.4830E-02
2.1752E-02
2.6069E-02
2.2771E-02
1.8244E-02
1.6194E-02
1.3010E-02
6.2849E-03
-1.7408E-03
1.5298E-02
3.5811E-02
4.8113E-02
5.2307E-02
5.5902E-02
5.3746E-02
5.4285E-02
5.8556E-02
5.3227E-02
3.2433E-02
2.3287E-02
2.5325E-02
2.2309E-02
3.6201E-02
5.4689E-02
6.1336E-02
7.1808E-02
7.0211E-02
4.9887E-02
3.0773E-02
2.4051E-02
1.0490E-02
8.3084E-03
1.9172E-02
1.8314E-02
2.0106E-02
2.1968E-02
1.4058E-02
6.6964E-03
1.0370E-02
7.9762E-03
4.3368E-04
-1.6402E-02
-3.2403E-02
-3.1242E-02
-1.9800E-02
1.0119E-03
9.2359E-03
1.7861E-02
2.0765E-02
9.4265E-03
-4.8915E-03
-1.0366E-02
-3.0515E-02
-3.2103E-02
-1.7842E-02
-7.7132E-03
-4.6053E-03
8.8170E-03
2.0014E-02
3.2781E-02
2.4465E-02
-6.1460E-03
-2.5414E-02
-4.4240E-02
-5.2549E-02
-4.3536E-02
-3.6236E-02
-2.8225E-02
-2.1117E-02
-9.2104E-03
-1.1441E-02
-3.4758E-02
-4.8330E-02
-5.4587E-02
-6.3116E-02
-6.4853E-02
-5.9452E-02
-4.9724E-02
-4.7678E-02
-5.3672E-02
-5.0495E-02
-4.1500E-02
-3.3534E-02
-4.9680E-02
-6.3454E-02
-4.7003E-02
-3.7106E-02
-1.3623E-02
-1.1444E-02
-9.6011E-03
-4.6733E-03
-5.5374E-03
-3.6781E-03
-3.6968E-03
-9.0780E-03
-9.5995E-03
-3.1437E-03
7.7926E-04
-6.3177E-04
4.6508E-03
1.0753E-02
2.4727E-02
2.5008E-02
2.1280E-02
1.1503E-02
9.8093E-04
1.3608E-02
3.0418E-02
2.9052E-02
3.6479E-02
3.4073E-02
2.9795E-02
3.3140E-02
3.0602E-02
2.5724E-02
1.5680E-02
4.0552E-03
-4.1896E-05
-4.9440E-03
-8.4462E-03
4.1975E-03
1.8159E-02
2.0146E-02
8.9080E-03
-7.4080E-03
-2.0341E-02
-2.8384E-02
-1.9403E-02
-1.8545E-02
-1.9096E-02
-1.3071E-02
-1.0772E-02
-9.0457E-03
-1.2266E-02
-2.2059E-02
-3.6302E-02
-3.9043E-02
-2.6399E-02
-2.0468E-02
-2.4576E-02
-1.8651E-02
-1.4319E-02
-1.0152E-02
-5.0919E-03
-6.7284E-03
1.2442E-04
1.4760E-02
1.9678E-02
1.5109E-03
-1.5560E-02
-1.9537E-02
-2.3976E-02
-1.2752E-02
-2.4954E-03
7.5495E-03
8.0637E-03
-7.5646E-04
-6.2322E-04
9.4690E-04
1.5753E-04
-1.1713E-03
7.0557E-03
1.0268E-02
1.4237E-02
2.5841E-02
3.2453E-02
2.4289E-02
2.7544E-02
3.1950E-02
2.7901E-02
3.2558E-02
3.0813E-02
1.2154E-02
9.7773E-03
5.3710E-03
3.8611E-03
6.6669E-03
5.4058E-03
3.7662E-03
2.1097E-03
6.3108E-03
3.3698E-03
1.8006E-02
2.7855E-02
1.9338E-02
8.7996E-03
6.1059E-03
9.1510E-03
5.8015E-03
5.7808E-03
-7.4795E-03
-1.9211E-02
-1.0762E-02
-1.0824E-02
-2.6992E-02
-3.2774E-02
-1.4676E-02
-7.6833E-03
-1.9547E-02
-1.2958E-02
-6.1452E-03
-2.1053E-03
8.1449E-03
1.2457E-02
4.4336E-05
-8.4410E-03
-3.9091E-03
-1.3593E-03
-7.6886E-03
-1.4790E-02
6.7791E-04
1.1951E-02
8.7731E-03
1.0176E-02
1.4065E-02
1.1078E-02
-1.1796E-03
-4.9762E-03
-1.1727E-02
-9.1457E-03
2.3082E-03
8.3077E-03
-1.5585E-03
-2.1417E-02
-3.3919E-02
-3.2903E-02
-2.3682E-02
-1.5160E-02
-1.4512E-02
-1.3206E-02
-1.0704E-02
-7.7671E-03
-9.2436E-03
-1.8978E-02
-2.8247E-02
-2.6600E-02
-2.2472E-02
-2.4804E-02
-1.7596E-02
-1.5155E-02
-9.9946E-03
-7.6021E-03
-1.3668E-02
-2.4224E-02
-3.4579E-02
-3.4212E-02
-3.6689E-02
-4.5626E-02
-4.1560E-02
-2.6342E-02
-1.7914E-02
-1.6730E-02
2.7410E-03
1.3252E-02
3.2980E-03
-6.3745E-03
-1.3184E-02
-2.6613E-02
-4.2643E-02
-3.5854E-02
-3.3563E-02
-2.4501E-02
-2.4240E-02
-2.1184E-02
-2.7992E-02
-2.7363E-02
-2.1416E-02
-2.2753E-02
-2.4892E-02
-2.8115E-02
-2.6139E-02
-2.6430E-02
-2.1144E-02
-2.2561E-02
-3.0233E-02
-3.7318E-02
-3.0072E-02
-3.5975E-02
-4.8365E-02
-5.0030E-02
-3.8558E-02
-2.5877E-02
-1.6388E-02
-6.8914E-03
-6.1379E-03
-1.0784E-02
2.8667E-04
8.4839E-03
-2.9049E-03
-4.0914E-03
-1.0024E-02
-1.0513E-02
-6.2908E-03
-1.1975E-03
-1.2824E-02
-2.2803E-02
-1.2771E-02
3.6775E-03
1.0353E-02
-1.4947E-03
-1.5046E-02
-1.9483E-02
-7.1023E-03
1.2240E-02
3.8859E-03
-1.0067E-02
-1.7897E-02
-1.2266E-02
-9.4768E-03
2.3702E-03
4.9636E-03
-3.3910E-03
-2.8275E-03
-1.4369E-03
-2.8696E-03
-9.6011E-03
-8.7943E-03
-5.6397E-03
7.7238E-04
1.3117E-03
2.2715E-03
3.4081E-03
-4.9986E-04
5.1633E-03
1.2608E-02
6.3047E-03
2.9168E-03
2.6440E-03
1.2619E-02
9.0824E-03
-1.6365E-03
3.5541E-03
1.1561E-02
1.3915E-02
1.2836E-02
1.4627E-02
3.2155E-02
4.9007E-02
4.2329E-02
2.0530E-02
-1.0304E-02
-4.9302E-03
1.5709E-02
3.8006E-02
3.7292E-02
2.4642E-02
7.9390E-03
6.4372E-03
1.4344E-02
1.7863E-02
9.0642E-03
3.0879E-03
3.8216E-03
4.8229E-03
1.0035E-02
2.1381E-02
1.2068E-02
-4.2896E-03
3.6652E-03
8.6921E-03
1.1906E-02
5.4886E-03
1.2447E-02
1.1596E-02
4.3292E-03
-3.9120E-03
-9.1369E-03
-1.1462E-02
-1.5243E-02
-1.0910E-02
-4.4252E-04
1.9958E-02
7.6897E-03
4.9392E-03
1.5441E-02
1.2933E-02
1.1257E-02
1.4876E-02
1.7991E-02
7.6606E-03
1.0380E-02
2.1461E-02
1.0681E-02
4.2430E-03
4.1568E-03
7.0326E-03
2.0129E-03
6.4980E-03
1.6599E-02
1.0271E-02
-2.3283E-03
-5.3044E-03
2.8398E-03
-4.3005E-04
-3.1885E-04
6.6900E-03
2.1242E-02
2.3329E-02
2.2122E-02
2.9710E-02
3.2207E-02
1.3324E-02
1.2593E-02
2.0039E-02
1.7581E-02
1.5871E-02
1.8578E-02
3.1868E-02
3.8788E-02
4.0436E-02
3.6628E-02
1.8099E-02
2.0000E-03
9.5641E-06
-7.4364E-03
-1.0385E-02
-1.4590E-02
-1.7798E-02
-6.6261E-03
2.6830E-03
1.7317E-02
2.6957E-02
1.6483E-02
-3.9051E-03
-2.1652E-02
-1.6711E-02
1.8657E-03
1.5751E-02
2.5035E-02
1.2121E-02
-2.8931E-03
4.0461E-04
1.8571E-02
1.7053E-02
1.4412E-02
8.7082E-03
3.3041E-03
2.3302E-03
2.3305E-04
-7.8636E-03
-7.0938E-03
7.6400E-03
1.3529E-02
1.2581E-02
1.7780E-02
8.0417E-03
1.0604E-02
1.1614E-02
-1.4387E-03
-4.6139E-03
2.7377E-03
2.0349E-02
2.0965E-02
1.5079E-02
9.3494E-03
1.2925E-02
1.0829E-02
5.5041E-03
-8.9897E-04
-5.6818E-03
-5.1068E-03
2.6252E-03
-1.0287E-03
-1.1489E-02
-1.2777E-02
-3.7378E-03
-1.6979E-04
5.7102E-03
8.8477E-03
-1.0896E-02
-1.3296E-02
-1.0429E-03
2.4475E-02
2.8431E-02
2.1455E-02
7.3060E-03
-2.0349E-03
8.0249E-03
2.1176E-02
2.1363E-02
1.8153E-02
1.6628E-02
1.5928E-02
8.0417E-03
1.2839E-03
4.7390E-03
1.6560E-02
3.0281E-02
2.1884E-02
8.7324E-03
1.0064E-02
1.3317E-02
1.2143E-02
1.0817E-02
-2.6035E-03
-1.2211E-02
-1.1213E-02
2.1572E-03
4.9562E-03
5.0914E-03
3.5871E-03
-7.8410E-03
-1.8694E-02
-1.6593E-02
-2.6076E-02
-2.4369E-02
-1.7240E-02
-2.4576E-02
-2.6624E-02
-2.9835E-02
-2.0955E-02
-1.6161E-02
-1.2095E-02
-3.6917E-03
1.1756E-03
-2.5039E-03
-5.8764E-03
-6.6654E-03
-1.4829E-02
-1.3834E-02
-4.5014E-03
5.7628E-03
7.0317E-03
1.5344E-02
9.8685E-03
-4.0995E-03
-5.6650E-03
4.8449E-03
1.1417E-02
1.6699E-02
1.4226E-02
5.7564E-03
1.4498E-02
1.7949E-02
1.3438E-02
-2.1665E-03
-1.8640E-02
-2.3211E-02
-7.9424E-03
2.0520E-03
-4.4915E-03
-1.4086E-02
-1.7424E-02
-1.5001E-02
-7.2398E-03
-1.4310E-03
-7.5711E-03
-1.0906E-02
2.4679E-03
-6.0726E-03
-1.3627E-02
-7.8726E-03
4.3949E-03
-1.1530E-03
-3.0944E-03
-4.6312E-03
-4.9122E-03
-1.2790E-02
-1.0463E-02
9.1295E-03
1.2824E-02
1.0591E-02
7.4851E-03
7.8972E-03
1.0160E-02
8.5170E-03
1.5095E-02
3.6658E-03
-3.2348E-03
2.5549E-04
1.2188E-02
1.6563E-02
1.3459E-02
1.2166E-02
8.9272E-03
1.7408E-02
1.4710E-02
2.6173E-03
-9.4297E-03
-1.6301E-02
-2.3043E-03
5.7654E-03
1.3293E-02
1.3854E-02
4.6177E-03
1.0076E-04
-8.8521E-04
-1.1759E-02
-1.5229E-02
-1.5453E-02
-1.1820E-02
-3.6315E-03
1.5691E-02
2.0146E-02
9.2969E-03
4.1728E-03
1.7271E-02
1.8477E-02
2.2240E-02
1.7656E-02
1.4472E-02
2.0528E-02
1.8374E-02
2.0909E-02
2.0598E-02
1.0491E-02
4.5953E-03
-6.9832E-03
-6.8807E-03
-1.0909E-02
-3.8921E-03
3.2472E-03
-3.1960E-03
-5.8645E-03
-5.7051E-03
1.2396E-02
2.2016E-02
1.9547E-02
7.4778E-03
-3.2336E-03
-1.6185E-02
-3.1059E-02
-3.7980E-02
-2.4740E-02
-1.5895E-02
5.3928E-03
4.7394E-03
6.2409E-03
-5.8942E-03
-2.0854E-02
-2.3658E-02
-1.7616E-02
-2.8121E-03
6.7113E-03
1.8544E-03
-7.8020E-03
-2.5752E-02
-3.8803E-02
-2.7680E-02
-1.7492E-02
-9.6955E-03
-9.9095E-03
-1.8504E-02
-1.3645E-02
-9.9318E-03
-7.1099E-03
-1.7640E-02
-2.6795E-02
-1.4961E-02
-1.1936E-02
-8.0411E-03
-3.1856E-03
-9.7958E-03
-1.4814E-02
-2.1680E-02
-3.2910E-02
-1.8231E-02
-5.6391E-03
-4.7818E-03
-4.4058E-03
6.1679E-03
2.3909E-02
1.0068E-02
7.2387E-03
1.1615E-02
-3.4553E-03
-1.5680E-02
3.4593E-04
9.6061E-03
1.4387E-02
2.3775E-02
2.9108E-02
1.4070E-02
8.6003E-04
-1.0352E-02
-9.9737E-03
3.2155E-03
8.8492E-03
9.2817E-03
7.9480E-03
7.1598E-03
-5.8954E-04
-6.0962E-03
1.7599E-03
1.2783E-02
1.1709E-02
1.4837E-02
1.3254E-02
1.6238E-02
1.0772E-02
-2.0608E-03
-9.8562E-03
-1.8026E-02
-1.6376E-02
-3.3664E-03
1.5585E-02
1.1512E-02
-9.4507E-03
3.4063E-03
2.7151E-02
2.5189E-02
1.8125E-02
1.4324E-02
1.0362E-02
1.5425E-02
2.0934E-02
1.6166E-02
6.0721E-03
2.3527E-03
1.4783E-02
1.1987E-02
6.5006E-03
6.6678E-03
3.4947E-04
-5.4891E-03
4.3243E-03
4.5862E-03
-4.8054E-03
-1.5900E-03
1.8454E-02
2.7026E-02
2.6026E-02
3.2661E-02
2.6951E-02
6.0472E-03
1.2331E-02
1.7857E-02
1.3482E-02
9.4730E-03
4.8890E-03
1.7419E-02
3.5868E-02
5.1091E-02
4.6054E-02
2.0512E-02
7.4765E-03
7.4590E-03
1.1341E-02
1.6171E-02
1.3728E-02
4.2319E-03
1.6689E-03
-5.8663E-03
4.2494E-03
1.1496E-03
-5.6012E-04
-4.1612E-03
-7.8199E-03
2.2775E-03
4.5930E-03
9.7942E-03
1.0907E-02
2.5335E-03
-3.3136E-04
1.9260E-03
6.8474E-03
-9.5261E-03
-3.6595E-02
-2.4541E-02
-1.0629E-02
-1.0229E-02
-2.7364E-02
-2.5948E-02
-1.9476E-02
-1.7160E-02
-7.2455E-03
-6.2778E-03
-2.8626E-02
-3.7940E-02
-7.3332E-03
5.8708E-03
-1.8306E-03
-5.9523E-03
-1.2469E-02
-1.4604E-02
-2.0378E-02
-4.0888E-02
-3.7553E-02
-2.4807E-02
-2.4745E-02
-2.0306E-02
-1.9621E-02
-1.6352E-02
-2.1262E-02
-1.6402E-02
-1.3973E-02
-1.7232E-02
-2.0469E-02
-1.8847E-02
-1.7443E-02
-6.3542E-05
-1.3696E-02
-3.7506E-02
-3.7763E-02
-3.3552E-02
-2.6793E-02
-1.2146E-02
-1.3269E-02
-2.3847E-02
-2.8854E-02
-9.9355E-03
-1.2834E-02
-2.1012E-02
-2.5746E-02
-3.3630E-02
-2.5654E-02
-1.0449E-02
-5.5188E-03
-6.9112E-03
-8.8087E-03
-1.5556E-02
-1.9484E-02
-1.6949E-02
-1.5842E-02
-2.6011E-02
-2.9028E-02
-1.9452E-02
-1.8947E-03
7.2776E-04
1.8743E-03
-2.5847E-03
-5.0292E-03
-1.0001E-02
-1.1783E-02
-9.8767E-03
3.0674E-04
8.7395E-03
1.7784E-02
1.9134E-02
1.9218E-02
1.8786E-02
1.5903E-02
1.2066E-02
9.5227E-04
-4.0505E-03
-9.3143E-03
-5.0613E-03
5.1599E-03
1.5149E-02
1.0180E-02
-9.6659E-03
-2.2473E-02
-1.7461E-02
-1.4729E-03
-1.4884E-02
-2.0872E-02
-2.4305E-02
-7.8167E-03
-2.1509E-03
-7.1901E-03
-1.5531E-02
-6.6879E-03
9.9514E-03
1.2170E-02
1.4521E-02
1.3334E-02
1.2068E-02
2.7148E-02
3.5833E-02
1.4412E-02
-1.7670E-02
-1.6008E-02
6.7548E-03
9.5271E-03
7.9121E-03
6.6817E-03
1.6833E-02
1.5774E-02
1.4433E-02
2.0366E-03
1.1249E-03
2.0859E-02
2.8036E-02
3.0585E-02
2.6325E-02
1.3340E-02
3.9931E-03
-5.4622E-04
5.0031E-04
-4.4902E-03
6.3793E-03
1.0539E-02
7.1594E-03
8.9850E-03
1.7213E-02
2.7923E-02
2.2607E-02
4.1418E-03
-1.1059E-03
-3.0275E-03
1.3932E-02
2.9197E-02
2.5859E-02
1.9089E-02
1.7563E-02
1.2764E-02
9.7935E-03
7.0387E-03
9.3008E-03
1.7629E-02
2.1158E-02
2.2156E-02
1.6972E-02
1.4952E-02
-7.2153E-04
-1.6692E-02
-7.5339E-03
3.3325E-03
-4.4911E-03
-1.4012E-02
-6.4750E-03
6.2407E-03
1.6485E-02
2.1946E-02
2.1306E-02
-2.2113E-03
-1.6674E-02
-6.1592E-03
-2.0835E-04
-6.5656E-03
-2.1989E-03
6.6109E-03
7.2008E-03
1.1132E-02
2.3561E-02
1.7393E-02
5.8261E-03
-1.1932E-02
-3.5666E-03
1.6380E-02
2.2965E-02
9.0378E-03
-1.1690E-02
-1.4703E-02
-1.1223E-02
6.8645E-03
2.2040E-02
1.4663E-02
7.1288E-04
8.0676E-03
6.4181E-03
3.1055E-03
-6.7188E-03
-1.3949E-02
-1.6906E-02
-1.9683E-02
-7.0183E-04
-2.9168E-03
-7.6683E-03
-9.4538E-03
7.9045E-04
6.9966E-03
8.8383E-03
-1.7137E-03
-1.5684E-04
4.6560E-03
8.5421E-03
1.4538E-02
4.6174E-03
4.9848E-03
7.3714E-03
9.1538E-03
9.4247E-03
2.2475E-03
2.7564E-03
4.7090E-03
4.9246E-03
2.3465E-03
7.7794E-03
-3.6886E-03
9.9502E-04
-1.3949E-03
1.1645E-02
5.7914E-03
-2.4136E-03
-1.1427E-02
-2.0575E-02
-1.5492E-02
-1.9090E-02
-1.2736E-02
-5.6688E-03
-3.3993E-03
1.6154E-02
2.4770E-02
5.3844E-03
-2.7709E-02
-3.6473E-02
-2.6889E-02
-1.3715E-02
-1.2632E-02
-4.5517E-03
1.2434E-03
9.0168E-03
-1.1475E-03
5.4133E-03
2.9157E-03
-1.2700E-03
-4.2810E-03
-1.4812E-02
-1.3545E-02
-1.6736E-02
1.0687E-03
5.4669E-03
3.4600E-03
-3.6918E-03
-2.9253E-03
7.8977E-03
9.2390E-03
3.1604E-03
-2.3062E-02
-3.1747E-02
-2.4579E-02
-1.2246E-02
-9.2341E-03
-1.3189E-02
-1.5525E-02
-1.5305E-02
-9.2464E-03
-5.8924E-03
-1.4847E-02
-4.3382E-03
4.3655E-03
-8.7625E-03
-4.6465E-03
-1.5446E-03
3.1113E-03
2.1340E-02
2.3100E-02
7.0679E-03
-1.0212E-02
3.7469E-03
1.1517E-02
2.4861E-04
-8.4838E-04
5.6628E-05
2.0892E-02
1.9084E-02
2.0140E-02
1.6598E-02
1.0968E-02
-8.0995E-03
-3.0371E-02
-2.8641E-02
-2.0748E-02
-9.7826E-03
-7.3183E-03
-1.6309E-02
-2.1208E-02
-4.0201E-03
-3.2215E-03
-1.1037E-02
-1.5188E-02
-1.4864E-02
-9.8340E-03
-1.8602E-03
6.0251E-03
1.2050E-02
1.9072E-02
2.4425E-02
1.7635E-02
6.9693E-03
-3.4175E-03
-7.9719E-03
-7.7758E-03
-5.1710E-03
-4.3394E-03
-1.4696E-03
3.2158E-03
-1.0055E-02
-1.8075E-02
-1.8562E-02
-1.1656E-02
-1.9263E-03
-1.0844E-03
-1.8916E-02
-3.2961E-02
-2.8855E-02
-1.5577E-02
-2.7309E-03
-6.2163E-03
-1.4380E-02
-2.1175E-02
-5.9239E-03
1.4084E-02
9.6393E-03
-2.7794E-03
-7.0757E-03
-1.0632E-02
-6.4102E-04
6.8583E-03
-6.6635E-05
-1.5825E-02
-1.9586E-02
-1.2453E-02
-9.2095E-03
2.0331E-03
1.6938E-02
1.0530E-02
4.3777E-03
-9.7618E-03
-2.1547E-02
-2.6155E-02
-1.1161E-02
1.7348E-03
8.6267E-03
8.9869E-03
4.9997E-04
1.6891E-03
9.4197E-03
4.0611E-03
-1.1484E-02
-1.2560E-02
-2.3111E-03
-3.6322E-03
2.3782E-03
6.5306E-03
6.3489E-03
1.0311E-02
4.8889E-03
8.5293E-03
8.1160E-03
3.2499E-03
4.0443E-04
-2.9877E-03
-6.5505E-03
-2.1515E-03
-2.4008E-03
1.9851E-03
4.7612E-04
1.3180E-02
2.1479E-02
1.6537E-02
5.0764E-03
6.7864E-03
1.0858E-02
1.9890E-02
1.9799E-02
3.0721E-03
-6.6960E-03
2.2134E-03
7.3124E-03
1.1331E-02
2.2597E-02
1.8167E-02
1.6754E-02
1.7419E-02
1.9495E-02
8.2294E-03
4.0547E-03
4.8076E-03
-5.3884E-03
-6.0180E-03
8.9866E-03
1.6548E-02
1.4899E-02
4.3174E-03
7.2852E-03
-9.2561E-03
-2.3107E-02
-9.8827E-03
-6.3215E-03
6.2230E-05
8.0060E-03
2.1723E-02
1.8036E-02
-3.7303E-03
-2.0169E-02
-1.7856E-02
-7.1581E-04
3.3887E-03
-4.2204E-03
-1.1265E-02
-5.7656E-03
-1.8781E-03
-2.8622E-04
8.7112E-04
-5.2790E-04
-3.2700E-04
1.2349E-02
1.3119E-02
9.0073E-03
8.3778E-04
-6.6479E-04
2.5320E-03
-1.1987E-03
-1.0761E-02
-1.6007E-02
-1.6725E-02
-1.8352E-02
-4.3008E-03
6.5199E-03
-4.7242E-03
-1.1493E-02
-1.4375E-02
-1.9265E-02
-1.8665E-02
-4.3982E-03
-3.7761E-03
-5.4327E-03
-7.2466E-03
-3.5517E-03
-1.5968E-03
8.1112E-03
2.0565E-02
3.1425E-04
-1.2472E-02
-6.2343E-03
6.1349E-03
1.2926E-02
2.9161E-03
-1.2624E-02
-1.1406E-02
-7.4491E-04
1.3393E-02
1.7033E-02
1.4298E-02
1.4423E-02
2.2924E-02
1.8830E-02
9.6335E-03
3.9706E-03
5.4399E-03
1.7098E-02
1.3802E-02
5.2211E-03
-3.7020E-03
-5.8082E-03
-1.1181E-03
1.9261E-02
1.4377E-02
1.4299E-02
1.3885E-02
1.1294E-02
8.9948E-03
1.1899E-02
9.2844E-03
-9.0689E-03
-2.0281E-02
-1.4538E-02
-6.6985E-03
-9.4868E-04
5.2046E-03
1.1599E-02
-2.4382E-03
-9.2947E-03
4.8318E-03
1.9642E-02
1.6624E-02
5.0998E-03
-4.1205E-03
3.6272E-03
1.3699E-02
2.4779E-02
2.1751E-02
1.7738E-02
1.3507E-02
9.5477E-03
6.9927E-03
8.7103E-04
-1.0137E-02
1.7343E-03
2.1505E-02
2.3587E-02
1.0646E-02
3.2038E-03
-8.4875E-04
3.4918E-03
6.8179E-04
2.5223E-03
1.5541E-03
8.8128E-03
7.7147E-03
1.3229E-03
2.7049E-03
7.7084E-03
8.7549E-03
-1.8148E-03
-9.6818E-03
-2.4995E-02
-3.0670E-02
-1.0839E-02
1.0208E-02
1.4837E-02
3.9479E-03
5.5129E-03
1.0071E-02
2.4277E-02
2.6101E-02
2.1789E-02
4.0264E-03
-6.3646E-03
1.8473E-02
3.5788E-02
2.3832E-02
-9.0449E-03
-5.3629E-03
1.5710E-02
2.8179E-02
2.9100E-02
7.4317E-03
-8.1134E-03
-1.4031E-03
1.6473E-02
2.2857E-02
7.6149E-03
-1.3107E-02
-1.5304E-02
1.0780E-03
1.7796E-04
-4.4921E-03
4.6435E-05
5.2258E-03
-4.6604E-04
8.6079E-03
3.1745E-03
-1.0016E-02
-9.6561E-03
5.6582E-03
-6.9224E-03
-2.5825E-02
-2.8999E-02
-2.7133E-02
-1.1466E-02
-2.0681E-03
-6.3251E-03
-1.2492E-02
-2.2320E-02
-2.0271E-02
-1.8414E-02
-1.7513E-02
-1.6938E-02
-1.8022E-02
-1.6133E-02
-8.7488E-03
-1.1078E-02
-1.1893E-02
-8.6606E-03
-4.4126E-03
-3.3589E-03
6.0705E-04
5.8436E-03
2.1207E-03
3.3916E-03
4.2365E-03
7.4740E-03
6.0343E-03
-6.8576E-04
-9.3639E-03
4.2371E-03
4.8027E-03
-1.2473E-02
-2.0871E-02
-2.1476E-02
-5.7816E-03
1.0443E-02
8.7331E-03
-1.1423E-02
-1.4687E-02
-8.0421E-03
-2.0837E-03
6.5241E-03
8.5160E-03
-1.0015E-02
-7.0101E-03
7.2494E-03
7.0948E-03
2.7864E-04
3.7144E-03
-8.9898E-04
-6.9817E-03
-2.7272E-03
-5.7313E-03
-7.0435E-03
-1.0536E-02
-1.0231E-03
1.1598E-02
3.1606E-04
-1.4748E-02
-1.5732E-02
-8.6467E-03
-1.0173E-02
-1.3397E-02
-1.0896E-02
-3.9055E-03
1.5320E-03
2.1550E-02
2.6219E-02
1.7947E-02
1.3301E-02
1.2866E-02
6.6406E-03
-7.2837E-04
-6.0912E-03
5.5272E-03
1.3116E-02
1.0367E-02
1.2724E-02
1.5416E-02
5.8424E-03
3.8904E-03
1.1481E-02
7.9498E-03
-7.9059E-03
-1.0706E-02
-8.2190E-03
-8.7474E-03
3.5556E-03
2.4016E-02
1.5742E-02
1.5055E-02
2.0577E-02
1.6163E-02
1.3260E-02
1.1003E-02
2.6826E-03
-1.6834E-02
-1.5071E-02
-1.2573E-02
2.5604E-03
9.7614E-03
4.0580E-03
-8.2367E-04
8.0458E-03
1.3603E-02
1.0286E-02
-1.6587E-04
-1.3894E-02
-1.8584E-02
-4.2518E-03
2.6058E-03
-7.0183E-03
-8.7856E-03
-2.0052E-03
-6.2620E-03
-4.8100E-03
-4.2085E-03
-6.1531E-03
-1.0025E-02
-9.8386E-03
-1.2246E-02
-2.1629E-02
-1.9451E-02
-7.2028E-03
-4.8885E-03
-1.1466E-02
-2.7957E-02
-4.1668E-02
-2.2369E-02
-1.8136E-02
-1.4022E-02
-1.5801E-02
-1.0678E-02
-8.6661E-03
-1.5021E-02
-1.4005E-02
-1.9435E-02
-1.7057E-02
-2.0865E-02
-1.6948E-02
-7.4959E-03
-1.1099E-02
-1.4033E-02
-4.4901E-03
4.1871E-03
-9.0745E-03
-1.4908E-02
-1.6965E-02
-1.5946E-02
-1.7055E-02
-9.2109E-03
-1.1946E-02
-1.1475E-02
-5.6066E-03
-5.4164E-03
-7.2533E-03
-1.8183E-04
8.4498E-04
1.2447E-03
-1.7670E-03
-4.9000E-03
-4.6709E-03
-1.4408E-03
4.2558E-03
4.4152E-03
8.8086E-03
8.2891E-03
3.8486E-03
-5.3514E-03
-9.0130E-03
-1.3074E-03
7.0547E-03
1.3659E-02
1.5432E-02
1.8283E-02
1.6586E-02
2.8046E-03
1.4957E-03
1.0315E-02
5.7956E-03
6.3630E-03
-4.7393E-03
-1.1156E-02
-1.2018E-02
-1.1268E-02
-3.2058E-04
5.2601E-03
8.4809E-03
1.5506E-02
1.3669E-02
1.0064E-02
2.6861E-03
9.6096E-04
1.6359E-03
8.0325E-03
1.2825E-02
1.0112E-02
8.5064E-03
1.0014E-02
1.2819E-02
1.4798E-02
1.9287E-02
2.0900E-02
1.7810E-02
1.5605E-02
1.3738E-02
1.7108E-02
1.8384E-02
1.6676E-02
1.2593E-02
1.4250E-02
1.7465E-02
9.5046E-03
1.0513E-03
2.9652E-03
4.9101E-03
1.3051E-02
1.0883E-02
4.8119E-03
-1.2727E-03
-1.3306E-03
-2.1027E-03
5.0021E-03
1.2033E-02
3.8086E-03
2.3927E-03
1.8292E-02
1.2654E-02
3.1608E-03
6.6902E-03
1.1532E-02
1.9174E-03
-4.6881E-03
-4.5088E-03
-1.8182E-03
5.4111E-03
4.9079E-03
-1.0951E-02
-9.0406E-03
-1.8406E-03
2.7970E-05
-3.0175E-03
-2.8209E-03
-4.9072E-03
-1.1537E-02
-7.4907E-03
-1.4650E-02
-6.7694E-03
-2.9750E-04
-2.2778E-04
-6.1660E-03
-1.0573E-02
-1.8871E-03
-2.8124E-03
-2.7548E-03
-8.0400E-03
-9.4152E-03
1.6986E-03
4.2859E-03
-3.9355E-03
-8.9518E-03
-5.1067E-03
-4.5657E-03
3.3214E-03
6.9542E-04
5.3944E-04
-6.1599E-03
-4.3514E-03
-9.6483E-03
-1.0621E-02
-7.4386E-03
-5.7002E-03
-4.5603E-04
-3.0941E-03
-1.0004E-02
-9.0046E-03
-1.1384E-02
-6.7757E-03
-5.9303E-03
-1.3080E-03
2.6394E-03
-4.7478E-03
-2.2021E-03
-1.0207E-02
-1.3342E-02
-1.6226E-02
-1.1358E-02
-5.5109E-03
-2.3459E-03
-8.8977E-03
-1.0244E-02
-1.4466E-02
-1.8086E-02
-1.4788E-02
-9.8788E-03
-9.2511E-03
-3.9693E-03
1.9510E-03
2.0099E-03
4.5854E-04
3.2579E-03
4.5380E-03
6.9252E-03
3.3678E-03
1.7776E-03
-6.0997E-03
-1.8619E-03
1.1469E-02
8.3658E-03
1.6899E-03
1.0889E-03
-1.1614E-03
4.7923E-03
6.8169E-03
1.8135E-03
-1.0315E-02
-9.8983E-03
-1.6758E-03
9.8816E-03
1.2190E-02
2.3597E-03
-7.1162E-03
-1.1224E-02
1.9396E-04
1.4089E-02
1.4725E-02
7.1307E-03
-1.8091E-04
7.7118E-03
8.2384E-03
7.2028E-03
5.8510E-03
5.4785E-03
7.7290E-03
1.5686E-02
2.2090E-02
1.8479E-02
8.7892E-03
-9.2261E-04
-5.9691E-03
2.7884E-03
1.3281E-02