7.0010E+03
1.0000E-02
0.0000E+00
-1.2971E-06
-1.8926E-06
-1.8712E-06
3.0632E-06
-1.8317E-06
1.5682E-06
-2.1027E-06
-2.3897E-06
1.0082E-06
-2.6599E-06
-3.2557E-06
1.3752E-06
-4.1376E-06
-1.0464E-06
-2.8703E-06
-1.9282E-06
-1.2936E-06
2.6294E-07
-2.6987E-08
-2.1585E-06
1.2438E-06
-8.8890E-07
5.1374E-08
-1.1566E-06
1.3214E-06
-4.5014E-06
1.2972E-07
7.6175E-07
-2.9046E-06
-7.3429E-07
2.0519E-06
-2.5401E-06
2.4683E-07
2.1082E-06
-1.2522E-06
-3.0778E-06
6.3097E-07
3.6073E-08
6.6922E-07
-2.3351E-07
4.0042E-07
-1.1150E-06
2.5900E-06
-7.7166E-07
-1.6744E-06
-1.6536E-06
4.2056E-06
2.2682E-07
-3.7442E-06
2.4206E-06
-3.2824E-07
-3.6883E-06
2.7842E-06
-1.1916E-06
-3.6321E-06
-2.0753E-06
7.1332E-07
3.8001E-06
-3.8620E-06
1.6916E-06
1.0962E-06
1.1148E-06
-4.0391E-07
-1.9211E-06
5.1703E-06
-6.1839E-06
4.2860E-06
9.2325E-07
-1.2083E-06
9.6358E-07
6.7413E-07
-1.7646E-06
-8.2221E-07
1.3481E-06
-4.7778E-07
-3.2237E-06
7.8980E-07
-1.6463E-06
1.4449E-06
-2.5330E-06
-2.5117E-06
1.8081E-06
-2.7799E-06
6.1997E-07
3.3133E-07
4.5274E-08
3.1344E-06
-1.7609E-06
7.1691E-07
1.3509E-06
4.4842E-07
2.0016E-06
-2.5886E-06
4.8103E-06
-1.9337E-06
2.3903E-07
3.0207E-06
-2.1838E-06
1.8332E-06
-2.9896E-07
2.1780E-06
4.7283E-08
1.9109E-06
-2.0683E-06
-4.1984E-06
3.5044E-06
-7.7768E-07
2.3147E-06
-2.2772E-06
2.3522E-06
-1.0077E-06
2.0829E-06
-9.7077E-07
-2.1803E-06
2.1431E-06
1.2406E-06
2.1804E-06
4.9024E-08
2.5274E-06
7.0287E-07
1.3385E-06
3.8160E-06
2.9128E-06
-5.3688E-06
2.3382E-06
4.5048E-06
-1.9285E-06
-6.7997E-07
1.4918E-06
1.2028E-06
-1.8475E-06
4.3169E-06
3.1752E-08
1.2804E-06
-3.0029E-06
-8.2825E-07
4.4140E-06
-3.8678E-06
3.5296E-06
-1.3707E-06
-1.6559E-06
1.1287E-06
-1.6194E-06
-2.2136E-06
1.1852E-06
-1.8660E-06
2.1485E-06
1.5776E-08
2.4931E-06
-2.5520E-07
-2.3799E-06
6.5506E-06
-5.0231E-07
1.3633E-06
5.9877E-06
-3.8246E-06
1.8976E-07
2.3612E-06
5.3680E-07
1.4745E-06
-3.1059E-06
7.6667E-06
-9.2284E-07
2.7860E-06
3.1090E-06
-1.4801E-06
-5.3934E-07
4.0326E-07
1.9571E-06
-3.5516E-06
2.3061E-06
2.9406E-06
5.0028E-07
2.3667E-06
6.0671E-06
-2.5172E-06
-6.5220E-07
2.1352E-06
4.6130E-06
2.4833E-06
5.5747E-06
2.5204E-06
6.2273E-06
7.1334E-07
1.6611E-06
9.3620E-06
2.0146E-05
2.1707E-05
3.4951E-05
4.4512E-05
6.2046E-05
6.2064E-05
5.9305E-05
3.3217E-05
6.4618E-05
1.0520E-04
1.3843E-04
1.4828E-04
1.3536E-04
9.1736E-05
8.4994E-05
5.7346E-05
8.1977E-05
1.1644E-04
1.3581E-04
6.1721E-05
6.2082E-05
1.7002E-04
2.0194E-04
1.0978E-04
8.3955E-05
4.9588E-05
2.0059E-04
2.6719E-04
1.1449E-04
2.1631E-04
3.4429E-04
4.7073E-04
6.0015E-04
6.1492E-04
6.8046E-04
8.0261E-04
9.7550E-04
1.1624E-03
1.2098E-03
1.4255E-03
1.9369E-03
2.2612E-03
2.6484E-03
2.2545E-03
1.3384E-03
1.3766E-03
1.3655E-03
1.3259E-03
1.3465E-03
6.6031E-04
1.3572E-03
1.7692E-03
9.6657E-04
-5.1671E-04
-8.0321E-04
-5.8432E-04
-1.2305E-03
-2.7094E-03
-1.9536E-03
7.2237E-04
5.0693E-04
-5.6548E-04
-6.3306E-04
2.3628E-04
2.0561E-03
7.0212E-04
-1.7536E-03
1.8093E-03
-1.5185E-03
-8.1959E-04
2.4465E-03
1.3142E-04
1.4478E-03
6.1165E-04
-1.1470E-03
2.7351E-04
1.8653E-03
-2.5268E-03
-5.2107E-03
-3.0686E-03
1.1270E-03
3.2065E-03
-6.9341E-04
-4.0374E-03
-2.2520E-03
-9.1942E-04
1.7764E-04
-2.3871E-03
-4.4449E-03
-3.1324E-03
-3.8935E-03
-3.9076E-03
3.1607E-03
-1.3511E-03
-5.3641E-03
2.7608E-03
6.3814E-04
-7.4789E-03
-6.0743E-03
-4.4094E-03
-3.8795E-03
1.4081E-03
5.6514E-03
2.1921E-03
-2.8001E-03
2.4483E-03
1.3498E-03
-1.8581E-03
9.2729E-04
1.7633E-03
-5.2783E-03
-2.0326E-03
8.8970E-03
3.9072E-03
-3.7433E-03
1.6569E-03
7.2915E-03
4.0173E-03
-6.9534E-03
-2.6750E-03
-5.4905E-04
-1.7931E-03
4.1765E-03
-1.7800E-03
2.6047E-03
7.8656E-03
4.2172E-03
-3.4169E-03
-1.0367E-02
-2.8327E-05
1.8301E-03
-4.4610E-03
-9.9610E-03
-5.1338E-03
8.0275E-04
4.3583E-03
1.1541E-02
-1.5437E-03
-7.7272E-03
8.1164E-03
8.7371E-03
-1.4688E-03
-2.4347E-03
-6.1641E-03
-7.5175E-04
1.0579E-02
1.2205E-02
5.2237E-03
-5.7437E-04
-1.3841E-03
-1.0402E-02
-2.0283E-02
-4.8488E-03
7.1261E-03
4.8943E-04
6.1004E-03
6.7433E-03
2.4119E-03
7.9648E-04
-8.2782E-03
-6.9971E-03
-1.2978E-03
-6.7911E-03
-5.4597E-03
-3.9614E-03
1.9773E-03
7.8776E-03
4.1884E-03
-2.6713E-04
-1.4593E-03
4.3463E-03
-4.8931E-04
-3.6919E-03
2.7452E-03
-1.2771E-03
-7.3770E-03
-3.5004E-03
7.6370E-03
2.0355E-02
1.9456E-02
1.5601E-02
5.8692E-03
5.5625E-03
1.1832E-02
5.7485E-04
-1.5508E-02
-1.1117E-02
-4.3460E-03
-1.2063E-02
-3.5922E-03
2.4921E-03
5.6954E-03
9.7416E-03
6.9193E-03
4.2366E-03
3.9452E-03
4.0941E-03
9.5978E-03
9.2764E-03
8.2162E-03
1.3445E-02
4.7780E-03
-5.2938E-03
-1.1050E-03
1.0981E-04
-7.8265E-04
-1.2300E-03
1.6421E-03
4.4926E-04
-5.0477E-03
1.8864E-02
1.1848E-02
-1.0733E-02
2.7919E-03
7.0439E-03
-4.0682E-03
1.6877E-03
-1.8219E-02
-2.8579E-02
-2.1481E-02
-1.9126E-02
-6.2823E-04
-8.4986E-03
-1.0512E-02
2.0095E-02
1.9712E-02
1.0855E-02
6.8729E-03
1.1878E-02
3.3403E-02
3.9640E-02
1.6951E-02
-2.0866E-02
6.4087E-03
1.9117E-02
-6.6174E-03
-1.9401E-02
-5.3403E-02
-4.6296E-02
-3.7035E-03
-1.2841E-02
-3.4261E-02
-2.1372E-02
2.7473E-02
3.9922E-02
4.0075E-02
3.9269E-02
1.8199E-02
2.8316E-02
2.7110E-03
-6.3157E-02
-2.3473E-02
-5.7698E-02
-2.1377E-02
-4.2955E-03
-6.1434E-02
6.3589E-03
3.1751E-02
7.0792E-02
1.2402E-02
-3.9445E-02
5.1092E-02
1.5746E-02
-3.3043E-03
-4.1810E-02
-9.7998E-02
-6.6165E-02
-2.4307E-02
-6.9220E-02
-5.1857E-02
2.5768E-02
4.1287E-02
1.1916E-01
6.5980E-02
5.9946E-02
7.1156E-02
6.1578E-02
-2.4316E-02
-1.2382E-01
-2.4978E-02
3.9950E-02
1.9446E-02
-6.1518E-02
1.1810E-02
1.0153E-01
1.7208E-02
-3.2275E-02
-3.5899E-02
4.1415E-03
5.4334E-02
3.8437E-02
-7.5096E-02
-2.8155E-02
2.5176E-02
-2.8514E-03
-3.5188E-02
-5.7297E-02
-1.7986E-02
7.6420E-02
1.2966E-01
1.4333E-01
8.7459E-02
2.3473E-02
-3.7681E-02
-1.8159E-01
-2.1129E-01
-9.3002E-02
2.8534E-03
1.3436E-02
8.6944E-02
1.7438E-01
9.3177E-02
2.1174E-02
1.3828E-03
-5.0139E-02
-5.0544E-02
-1.2918E-02
4.5807E-02
1.5815E-01
1.9362E-01
1.0019E-01
3.8186E-02
-1.9719E-01
-2.6762E-01
-5.3568E-02
1.5656E-03
-1.0698E-02
1.6498E-01
3.4826E-01
2.7531E-01
1.2392E-01
-4.4823E-03
-1.0357E-01
-1.2699E-01
-9.5585E-02
-7.1984E-02
-5.0274E-02
-4.1884E-02
5.3722E-02
9.0016E-02
-3.0913E-02
1.2823E-02
6.0473E-02
3.3630E-02
1.4009E-01
7.2778E-02
2.2783E-02
2.8766E-02
8.6158E-02
1.3294E-01
4.3031E-02
-7.8334E-02
-1.9185E-01
-1.5413E-01
-6.4767E-02
-8.5185E-02
-7.3689E-02
1.1209E-01
1.5118E-01
1.9171E-01
1.8557E-01
1.0145E-01
9.2429E-03
6.3106E-02
1.2265E-01
-6.6489E-02
-1.1770E-01
1.4612E-02
-2.3502E-02
-2.8531E-02
2.8231E-02
-3.2523E-02
-5.0445E-02
-4.7288E-02
-7.0212E-03
-2.2869E-03
-1.1308E-01
-5.0880E-02
-3.4254E-02
-1.3320E-01
-1.5922E-01
-1.0724E-01
-7.5313E-02
-3.7941E-02
4.4580E-02
2.1575E-02
-6.3665E-02
-7.4785E-02
-5.1647E-02
-9.6876E-02
-6.2134E-02
-2.1689E-02
-1.1872E-01
-2.0504E-02
1.5430E-01
1.3045E-01
8.9225E-02
-4.4451E-02
-1.4702E-01
-1.9635E-01
-2.3278E-01
-5.4688E-02
8.7155E-02
1.8521E-02
1.5574E-01
2.2041E-01
6.5637E-02
-2.3082E-02
-5.8082E-02
-1.1583E-02
-9.3423E-03
-7.1041E-02
-1.5532E-02
1.3638E-01
1.5996E-01
1.2152E-01
1.9486E-01
1.6260E-01
-1.4437E-02
8.1079E-03
1.4585E-01
7.1739E-02
-1.1561E-02
3.5337E-02
2.3298E-01
2.2830E-01
8.7333E-02
-5.4550E-02
-8.4709E-02
-7.5718E-02
-3.7880E-02
-5.8853E-02
1.4701E-01
2.3105E-01
4.8238E-02
6.4720E-02
-7.6777E-02
-9.4460E-02
5.8875E-03
1.2589E-01
-5.1742E-02
-1.8438E-01
-6.1539E-02
-6.4210E-02
-1.4573E-01
-2.1775E-01
-7.6935E-02
5.0651E-02
8.2028E-02
-5.0283E-03
5.9258E-02
9.6432E-03
-1.3244E-01
4.6855E-02
3.5141E-02
-6.8491E-03
1.1722E-02
-7.9396E-02
9.2561E-03
1.5660E-01
1.5587E-01
-8.3552E-02
-3.1698E-01
-1.6257E-01
-1.3610E-01
-4.7866E-02
2.4819E-01
1.7590E-01
-1.4700E-01
-1.5349E-01
9.1827E-03
-2.6314E-01
-4.8736E-01
-4.1253E-01
-2.9952E-02
1.9792E-01
1.5156E-01
2.2008E-01
2.0144E-01
1.0601E-01
-1.0910E-01
-1.0897E-01
4.0028E-02
-2.1180E-02
-1.0014E-01
-2.4588E-03
1.0232E-01
1.4742E-01
2.1953E-03
-1.5714E-01
-3.6749E-01
-4.1379E-01
-1.5646E-01
1.8723E-02
-1.4134E-01
-4.3537E-01
-4.3080E-01
-1.1163E-01
-1.0335E-01
-2.7651E-01
-7.9281E-03
1.0693E-01
4.1341E-03
9.3831E-02
1.2994E-02
-3.4511E-01
-2.2014E-01
4.8874E-03
-6.8279E-02
-1.6539E-01
-1.5224E-01
1.0721E-01
4.5167E-03
-2.6281E-01
-2.6027E-01
-9.1905E-02
-1.0913E-01
-1.1623E-01
-3.5515E-02
1.3104E-02
1.1574E-01
4.5427E-02
8.0450E-03
-7.1502E-02
-1.8178E-01
-3.3957E-02
-1.1663E-01
-3.1483E-01
-1.5402E-01
9.6638E-02
1.2092E-01
2.2169E-01
2.1238E-01
6.2469E-02
6.8812E-02
1.7531E-01
2.0643E-01
2.0020E-02
-7.1725E-02
6.4455E-03
-9.9599E-02
-2.1188E-01
-3.2684E-01
-3.6655E-01
-2.6615E-01
-1.7084E-01
-1.2794E-01
-4.2250E-02
8.4427E-02
3.6629E-02
4.9955E-02
2.7855E-01
2.4985E-01
1.3421E-01
1.2732E-01
3.3988E-02
-2.1480E-01
-2.6718E-01
-1.0875E-01
1.1466E-01
-7.2904E-02
-1.7102E-01
1.5868E-01
2.2499E-01
-1.8632E-02
-1.9746E-01
2.0790E-02
1.4391E-01
1.1471E-01
8.4012E-02
1.8139E-01
1.3820E-01
1.4080E-01
4.2629E-02
3.3258E-02
8.8765E-02
-1.0804E-01
-7.4691E-02
1.1172E-01
5.4975E-02
7.0198E-02
2.9427E-01
2.7045E-01
1.2345E-01
-6.3691E-02
-2.1611E-01
-2.2954E-01
-1.0055E-01
1.0804E-01
1.6685E-01
1.2852E-01
1.1915E-01
1.0106E-01
1.9594E-01
1.6922E-01
4.8995E-02
1.8513E-01
1.6867E-01
-5.7794E-02
-3.2134E-02
8.3228E-02
1.0413E-01
2.2768E-01
2.4740E-01
2.4283E-02
-3.3613E-02
-6.7037E-02
-1.6623E-01
-1.4265E-01
-1.0974E-01
-1.5977E-01
-1.3186E-01
7.5373E-02
1.2918E-01
2.5542E-02
-1.3213E-01
-1.1259E-01
1.0861E-01
1.5152E-01
1.8303E-01
2.8369E-01
2.1971E-01
3.4121E-02
-9.7250E-02
4.0319E-02
6.1485E-02
1.2814E-01
2.0120E-01
7.6134E-02
7.7406E-02
1.6296E-01
1.5482E-01
4.1800E-02
1.0474E-02
1.6752E-02
1.4241E-01
1.6518E-01
4.9934E-03
6.0155E-02
5.6620E-02
3.1151E-02
-3.0284E-02
-4.0265E-02
-8.7865E-02
2.0088E-02
1.7066E-01
3.3304E-02
-1.0310E-01
-4.2941E-02
1.1640E-02
-8.4651E-02
-9.6068E-02
-5.3149E-02
1.3619E-01
2.4553E-01
1.8019E-01
-1.8599E-02
-9.3293E-02
-1.2954E-01
-1.2117E-01
-4.1001E-02
3.8832E-03
-1.1708E-01
-1.3635E-03
1.1556E-01
-9.1228E-04
9.0149E-02
1.7736E-01
5.9868E-02
2.4602E-02
-1.5315E-01
-1.1838E-01
4.0887E-02
4.7800E-02
6.5107E-02
1.6989E-01
1.5174E-01
1.3374E-02
4.5788E-02
8.7306E-02
7.2846E-02
1.9202E-01
1.9937E-01
4.8067E-02
-6.1767E-02
-6.0244E-02
-4.3464E-02
-5.7712E-02
2.8774E-02
1.5277E-01
1.2739E-01
1.2890E-01
2.2721E-01
1.0538E-01
8.0955E-02
4.9070E-03
-1.8450E-01
-1.5572E-01
2.1071E-02
1.6177E-02
6.7468E-02
1.2271E-01
6.6311E-02
3.1355E-02
-3.7898E-02
-6.8279E-02
-1.3335E-01
-1.8033E-01
-1.7374E-01
-3.5243E-02
1.1780E-01
1.5680E-01
1.4002E-01
5.7927E-02
1.0475E-01
3.7514E-02
5.1563E-02
9.4821E-02
4.9785E-02
-5.0659E-02
-7.7872E-02
1.6281E-01
3.2574E-01
1.5993E-01
4.3761E-03
-6.2613E-02
-5.0396E-02
-3.6951E-02
9.7308E-02
1.5358E-01
2.0651E-01
1.2044E-01
-1.9498E-02
2.0586E-02
1.2546E-02
-9.3523E-02
-1.9157E-01
-5.3094E-02
-3.6721E-02
-2.8652E-02
-8.2620E-03
6.0223E-02
-5.0993E-02
-1.1306E-01
-3.5539E-02
-2.8636E-02
7.8732E-02
5.1854E-02
-5.1683E-02
-2.5900E-02
1.0869E-01
7.2576E-02
1.7288E-02
7.3644E-02
-7.6283E-02
-1.4203E-01
-7.5469E-02
-1.2142E-01
2.1865E-03
1.1267E-01
-7.7679E-03
-6.8775E-02
-7.8689E-02
-4.0696E-02
-1.2999E-01
-2.4161E-01
-3.7047E-02
1.5794E-01
1.5403E-01
1.1081E-01
7.1993E-03
-9.7129E-02
-1.0318E-01
-1.0914E-01
-1.1841E-01
-4.3479E-02
-5.1430E-02
-1.3017E-01
-6.1469E-02
-7.0909E-02
-1.0193E-01
-4.8437E-02
5.4468E-02
9.2709E-02
-1.1406E-01
-3.9198E-02
1.2144E-01
6.9163E-03
-8.1428E-02
1.7196E-02
6.9205E-02
-4.7329E-02
-7.2083E-02
-5.4455E-02
-9.2922E-02
-9.7137E-02
-1.9632E-01
-1.7606E-01
-6.7690E-02
-1.3247E-01
-1.5664E-01
-1.2133E-01
-2.3282E-02
3.5422E-02
-3.8088E-02
-4.6616E-02
-5.1314E-02
-6.6652E-02
-2.2553E-02
-2.7644E-02
-3.8220E-02
-1.2219E-01
-1.1615E-01
-1.1697E-01
-6.1567E-02
8.6767E-02
-8.1996E-02
-2.7808E-01
-1.2351E-01
-1.5101E-02
-1.1490E-01
-1.6183E-01
-5.7927E-02
-6.4667E-02
-7.9774E-02
-5.0411E-02
-5.4047E-02
-2.5143E-02
1.3919E-02
1.8355E-02
-5.6863E-02
-7.9975E-02
3.1896E-02
1.9852E-02
-2.9672E-03
4.3444E-02
7.1523E-03
2.7953E-02
1.0751E-01
7.7236E-02
1.8297E-02
-4.7512E-02
-1.2391E-01
-1.2508E-01
-7.3841E-02
2.7395E-02
4.0749E-02
4.8519E-02
1.5082E-01
1.3369E-01
1.8866E-02
-1.3388E-04
-3.4925E-02
-5.9111E-02
-3.7424E-02
2.2964E-02
2.8899E-02
5.4341E-02
6.0881E-02
6.2062E-02
2.8152E-02
2.4299E-02
8.4402E-02
1.1331E-01
9.9445E-02
-1.2892E-02
-5.5076E-02
-4.8597E-02
-5.7839E-03
9.1814E-02
2.9905E-02
-4.6766E-02
-6.6772E-02
-4.5742E-02
-5.0724E-03
7.5594E-02
6.3426E-03
-1.0434E-01
2.5710E-02
5.8139E-02
-5.9047E-02
-2.5387E-02
1.1002E-01
5.4057E-02
-6.3691E-02
-9.7453E-02
-7.3007E-02
-5.7866E-04
5.1566E-02
7.0817E-02
1.6191E-01
2.0575E-01
7.4252E-02
5.2300E-04
4.3983E-02
1.0069E-01
4.3333E-02
-3.7892E-02
-1.1560E-02
1.4258E-02
5.2073E-03
2.1205E-02
-7.5467E-02
-1.3360E-02
5.2201E-02
-7.9209E-02
-8.3418E-02
-7.2333E-02
-1.2530E-01
-5.1685E-02
9.7007E-02
7.7004E-02
3.4411E-02
1.9241E-02
1.0352E-03
-8.1584E-03
-4.0648E-02
-1.0878E-01
-6.4685E-02
7.8696E-02
1.6565E-02
6.9682E-02
1.7897E-01
-3.4689E-03
-1.0728E-01
3.1207E-02
5.6932E-02
-1.4050E-01
-1.6216E-01
3.8243E-02
1.0300E-01
1.2553E-01
7.0734E-02
6.3416E-02
1.2524E-01
4.1773E-02
-4.8946E-02
-1.1444E-02
2.2194E-02
3.8296E-04
-5.1866E-02
-2.9432E-02
5.9567E-02
-1.8561E-02
-1.0494E-01
-9.9891E-02
-5.2111E-02
-5.7603E-02
-6.5484E-02
1.4389E-02
-4.9598E-02
-2.8230E-02
3.9873E-02
-7.7196E-02
-1.2270E-01
-4.7696E-02
5.9436E-02
1.5728E-01
1.1399E-01
-9.2543E-02
1.2829E-02
5.2907E-02
-1.0838E-01
-4.1435E-02
7.1788E-02
4.0185E-02
-1.8818E-03
2.7713E-02
-3.5277E-03
-4.2967E-02
2.9520E-02
8.0598E-02
5.0159E-02
4.9065E-02
7.1835E-02
-4.1706E-04
-4.9544E-02
3.4018E-02
-1.7498E-02
-4.3317E-02
-3.2628E-03
1.3588E-02
1.4155E-01
1.9569E-01
5.6128E-02
1.5740E-02
6.6690E-02
-5.1223E-03
-1.0409E-01
-1.2148E-01
-4.1673E-02
1.1888E-02
6.2446E-02
4.4193E-02
8.5182E-04
-2.5457E-02
-8.6163E-02
-3.3980E-02
1.8176E-03
-5.2545E-02
-6.4863E-02
-1.5976E-02
2.8190E-02
-3.7613E-02
1.0317E-01
1.0014E-01
-1.3361E-03
9.9185E-03
2.8512E-02
-2.6102E-02
-8.6884E-02
2.2113E-02
1.6601E-02
-4.9184E-02
-4.4431E-02
-2.5999E-02
2.0169E-02
5.2270E-02
-6.1250E-02
-1.7822E-02
7.6352E-02
7.0945E-02
7.0034E-02
-1.7899E-02
2.9162E-02
1.1855E-01
1.5354E-02
2.1225E-02
8.5055E-03
-1.4634E-02
3.8805E-02
6.1101E-02
7.6194E-02
2.6093E-03
-4.5548E-02
-6.6834E-02
-2.1506E-02
3.7265E-02
-7.9893E-03
-1.2952E-01
-6.4135E-02
3.1188E-02
2.5225E-02
2.4348E-02
-2.5199E-02
-5.3343E-02
-8.9414E-02
-2.6873E-02
-5.3322E-02
-1.2628E-01
-1.3483E-01
-8.0009E-02
4.0383E-02
6.1356E-02
-3.4551E-02
2.3375E-03
1.8757E-02
4.9199E-03
3.5415E-02
1.6818E-02
-2.8993E-02
-2.9047E-02
6.0951E-02
1.1154E-01
5.8410E-02
7.6235E-02
5.3105E-02
6.6812E-02
5.2102E-02
-7.0726E-02
-3.1627E-02
-2.9681E-03
-3.2966E-02
5.4616E-02
1.5562E-01
9.5108E-02
1.0195E-01
3.9435E-02
-7.9460E-02
-1.6805E-02
-4.3741E-02
-1.0020E-01
6.2920E-03
1.5107E-02
1.3527E-02
6.1096E-02
3.9855E-02
-1.4711E-02
1.5623E-02
-7.6794E-04
-3.8674E-03
6.6584E-02
7.4683E-02
-6.9270E-04
-4.3645E-02
-4.0994E-02
5.6365E-02
1.4219E-01
1.9699E-02
-1.3582E-01
-1.0029E-01
-1.8298E-02
2.6021E-02
9.0910E-02
4.7775E-02
4.4984E-02
1.3484E-01
1.3380E-01
-1.1044E-02
-1.0356E-01
-6.6555E-02
-1.3192E-01
-2.3308E-01
-5.5757E-02
-5.4037E-03
-4.9992E-02
2.4788E-02
1.5691E-01
1.9295E-01
3.6112E-02
6.3344E-02
4.0162E-02
-7.3740E-02
-1.3707E-02
8.9736E-02
4.8839E-02
4.0871E-02
1.1584E-01
3.8506E-03
1.5542E-02
1.3700E-02
-8.6905E-02
-1.3718E-01
-1.0655E-01
-5.5807E-02
-4.7658E-02
5.1075E-02
5.0307E-02
8.7617E-02
7.7930E-02
-3.6567E-02
-2.2647E-02
-1.9169E-03
-4.5245E-02
3.7639E-03
2.4461E-02
-3.0134E-02
1.1235E-02
-3.4688E-02
-5.7278E-02
7.4365E-02
1.6218E-02
-9.2903E-02
-4.3525E-02
2.7608E-02
-2.4399E-03
-5.9968E-02
-1.3720E-02
6.2762E-02
9.9576E-02
6.8600E-02
-2.3706E-02
-7.7833E-03
1.7882E-04
-7.0805E-02
-9.3133E-02
-1.2798E-02
-5.8166E-02
-7.2448E-02
4.8037E-02
2.7785E-02
-2.9039E-02
-9.1953E-02
-9.5331E-02
-1.8027E-02
1.2193E-02
3.6633E-02
-6.1604E-04
-9.6599E-02
-5.7173E-02
8.9029E-02
1.1487E-01
4.6516E-02
1.0990E-02
-4.5866E-02
-4.8381E-02
5.8627E-02
1.2405E-01
9.0172E-02
4.8159E-02
1.4451E-02
1.2638E-02
2.8821E-03
-1.2382E-02
1.0984E-02
-3.7355E-03
-2.1571E-02
-1.1325E-02
-7.3177E-02
-7.2020E-02
-6.0860E-03
9.7110E-02
9.8046E-02
-7.8074E-03
-2.6123E-02
-3.5926E-02
-7.6833E-02
-1.3267E-01
-6.7064E-02
-2.1004E-02
-6.7113E-02
-6.5109E-02
-1.9346E-02
-3.8488E-02
-5.7972E-02
-1.2799E-02
-5.7549E-03
-7.0091E-02
-1.1466E-01
-1.0612E-01
-5.2926E-02
-5.1619E-03
2.0613E-02
1.6561E-02
1.8327E-02
8.2373E-02
6.4687E-02
-4.5784E-03
-6.8562E-02
-6.9120E-02
-4.1137E-02
-2.1153E-02
5.0666E-03
-4.5440E-04
-1.7915E-02
-1.1983E-02
-2.6414E-02
6.3180E-03
2.2169E-02
-4.2434E-02
-9.3356E-02
-1.0438E-01
-4.1947E-03
5.4727E-02
5.5013E-03
7.8643E-02
1.0554E-01
2.8678E-02
-1.1698E-02
-2.9235E-02
-3.7041E-02
-6.0294E-02
-7.5214E-02
-1.7177E-02
1.5689E-02
-2.2056E-02
7.4693E-03
2.3175E-02
-3.0481E-02
-1.5989E-02
2.1068E-02
1.9444E-02
2.7315E-02
-5.0091E-03
2.0036E-02
8.9545E-02
3.2298E-02
-3.1862E-02
1.8685E-02
5.2645E-02
-1.5434E-02
-3.4940E-02
1.4889E-02
2.2921E-02
-4.5176E-04
-3.8926E-03
4.9479E-03
-2.3330E-02
-4.3859E-02
1.2082E-02
8.7822E-03
-6.6191E-03
1.9852E-02
1.0008E-02
2.3819E-02
6.2965E-03
-3.9020E-02
-1.2264E-02
1.9196E-02
2.4591E-02
3.3898E-02
2.5531E-02
3.0776E-02
1.6725E-02
5.9892E-03
4.4596E-02
2.8896E-02
-7.8197E-03
-9.0401E-03
-5.2031E-03
-3.6910E-02
-1.9658E-02
1.4735E-02
-6.9303E-03
9.4624E-03
2.4632E-03
-3.8345E-03
-3.2466E-02
-4.6802E-02
-1.8282E-02
-1.2674E-02
3.7160E-02
5.9394E-02
-3.0223E-03
-2.7561E-02
-9.9649E-03
4.5002E-02
5.8018E-02
5.0845E-02
5.3381E-02
4.4634E-02
4.0828E-02
6.4597E-02
4.5579E-02
4.8987E-02
4.9404E-02
2.3812E-02
2.1258E-02
3.5542E-02
3.9972E-02
4.3857E-03
-6.3161E-02
-5.3364E-02
1.7129E-02
3.4345E-02
-2.1406E-03
-5.5498E-03
1.4853E-02
1.3953E-03
5.9405E-03
-1.3809E-02
-1.5027E-02
-1.0389E-02
-4.7954E-02
-7.1148E-02
3.8292E-02
7.3323E-02
2.6024E-02
2.1763E-02
-2.1939E-03
-1.3785E-02
-2.3323E-02
-4.2729E-02
-3.0761E-02
-4.8413E-03
-3.5670E-02
-5.0814E-02
-4.7432E-03
1.4884E-02
-1.7032E-03
7.9753E-03
1.6233E-03
-1.3407E-02
-1.7462E-02
-3.4482E-02
9.3808E-03
4.1779E-02
4.8022E-02
4.6972E-02
2.1023E-02
-1.5464E-02
-2.6872E-02
-3.4753E-02
-4.1446E-02
-3.5888E-02
-1.1629E-02
-4.0275E-03
-5.8514E-03
-1.6187E-02
-2.6579E-02
-1.4338E-03
1.8545E-02
-1.4087E-02
-2.1616E-02
-2.4607E-02
-7.2967E-02
-3.9351E-02
1.8335E-02
3.4486E-02
4.5248E-02
1.6953E-02
-3.5623E-02
-3.7027E-02
-3.8290E-02
-3.0480E-02
2.7297E-02
8.8528E-03
5.2843E-03
6.7518E-02
3.8594E-02
-4.8490E-03
2.1652E-02
1.5367E-02
-6.3924E-03
-4.3245E-04
7.9628E-03
2.3351E-02
5.3962E-02
7.3868E-02
5.2768E-02
7.0191E-02
1.5589E-02
-8.2408E-02
-9.3080E-02
-2.7077E-02
-1.2335E-02
1.8232E-02
3.7965E-02
-7.3057E-03
-7.6430E-03
-2.4145E-02
-2.1463E-03
1.2605E-03
-6.4298E-02
-9.4792E-02
-8.9584E-02
-3.0437E-02
-1.2998E-02
-2.2986E-02
3.7778E-02
6.1763E-02
-1.0451E-02
-5.7169E-02
-2.6462E-02
-3.9041E-02
-1.3567E-02
4.3879E-02
4.2596E-02
4.4282E-02
5.8463E-02
2.4861E-02
-3.5587E-02
-4.7157E-02
-5.0627E-02
-3.3683E-02
8.3996E-03
5.7883E-03
-3.6157E-03
2.1774E-02
1.8453E-02
1.2803E-02
7.0679E-03
-4.4820E-02
-4.9869E-02
1.3487E-03
3.1256E-02
3.5638E-02
3.8393E-02
5.5324E-02
6.3302E-02
3.7004E-02
4.1713E-03
-3.8644E-02
-3.8211E-02
-1.8625E-03
1.1879E-02
2.4073E-02
5.2942E-02
2.1178E-02
-9.2482E-03
-2.0367E-02
-3.3819E-02
-2.6023E-02
-3.3683E-02
-4.5125E-02
-2.1540E-02
5.4032E-03
9.2434E-03
1.3516E-02
2.3895E-02
1.8249E-02
2.9465E-02
1.8119E-02
-1.6411E-02
-1.9046E-02
2.7832E-03
1.9264E-02
3.5329E-02
7.7267E-02
5.8484E-02
2.4112E-02
3.3358E-02
1.9523E-02
1.0421E-02
4.4191E-02
4.4511E-02
5.8911E-02
3.5941E-02
2.7595E-02
4.9064E-03
1.7800E-02
4.9227E-02
-7.9137E-03
-2.2232E-02
-1.3894E-02
-2.8216E-02
-3.5869E-02
-2.8344E-02
-3.9804E-02
-5.5711E-02
-5.6848E-02
-3.2748E-02
-2.5690E-02
-5.7196E-02
-3.3823E-02
-2.1110E-02
-2.3941E-02
5.7295E-04
1.7341E-02
7.0999E-04
-2.2096E-02
-2.0394E-02
-2.1446E-02
-2.7722E-02
-1.6769E-02
-1.0844E-02
-1.8846E-02
-1.1023E-02
5.0612E-02
5.3611E-02
3.4139E-02
4.6397E-02
1.8476E-02
-1.2960E-02
-6.3124E-02
-1.0214E-01
-6.1866E-02
3.4735E-03
2.6337E-02
4.0759E-02
2.9606E-02
3.7259E-02
3.5937E-02
7.0870E-03
3.8323E-03
2.8494E-03
2.7305E-02
4.4579E-02
1.6263E-02
-5.1438E-03
1.9155E-02
1.6620E-02
-1.8208E-02
-3.1184E-02
-5.1021E-02
-5.9780E-02
-4.8154E-02
-8.8992E-03
1.2435E-02
3.4313E-02
3.1666E-02
7.9258E-03
1.3631E-04
-8.2252E-03
-1.3099E-02
-3.6533E-03
-2.1634E-03
-2.7447E-02
-1.5360E-02
-2.5014E-02
-4.2280E-02
-1.7011E-02
-6.0637E-03
-2.3304E-02
-2.5627E-02
-7.6251E-03
-2.2522E-02
-2.2961E-02
-2.5894E-02
-3.2909E-02
-3.0275E-02
-1.2644E-02
2.3300E-02
1.5878E-02
-3.3308E-04
-6.0229E-04
-5.4658E-03
-3.6991E-04
1.9702E-02
1.7235E-02
1.4698E-02
1.7026E-02
8.8109E-03
-3.4338E-03
-7.2699E-03
3.1884E-02
3.7626E-02
2.5587E-02
4.4695E-02
3.0036E-02
2.0035E-02
2.8606E-02
4.0964E-02
4.1483E-02
2.7070E-02
2.1928E-02
2.1386E-02
1.8137E-02
-1.0884E-02
5.3389E-03
2.4321E-02
-5.4805E-03
1.0033E-02
1.1097E-02
1.5126E-02
4.2203E-02
3.4324E-02
2.1405E-02
2.9406E-02
2.2597E-02
1.0837E-02
-9.8022E-03
-3.4187E-02
-3.7958E-02
-4.4548E-02
-3.8814E-03
1.5307E-02
1.8124E-02
1.7547E-02
1.0426E-03
3.3896E-03
-8.9930E-03
-6.8466E-03
2.1672E-03
7.1116E-03
1.7573E-02
1.2358E-02
3.0677E-02
3.1600E-02
7.7889E-03
-1.7949E-02
-4.1491E-02
-3.2957E-02
-2.1984E-02
-5.2169E-03
-3.9463E-03
-2.0038E-02
-3.2634E-02
-1.0466E-02
4.4152E-03
-7.4826E-04
-1.1962E-02
8.7010E-03
-1.2060E-02
-3.6232E-02
-1.8429E-03
-1.2438E-02
-1.2139E-02
2.3271E-02
2.2669E-02
8.9462E-03
4.8321E-03
-1.1923E-03
-1.4229E-03
-3.1668E-02
-1.8907E-02
2.0640E-02
4.4695E-03
-5.3591E-04
5.0940E-03
1.1517E-02
2.8580E-02
1.8560E-02
6.1561E-03
-3.1874E-02
-3.2307E-02
1.6466E-02
2.2406E-02
2.3335E-02
3.4740E-02
-2.6325E-03
-1.6173E-02
2.0881E-02
-3.0257E-03
-8.0339E-03
5.1346E-03
-1.4891E-02
-2.1510E-02
-2.6688E-02
-1.6190E-02
-2.0476E-02
-1.9779E-02
-3.4439E-02
-7.1075E-02
-3.9294E-02
-9.4323E-03
-2.6484E-02
-8.3446E-03
1.3324E-02
3.1106E-02
1.8865E-02
-1.0384E-02
-2.8055E-02
-5.5651E-02
-5.7168E-02
-5.7613E-02
-6.1947E-02
-2.8250E-02
-2.7823E-02
-1.8552E-02
-1.8463E-02
-4.1604E-02
-9.0300E-03
-7.2271E-03
-1.9574E-02
-3.9426E-02
-5.4917E-02
-2.0841E-02
-4.7539E-03
-2.2856E-03
1.8949E-02
7.9836E-03
1.5129E-02
2.5770E-02
-2.4905E-03
-9.5127E-03
2.7571E-03
-1.0968E-02
-1.8097E-02
-4.0637E-02
-3.2580E-02
2.9186E-04
-7.3962E-03
-2.0486E-02
1.8237E-03
1.3583E-02
4.1884E-03
5.3346E-03
-2.5303E-02
-4.7940E-02
-1.5316E-02
3.4876E-02
5.7178E-02
3.3129E-02
1.0489E-02
4.0874E-03
-3.8927E-03
2.7221E-02
3.9933E-02
1.0360E-03
-1.8310E-04
1.4043E-02
3.3592E-02
2.8321E-02
1.9998E-02
2.1529E-02
-1.0333E-02
-2.6207E-02
-2.3040E-02
-1.3007E-02
1.0112E-02
4.6764E-04
-1.7021E-02
3.3745E-02
2.1137E-02
-2.6216E-02
-1.3628E-02
-2.0036E-02
-3.1737E-02
-1.4826E-02
1.5037E-02
3.4009E-02
3.1155E-02
3.9397E-02
3.1625E-02
-1.1506E-02
-4.3918E-02
-6.9143E-02
-5.3901E-02
-1.5730E-02
-3.5128E-03
1.6104E-02
1.9194E-02
-1.7694E-02
-1.5335E-02
-4.3048E-03
-2.6978E-02
-3.0810E-02
4.7315E-03
1.4880E-02
1.7180E-02
3.4199E-02
1.0794E-02
-1.8849E-02
-2.3921E-02
-1.3692E-02
-2.4484E-02
-1.3764E-02
-6.9115E-03
2.5014E-03
2.9488E-03
3.9239E-03
2.3938E-02
4.9015E-03
-1.3403E-02
7.0321E-03
2.7570E-03
-2.1517E-03
-2.7935E-02
-3.3752E-02
-6.3908E-03
-7.0775E-03
-1.6427E-02
2.3212E-03
2.8845E-02
4.3904E-03
-5.6765E-03
2.7521E-02
2.9114E-02
-2.0409E-03
-4.1472E-03
-7.4839E-03
-2.6695E-03
-6.9462E-03
-3.1537E-02
-2.7478E-02
-2.7022E-02
-1.9511E-02
2.9566E-02
4.8684E-02
2.4744E-02
2.9447E-02
2.9913E-02
1.2614E-02
2.1910E-02
6.5476E-03
4.1397E-03
2.0312E-02
6.6655E-03
9.4082E-03
1.3324E-02
5.3958E-03
-4.3282E-03
-1.0008E-02
6.4349E-03
-9.1738E-03
-5.6306E-03
4.5985E-02
6.7208E-02
4.8541E-02
2.5103E-02
1.6700E-02
-1.7937E-03
1.7946E-02
1.3128E-02
-2.9637E-03
3.3052E-02
1.0969E-02
-3.1266E-02
-9.3298E-03
8.4718E-03
-7.5853E-03
9.3789E-03
1.4750E-02
-2.0954E-02
-2.4549E-02
1.1483E-03
-7.4161E-03
-4.4270E-04
-1.6171E-02
-4.5062E-02
-2.1261E-02
-8.7822E-03
1.5537E-02
3.2375E-02
1.5124E-02
2.5096E-02
1.0494E-02
-1.1258E-02
5.5337E-03
8.8672E-03
1.6350E-02
1.7117E-02
-2.9459E-02
-2.8526E-02
7.2854E-03
1.4246E-02
1.7918E-02
1.6280E-02
4.5612E-03
-2.1946E-02
-9.4881E-03
-1.6110E-02
-1.1588E-02
1.9163E-02
1.5923E-02
7.1689E-03
3.0038E-04
-2.9550E-02
-3.7894E-02
-6.6405E-03
2.8934E-03
3.5279E-03
7.6891E-03
-1.0809E-02
8.4279E-04
1.9699E-04
-1.1060E-02
-2.1132E-02
-2.8348E-02
-1.7077E-02
-1.1386E-02
-2.3625E-02
-5.4303E-03
4.7669E-02
4.2810E-02
2.2144E-02
9.4461E-03
1.7441E-03
1.4301E-02
-5.4672E-04
1.0241E-02
3.0741E-02
-2.3090E-02
-2.5196E-02
-1.6255E-03
-5.6911E-02
-2.3857E-02
6.9149E-02
3.2677E-02
3.9327E-02
3.1408E-02
-2.8962E-04
-1.5735E-02
-2.5867E-03
2.1538E-02
2.6887E-02
6.5838E-02
7.4955E-02
4.4698E-02
1.6050E-02
-5.4707E-03
1.7688E-03
1.7702E-02
4.2051E-02
3.2576E-02
2.1964E-02
2.6063E-02
7.4434E-03
1.1658E-02
-1.9913E-02
-2.2533E-02
-1.0913E-02
-4.3689E-02
-7.5109E-02
-3.8812E-02
-4.2422E-03
6.0158E-03
-1.2219E-03
-3.0192E-02
-4.7152E-02
-3.0464E-02
-2.5736E-02
-5.7083E-03
8.8832E-03
-5.0355E-03
1.7576E-02
9.7824E-03
-2.9704E-02
-4.0194E-02
-2.8671E-02
-5.4399E-02
-3.6724E-02
-2.4519E-02
-2.9666E-02
-3.6577E-03
-7.7186E-04
-1.6391E-02
5.9875E-03
1.7023E-02
1.0150E-02
-8.9964E-03
-7.8589E-03
1.5084E-02
-6.0821E-03
-6.2348E-03
4.0858E-02
4.0061E-02
2.7949E-02
-1.1279E-03
-3.0761E-02
8.3301E-03
-2.0441E-02
-5.4750E-02
3.0199E-03
3.7807E-03
-1.1757E-04
2.4373E-02
8.4398E-03
-1.5382E-02
-3.2798E-02
-3.2663E-02
-1.7666E-02
-1.1667E-02
-1.1458E-02
6.3394E-03
1.8610E-02
1.3690E-03
8.2065E-03
-1.0809E-03
-1.8590E-02
-1.9554E-02
-6.1517E-03
-1.0550E-02
-1.7988E-02
1.2982E-02
3.6988E-02
4.8643E-02
-7.4643E-03
-5.2091E-03
3.5068E-03
-2.0203E-02
-3.3436E-02
-1.5159E-02
4.2536E-02
4.4510E-02
6.5736E-03
-6.4457E-05
-1.6721E-03
-2.2001E-02
-4.1071E-02
-1.5373E-02
-1.8565E-02
-1.4153E-02
2.7282E-02
8.8692E-04
-3.6574E-02
-1.3393E-02
-8.2258E-03
-2.3851E-02
-1.8364E-02
2.5878E-03
-1.5377E-02
-4.1882E-02
-5.4599E-02
-4.9418E-02
-2.6363E-02
1.1871E-03
2.1823E-02
1.4748E-02
3.6444E-02
4.1831E-02
1.2965E-02
-5.3855E-03
-1.0737E-02
4.7698E-03
2.9818E-02
3.6638E-02
1.6568E-02
1.4423E-02
1.9768E-04
-2.3854E-02
-2.0767E-02
-4.6049E-03
2.7372E-03
-1.9865E-02
-2.2835E-02
-1.1929E-02
-9.7557E-03
-3.1390E-02
-1.4767E-02
8.7435E-03
1.3692E-02
-6.8444E-03
-3.2216E-02
-1.5658E-03
8.5734E-03
2.0989E-02
2.3193E-02
-1.0364E-02
1.5711E-02
4.8432E-02
-1.1250E-02
-1.2322E-03
9.7045E-03
8.7737E-03
1.2545E-02
-8.7751E-03
1.4080E-02
5.2503E-03
7.0345E-03
2.7864E-03
1.2465E-02
2.8427E-02
2.4886E-02
-3.9069E-02
-5.8634E-02
5.3094E-04
-9.8943E-04
1.6925E-02
3.6661E-02
3.4169E-02
1.2876E-02
-2.2515E-02
-1.0610E-02
-3.6869E-03
-4.0206E-02
-3.5611E-02
-4.6929E-03
-1.3122E-02
-1.7653E-02
-1.9775E-02
6.2448E-03
1.7039E-02
-1.0500E-02
-1.6305E-02
2.3402E-02
-7.5946E-03
-4.2703E-02
2.5329E-03
3.0522E-02
4.4132E-03
-5.1959E-02
-5.7622E-02
3.7958E-02
2.4394E-02
-1.9662E-02
1.3943E-02
3.6046E-02
5.5878E-02
4.6231E-02
2.7234E-02
6.5906E-02
9.2195E-02
1.6966E-02
-2.9621E-02
-2.3173E-02
8.0841E-03
3.8366E-02
7.8122E-03
-2.5185E-02
1.2851E-02
8.7169E-03
1.9068E-02
2.1805E-02
-4.8464E-02
-8.0538E-03
1.1791E-02
-3.1739E-02
3.8052E-02
1.0096E-01
6.1424E-02
-9.1072E-03
-2.3568E-02
-1.0201E-01
-1.0389E-01
-3.6406E-02
-3.0176E-02
6.9474E-03
4.0175E-02
-5.7765E-03
2.2064E-02
2.8564E-02
-1.4680E-02
4.8029E-03
-1.5063E-02
8.5305E-03
1.6864E-02
-2.1310E-02
3.7902E-02
1.0383E-01
5.5333E-02
4.8035E-02
8.3088E-02
7.9105E-02
2.9987E-02
5.2192E-02
9.8337E-02
8.6473E-02
9.6056E-02
8.7322E-02
9.4641E-03
1.7590E-02
2.8045E-02
-2.2645E-02
-5.1197E-02
-4.2717E-02
-4.3963E-02
-1.8167E-03
-6.8419E-03
3.8318E-02
1.1717E-01
4.2635E-02
1.3624E-02
-1.5144E-02
-7.1352E-02
-1.2162E-02
-5.0061E-03
-5.4999E-02
-1.7740E-02
-9.0535E-03
-4.7894E-02
-1.3557E-02
9.0046E-02
1.3772E-01
1.0487E-01
1.5146E-02
-2.4623E-02
1.5286E-02
2.8850E-02
-2.9305E-03
4.2514E-02
1.2802E-01
1.0218E-01
5.0435E-02
6.1355E-02
3.8419E-02
3.4221E-02
7.0360E-02
2.0996E-02
-1.2966E-02
-3.1888E-02
5.9597E-02
1.9595E-02
-8.1741E-02
4.8512E-02
7.0409E-02
-8.6816E-03
-9.9921E-03
2.9083E-02
3.3949E-02
-2.4668E-02
-7.4003E-02
-7.1505E-02
-1.9234E-02
5.2726E-02
-2.1747E-02
-2.5984E-02
6.1485E-02
1.8043E-02
-3.6932E-02
-3.0235E-02
-1.8524E-02
-1.8449E-02
-3.3446E-02
-2.0667E-02
-2.8624E-02
4.8135E-02
1.3381E-02
-3.8319E-02
1.9886E-04
-1.7705E-02
-5.0865E-02
-9.7142E-02
-3.9434E-02
1.5048E-02
7.1554E-03
-1.0495E-02
-5.6704E-02
-3.9352E-02
3.3329E-02
8.8937E-02
1.0304E-01
6.7589E-02
4.2632E-02
6.7533E-02
1.2048E-01
1.4335E-01
1.0256E-01
6.1389E-02
2.3556E-03
-2.4286E-02
-1.3221E-03
-6.8758E-02
-8.1214E-02
-5.1435E-02
-2.5018E-02
3.9194E-02
3.9423E-02
4.7565E-02
6.9714E-02
8.4454E-03
-3.8250E-03
-1.6068E-02
-7.9317E-02
-1.5171E-01
-7.5935E-02
4.0630E-02
2.1954E-02
8.5236E-03
2.2799E-02
-1.4141E-02
-7.7515E-04
9.6217E-03
-3.6393E-02
-4.8609E-02
-4.6566E-02
-7.8932E-03
-6.2640E-04
1.3035E-02
4.9158E-02
4.9065E-02
-1.0110E-02
-6.1621E-02
-8.1211E-02
-8.6609E-02
-4.8492E-02
-2.8105E-02
6.3615E-03
-5.4717E-03
4.0158E-03
8.8703E-02
8.1406E-02
5.4838E-02
3.6769E-02
-1.0557E-03
-3.2225E-02
-2.3108E-02
5.2886E-02
1.1598E-01
3.5858E-02
3.6197E-02
2.2373E-02
-4.7719E-02
-9.7182E-03
3.7723E-02
4.7248E-02
7.4538E-02
6.3137E-02
4.3032E-02
4.2040E-02
-1.0212E-02
-7.6164E-02
-3.3169E-02
-1.5035E-02
-3.6886E-02
-8.3785E-03
5.5833E-02
9.6624E-02
3.2617E-02
2.7508E-02
4.9582E-02
1.9628E-02
5.8459E-02
6.1855E-02
9.0536E-03
5.8081E-02
5.8644E-02
6.6250E-02
4.8919E-02
9.9241E-02
7.6717E-02
1.1877E-02
2.8576E-02
-6.9491E-03
-1.3070E-02
-3.3181E-03
-2.2739E-02
-3.3317E-02
-4.4318E-02
-1.8897E-02
1.3150E-02
3.6637E-03
3.0740E-02
-1.8154E-02
-4.0946E-02
-3.2578E-02
-3.6906E-02
-2.2644E-02
-5.6308E-02
-2.9487E-02
6.9758E-02
3.9770E-02
-7.8740E-03
9.1031E-03
2.4682E-02
6.5490E-02
6.5821E-02
2.3704E-02
7.0354E-03
1.6311E-02
-4.9819E-03
4.8398E-02
3.6242E-02
-1.5541E-02
-2.0561E-02
-8.2833E-02
-8.8387E-02
-3.7292E-02
1.2332E-02
-5.3237E-03
-5.7809E-02
-4.7817E-02
-3.2238E-02
4.2020E-02
6.9124E-02
2.0322E-03
-1.7153E-02
-8.9035E-03
-1.2923E-02
-1.5511E-03
-5.5487E-02
-4.9689E-02
-3.7318E-04
-3.7278E-02
-4.1455E-02
-6.1098E-02
-5.9158E-02
-1.1125E-01
-8.7692E-02
-6.4512E-02
-2.8789E-02
-1.2066E-02
-2.3358E-02
-4.0741E-02
-1.0835E-01
-2.0965E-02
-3.7808E-02
-1.0131E-01
-1.0335E-01
-7.2147E-02
-4.4332E-02
6.6453E-03
5.7360E-02
-3.5896E-02
-5.1770E-02
-2.4980E-02
-4.5666E-02
-3.0414E-03
-6.0866E-04
-1.2247E-02
-4.1226E-02
-1.6748E-02
-5.5022E-02
-8.6179E-02
-5.9834E-02
-6.6324E-02
-8.0879E-02
-5.6877E-02
-2.7311E-02
-3.7665E-02
-1.2445E-01
-9.4842E-02
3.5044E-02
8.6124E-03
4.2287E-02
3.2828E-02
-5.8283E-04
7.2158E-03
-2.1457E-02
-3.9520E-02
-6.2983E-02
-5.9828E-02
-2.1676E-02
3.4825E-02
7.0581E-02
2.4383E-02
4.4520E-02
5.1855E-02
-5.3510E-04
2.5521E-02
-4.7008E-03
-6.8765E-02
-7.4748E-02
2.1690E-03
5.4752E-03
-6.7127E-02
-4.1540E-02
-3.4955E-02
-5.3061E-03
2.9866E-02
-4.3280E-02
-8.4995E-02
-4.3182E-02
-7.7292E-02
-5.3168E-02
3.6522E-02
2.9048E-02
9.2134E-03
6.1251E-02
3.4206E-02
-3.8239E-02
-1.3219E-02
-1.2475E-02
-7.8077E-02
-7.2128E-02
-8.2792E-02
-8.5766E-02
-1.7517E-02
-1.7408E-02
-6.7469E-03
9.8542E-04
-4.6921E-02
-5.9058E-02
-4.3823E-02
-6.1262E-02
-3.3630E-02
-2.2309E-02
-2.0681E-02
-1.1573E-02
-2.8605E-03
1.7841E-02
-2.5159E-03
5.9858E-03
-4.0412E-02
-9.6867E-02
-3.2966E-02
1.9558E-03
1.9958E-02
5.7545E-02
5.1124E-02
5.9122E-02
4.3161E-02
-2.8235E-02
-6.9495E-02
-5.7583E-02
-6.5015E-02
-4.6792E-02
-2.4449E-02
-2.4300E-02
-4.9304E-03
1.1826E-02
-1.7873E-02
-9.1191E-03
4.9352E-02
9.1067E-04
-2.1742E-02
-2.6172E-02
-3.0552E-02
-4.3236E-02
-2.8342E-02
4.8948E-02
1.0845E-01
1.2307E-01
6.1256E-02
5.5698E-02
7.3732E-02
2.5521E-02
-1.1242E-02
5.0853E-02
1.0446E-01
8.5588E-02
7.7414E-02
6.7487E-02
8.6912E-02
1.1707E-01
7.8401E-02
3.6524E-02
4.9509E-03
-4.9789E-02
-4.1973E-02
-9.5385E-03
-2.2126E-02
8.6937E-03
1.1555E-02
8.2532E-03
3.8865E-02
2.0609E-02
-7.7652E-03
-1.2369E-02
-1.8376E-02
-9.2502E-03
-4.5154E-04
4.0925E-02
3.5817E-02
-2.0594E-02
-2.9960E-02
-2.4165E-02
-3.6554E-02
-4.5585E-02
-4.7421E-02
-2.9548E-02
-4.0555E-02
-8.3783E-02
-1.4498E-02
-1.1529E-02
-9.9429E-02
-5.0460E-02
1.3145E-02
-1.2978E-02
-3.1136E-02
-4.0077E-02
-7.3917E-02
-8.8347E-02
-3.2858E-02
2.0820E-02
-1.4626E-02
2.4475E-02
7.3641E-02
3.6357E-02
5.5680E-02
4.4451E-02
3.3122E-02
8.5050E-02
6.3189E-02
6.8331E-02
7.4932E-02
2.0204E-02
-2.0067E-02
-2.4010E-02
-1.6254E-02
-5.5542E-03
-1.7336E-02
2.9663E-02
8.4129E-02
2.9866E-02
3.0326E-02
6.0614E-02
1.0157E-01
4.9821E-02
3.8502E-04
3.0064E-02
-3.2698E-03
-2.8409E-02
-1.4472E-02
-4.6131E-02
5.0764E-03
1.0026E-01
3.8937E-02
1.5389E-02
5.2728E-02
-1.6082E-02
-4.3143E-02
8.3210E-03
1.2025E-02
1.9907E-02
3.6816E-02
2.2224E-02
-8.5492E-03
-1.2710E-02
-9.7769E-03
-6.0404E-02
-5.7639E-02
-4.5052E-02
-5.8454E-02
-2.7049E-02
-2.1971E-02
4.2923E-04
1.8342E-02
-4.0120E-02
-5.2765E-02
-2.6043E-02
9.0463E-03
3.0223E-02
5.4206E-02
1.7531E-02
-2.3425E-02
-5.1026E-02
-4.2836E-02
4.3049E-03
1.4027E-03
1.7299E-02
2.9850E-02
1.5532E-02
-7.3242E-03
-2.7459E-02
-5.3623E-02
-4.1009E-02
-2.8257E-02
-1.0928E-02
4.2369E-02
5.1693E-02
2.3722E-02
2.4700E-02
-1.4728E-02
-6.8892E-02
-8.4802E-02
-4.4178E-02
4.7433E-02
2.7126E-02
-1.6935E-02
7.3450E-03
3.5918E-02
1.9736E-02
-4.3684E-02
-5.1349E-02
2.0735E-02
4.9284E-02
4.8610E-02
2.7550E-02
5.2716E-02
1.1134E-01
7.8803E-02
1.5324E-02
-4.2725E-02
-2.8713E-02
2.3853E-02
2.3064E-02
7.4675E-03
6.2521E-02
5.4913E-02
-8.6549E-03
-3.4598E-03
1.9802E-02
3.2882E-02
1.2099E-02
-3.1833E-02
-1.0027E-03
8.3674E-04
-4.8338E-02
-3.2628E-02
2.2489E-02
6.2145E-03
1.2315E-02
4.2898E-02
2.7059E-02
-4.2716E-03
-3.4566E-04
3.4438E-02
1.0565E-03
-8.7160E-03
8.0305E-03
-1.5958E-02
-3.1376E-02
5.4210E-03
3.4846E-02
7.4654E-03
-8.8590E-03
-4.1680E-02
-6.0639E-02
-4.9927E-02
-7.5513E-02
-8.0445E-02
-2.5753E-02
1.8379E-03
7.7392E-04
2.9407E-02
4.2838E-02
1.3137E-02
-2.7830E-02
4.6431E-02
8.2251E-02
5.2550E-02
5.4587E-02
5.8908E-02
5.5990E-02
3.6073E-02
3.0645E-03
-2.7133E-02
-2.4229E-02
-1.1117E-02
-3.2563E-02
-6.4025E-02
-1.8527E-02
2.5268E-03
-8.1872E-03
3.3573E-03
-3.6433E-02
-4.0049E-02
-2.6698E-02
-2.2504E-02
-2.0405E-02
1.5078E-02
5.3643E-02
3.5185E-02
2.4593E-02
-1.1300E-03
-2.9603E-02
2.2907E-02
4.0900E-02
-2.3898E-02
-4.0796E-02
-4.7111E-02
-4.7831E-02
-4.8132E-02
-5.2965E-02
-8.6829E-02
-6.5322E-02
-1.1723E-02
-2.1263E-02
2.5329E-02
2.9933E-02
6.3373E-05
2.4786E-02
5.3982E-04
2.3803E-02
6.8130E-02
3.7980E-02
5.3983E-02
2.3272E-02
5.3955E-03
2.3410E-02
-4.9669E-03
-5.3491E-02
-6.3854E-02
-4.3663E-02
5.5865E-03
5.7159E-02
8.4747E-03
1.0487E-02
-1.7107E-02
-8.4177E-02
-8.8579E-02
-8.4137E-02
-5.7700E-02
-4.9691E-02
-3.5680E-02
-2.6984E-02
-5.1552E-02
-6.3206E-02
-7.2272E-02
-4.7204E-02
-3.0385E-02
-4.6958E-02
-4.3710E-02
8.6488E-03
4.6617E-02
2.9670E-02
2.4344E-02
5.3376E-02
6.4875E-02
6.2084E-02
4.8162E-02
3.7185E-02
1.8673E-02
2.5625E-02
4.7577E-03
-3.8542E-02
1.1202E-02
3.0093E-02
2.3165E-02
1.5759E-02
-4.2736E-03
-3.2928E-02
-7.9146E-02
-9.1798E-02
-9.9101E-02
-7.3884E-02
-5.4693E-02
-3.1593E-02
2.4271E-02
1.5705E-02
-2.1871E-02
-7.1604E-03
2.9890E-03
-5.1788E-03
-5.4349E-04
2.2377E-03
5.3588E-02
8.7449E-02
8.4752E-02
9.8034E-02
9.7797E-02
9.9879E-03
-2.4009E-02
1.8856E-02
3.3202E-02
4.1097E-02
5.6324E-02
5.1994E-02
8.1868E-02
7.0533E-02
7.6363E-03
-2.4549E-02
-3.0300E-02
-2.5856E-03
-3.4888E-03
4.3645E-02
9.5596E-02
7.8665E-02
8.6550E-02
8.1751E-02
3.6942E-02
6.8208E-02
7.7108E-02
-1.4652E-02
-4.6749E-02
-2.5192E-02
-3.7120E-02
-7.5995E-03
2.5072E-02
-9.9740E-03
-4.3575E-02
1.9692E-02
6.2293E-02
4.5698E-02
8.5766E-03
-1.1872E-02
2.9618E-04
5.8240E-02
5.9871E-02
2.4299E-02
2.6458E-02
6.0357E-02
5.6641E-02
4.0732E-02
6.0783E-02
7.0590E-03
-4.6388E-02
-5.4890E-02
-8.3488E-02
-1.1678E-01
-1.2084E-01
-8.8173E-02
-3.4428E-02
-3.0399E-02
-1.4498E-02
1.0357E-02
1.2894E-02
-4.7637E-03
-4.5583E-03
3.1675E-05
1.7185E-02
5.3327E-02
4.2133E-02
1.2166E-02
4.0737E-02
2.9214E-02
4.9767E-03
1.6587E-02
8.9958E-03
-2.6985E-02
-8.0982E-02
-6.1552E-02
-5.3443E-02
-7.9117E-02
-3.6949E-02
-1.5078E-02
-2.7458E-02
-3.6749E-02
-1.9483E-02
2.3179E-02
2.8852E-02
-2.9188E-02
-5.0995E-02
-1.1624E-03
2.9461E-02
1.3250E-02
-1.9383E-02
-2.9121E-02
-2.4473E-02
6.7395E-04
-9.1953E-03
-7.6824E-02
-2.3028E-02
6.8019E-02
2.3522E-02
-7.3937E-03
1.1724E-02
-1.1474E-02
-2.3839E-02
1.4981E-02
6.5924E-02
5.7612E-02
3.6181E-02
4.6090E-02
8.0830E-02
1.2077E-01
9.1315E-02
5.7892E-02
6.6895E-02
3.8851E-02
-2.3738E-02
-4.7626E-02
-4.1164E-02
-8.0497E-03
-1.4457E-02
-2.1252E-02
-5.5556E-03
5.2130E-03
4.1271E-02
5.2567E-02
2.9169E-02
2.6534E-02
7.3720E-03
-4.4887E-02
-7.2568E-02
-3.8257E-02
-5.2441E-02
-7.0036E-02
-4.0672E-02
-2.9277E-02
-3.5066E-02
-4.6036E-02
-2.5038E-02
1.9116E-02
9.0560E-03
-6.2699E-02
-9.4875E-02
-5.6521E-02
-4.1391E-02
-4.4428E-02
-2.3410E-02
-3.2517E-02
-1.5740E-02
-2.6912E-02
-7.8478E-02
-8.1939E-02
-3.9313E-02
-1.1848E-02
-6.5517E-03
-4.2746E-02
-1.0055E-01
-4.2418E-02
-2.4966E-03
-1.6324E-02
-1.1396E-02
2.5222E-03
5.8687E-02
1.3664E-01
1.0800E-01
4.3256E-02
6.5221E-02
6.2243E-02
4.0771E-02
3.6740E-02
5.8169E-02
5.6492E-02
1.6001E-02
1.4586E-02
2.8717E-02
2.7783E-02
3.9026E-02
4.8263E-02
3.9104E-02
8.3102E-03
2.3826E-02
3.9708E-02
-1.3475E-02
1.9430E-02
2.7405E-02
-1.3566E-03
-1.3248E-02
-3.1155E-02
-1.6865E-02
-5.3365E-02
-5.8409E-02
-4.4422E-02
-6.5445E-02
-4.7568E-02
-7.3053E-02
-9.4584E-02
-5.6905E-02
-5.1968E-02
-4.3667E-02
2.0176E-02
2.7319E-02
3.2550E-03
4.0978E-02
-1.6454E-02
-3.4026E-02
1.3488E-02
-2.7011E-03
1.0518E-02
7.1739E-02
6.9254E-02
-1.8959E-02
-6.2755E-04
4.1998E-02
-4.4801E-03
-3.8107E-02
-5.7800E-02
-1.7402E-02
1.0848E-02
-3.2009E-02
-5.1998E-02
-4.0208E-02
-7.5468E-02
-7.4184E-02
-3.4610E-02
-4.8545E-02
-4.8025E-02
-1.3535E-02
-3.9025E-03
-2.0687E-02
1.3482E-04
1.8252E-02
-1.4603E-03
1.2735E-02
2.3560E-02
3.8228E-02
7.6599E-02
1.4840E-02
-4.7690E-02
-1.7282E-02
1.4303E-04
-3.2495E-02
-7.9019E-05
9.1273E-02
1.4879E-01
9.8094E-02
4.3958E-02
3.8254E-02
-3.5779E-03
-5.3139E-02
-6.6550E-02
-4.3322E-02
-3.8436E-02
1.1776E-02
4.3204E-02
5.5907E-02
4.6273E-02
1.7865E-02
-1.9926E-02
-1.0320E-02
1.6120E-02
2.1236E-02
2.5665E-02
-2.0673E-02
-6.9689E-02
-8.2023E-02
-8.7346E-02
-8.7001E-02
-8.0214E-02
-8.7743E-03
7.8790E-02
6.1422E-02
4.1456E-02
3.3479E-02
-1.3270E-03
-3.7973E-02
-2.2181E-02
-1.9573E-02
1.0625E-02
1.5048E-02
-1.7800E-02
-4.4403E-02
-3.1010E-02
-2.0132E-02
-2.4742E-02
-1.7974E-02
5.3537E-03
1.4453E-02
1.3006E-02
3.4647E-02
1.6602E-02
1.9415E-02
4.5331E-02
-5.3318E-03
-1.8929E-02
3.0725E-02
6.9250E-03
5.8008E-03
3.1262E-02
1.6739E-02
1.5356E-02
7.2988E-02
5.8097E-02
-1.3872E-02
2.5403E-02
3.7185E-02
-8.8317E-03
-3.7929E-02
-6.7888E-03
6.8693E-02
9.4339E-02
7.7343E-02
5.1369E-02
4.2754E-02
-2.5620E-02
-4.1427E-02
7.2790E-03
1.0823E-02
2.1206E-02
1.9378E-02
2.7398E-03
4.0651E-02
5.0053E-02
2.6571E-02
1.1709E-02
-1.0794E-02
-4.2973E-02
-4.2162E-02
4.0761E-03
3.1827E-02
6.1891E-02
9.1524E-02
7.7379E-02
2.7238E-02
1.0955E-02
1.3472E-02
1.7710E-02
4.1318E-02
2.8810E-02
-3.1593E-03
1.9628E-02
5.2754E-02
5.3391E-02
2.4896E-02
5.9575E-02
5.7246E-02
-1.1101E-02
-2.2187E-02
-1.6680E-03
-2.5709E-02
-6.6475E-02
-4.1656E-02
-7.8698E-03
-1.7569E-02
-3.1289E-03
9.2056E-03
1.4629E-02
4.8184E-02
1.1253E-02
-2.5836E-02
1.1980E-03
2.6378E-02
2.8354E-02
1.6934E-02
-2.2130E-02
-4.0308E-02
-2.6949E-02
-1.6047E-02
-2.1871E-02
-5.3129E-02
-5.4675E-02
-4.8073E-02
-1.0620E-01
-1.1847E-01
-8.1838E-02
-1.0163E-01
-1.1356E-01
-4.4219E-02
-3.3016E-02
-4.4313E-02
2.6823E-03
-1.1608E-03
-4.7201E-02
-6.0674E-02
8.5078E-04
1.8929E-02
2.5073E-02
5.7664E-02
1.3585E-02
-3.5171E-02
-1.0724E-02
9.6007E-04
-2.6423E-02
-5.4623E-02
-1.7049E-02
6.0377E-02
1.4707E-02
1.3968E-02
5.0233E-02
8.3300E-03
-7.3251E-03
8.1084E-03
4.3850E-02
3.7539E-02
1.2603E-02
2.7710E-02
-7.5090E-03
-3.8549E-02
-3.4246E-02
-5.3619E-02
-5.3993E-02
-1.1054E-02
-5.9119E-03
-2.5100E-02
2.0331E-02
6.4747E-02
1.5683E-02
4.1201E-02
8.5777E-02
3.1853E-02
2.7197E-02
3.6150E-02
1.7040E-02
2.7961E-02
2.1536E-02
1.7427E-02
4.1199E-02
3.2665E-02
1.5061E-02
5.9391E-03
-1.7986E-02
-2.1597E-02
-5.8543E-02
-6.3632E-02
-1.5386E-02
-4.8714E-02
-5.0697E-02
-4.3536E-02
-6.1961E-02
-2.9509E-02
-1.6345E-02
-6.2674E-02
-8.0187E-02
-5.8957E-02
-3.4857E-02
-1.3406E-02
-6.1022E-03
-6.9320E-03
-2.0597E-02
-1.7694E-02
-1.2838E-02
8.0113E-03
6.4556E-02
6.9925E-02
6.5685E-02
3.3835E-02
-3.3043E-02
-5.1944E-02
-3.9970E-02
-6.2571E-02
1.0522E-02
5.5562E-02
9.2701E-03
1.5963E-02
1.4167E-02
-2.7834E-02
-3.8935E-02
-6.5382E-03
-9.6702E-03
-2.8578E-02
-3.7764E-02
-4.2370E-02
-5.0326E-02
-3.0761E-02
-2.4713E-02
1.7713E-02
6.1155E-02
3.1387E-02
1.4265E-02
1.8109E-02
8.3424E-03
-1.0632E-03
-1.8426E-03
-3.1318E-02
-3.3073E-02
-3.4938E-03
1.7107E-02
3.2012E-02
1.2869E-02
8.1469E-03
4.4952E-03
-3.2687E-02
-3.4347E-02
-1.1635E-02
-1.6083E-02
-1.0610E-02
3.6437E-02
7.1994E-02
6.9022E-02
3.0989E-02
2.3464E-02
3.0399E-02
2.6736E-02
3.1257E-02
7.7949E-02
7.4986E-02
4.4007E-02
4.3311E-02
1.9610E-02
4.3261E-03
9.4083E-03
-1.3504E-02
-2.6564E-02
-2.2027E-02
-2.0471E-02
-2.7754E-03
3.1835E-02
4.9786E-02
3.5650E-02
3.8356E-02
4.1482E-02
4.0687E-02
3.5042E-02
3.1308E-02
-1.9033E-02
-5.7104E-02
-1.4671E-02
4.4304E-02
4.2186E-02
5.9296E-02
7.0854E-02
4.3229E-02
2.1166E-02
-1.5689E-03
-1.5950E-02
-6.7644E-03
-1.5735E-02
-5.0027E-03
2.6066E-02
4.3882E-02
1.9705E-02
-1.5740E-02
-2.9924E-02
-1.1651E-02
-2.0983E-02
-2.3017E-03
3.6093E-02
2.0113E-02
3.9996E-02
2.7866E-02
-9.3321E-03
3.5284E-03
3.2304E-02
4.6714E-02
5.8763E-02
4.6356E-02
4.7026E-02
3.2978E-02
1.5750E-02
-1.0493E-02
-3.3235E-02
-2.1343E-02
-3.6119E-03
1.4046E-02
3.5319E-02
1.2169E-02
4.9525E-04
-3.1400E-02
-3.2107E-02
-1.1683E-02
-3.1582E-02
-4.0947E-02
-2.4040E-02
2.1148E-02
1.0377E-02
-3.2130E-02
-5.9674E-02
-5.1491E-02
-7.1174E-02
-6.3301E-02
-2.8762E-02
-1.7317E-02
-1.0081E-02
2.6172E-02
4.2074E-02
2.8009E-02
-3.3821E-03
-4.2066E-02
2.3956E-03
3.6203E-02
5.2723E-02
7.0225E-02
4.7033E-02
4.5010E-02
4.3848E-02
2.9307E-02
4.1785E-02
1.4916E-02
4.6760E-02
4.8172E-02
-2.5847E-02
-4.4006E-02
-2.1425E-02
-1.1893E-02
-1.7735E-02
-4.3562E-02
-5.1501E-02
-2.7007E-02
-1.8717E-02
1.0457E-02
2.1890E-02
-1.3212E-02
-5.2474E-02
-5.3749E-02
-4.9702E-02
-5.2391E-02
-4.5070E-02
-3.7534E-02
-4.2266E-02
-6.1725E-02
-8.5630E-02
-9.8506E-02
-9.9363E-02
-9.3585E-02
-5.3860E-02
-1.3267E-02
-6.8381E-03
1.3096E-02
3.4509E-03
-2.4770E-02
-2.8610E-02
-5.5673E-02
-4.9540E-02
-1.8201E-02
-3.4813E-02
-5.1179E-02
-5.5276E-02
-4.6233E-02
-1.7709E-02
-2.2978E-02
-2.6295E-02
-2.5990E-02
-2.2373E-02
-2.7500E-02
-2.4947E-02
1.7549E-02
2.9527E-02
2.3537E-02
3.7585E-02
4.9016E-02
3.7737E-02
5.3690E-02
5.3447E-02
2.8353E-02
2.8613E-03
-1.2038E-02
4.9123E-03
1.7546E-02
-6.9038E-03
-2.1235E-02
-1.6406E-03
2.5304E-02
4.4815E-02
5.5689E-02
4.1179E-02
2.6834E-02
3.3600E-02
1.3944E-02
-7.1501E-03
1.2741E-02
-5.2091E-03
-2.6250E-02
-1.8631E-03
-3.0362E-02
-6.2151E-02
-5.1341E-02
-2.8615E-02
9.3726E-03
-1.1853E-02
-3.3508E-02
-1.0431E-02
-4.7682E-03
-2.0119E-02
5.6115E-04
1.7680E-02
-1.7450E-02
-3.2931E-02
-1.0357E-02
1.4043E-02
1.9443E-02
-1.4082E-02
-3.6974E-02
-2.5924E-03
-2.3142E-02
-3.6236E-02
7.9733E-04
2.7626E-02
1.6678E-02
7.4920E-03
5.0978E-03
-1.6891E-04
-4.0372E-03
1.1874E-02
2.6600E-02
3.2034E-02
2.6828E-02
3.2791E-02
4.2786E-02
1.5130E-02
1.7262E-02
2.5341E-02
5.3001E-03
1.1058E-02
1.3846E-02
1.0605E-02
3.9252E-02
4.3848E-02
2.6265E-02
2.9377E-02
1.4575E-02
-1.8283E-02
-7.4659E-03
-1.3880E-02
-2.3045E-02
-1.8895E-02
2.1388E-02
4.8486E-02
3.6597E-02
2.5508E-02
-6.7233E-04
-1.4695E-02
-1.8179E-03
-7.1976E-03
-4.9429E-03
1.3493E-02
1.7188E-02
8.3296E-03
1.5832E-02
3.3496E-02
2.7605E-02
3.2832E-02
3.5882E-02
3.8984E-02
3.2041E-02
4.9358E-03
1.1474E-02
3.7484E-02
3.1256E-02
7.3267E-03
1.4279E-02
2.9167E-02
3.8814E-02
3.3793E-02
1.3861E-02
1.8614E-02
1.3741E-02
-4.6388E-03
1.8708E-02
1.6470E-02
9.8070E-03
3.2618E-02
3.3239E-03
7.0300E-03
1.3513E-02
7.4559E-03
9.5245E-03
9.9483E-03
8.6135E-03
-1.5223E-02
-1.6588E-02
9.0207E-03
8.1337E-03
-6.9469E-03
-2.1446E-02
-8.4506E-03
9.0043E-03
7.0951E-03
-4.9909E-03
-5.8411E-03
-1.9633E-02
-1.3692E-02
9.0839E-03
1.5175E-02
3.6823E-02
2.8591E-02
2.8392E-02
5.0414E-02
2.2878E-02
-8.1839E-03
8.9803E-04
3.3650E-02
1.5626E-02
-7.7529E-04
8.7009E-03
5.0373E-03
2.9634E-02
2.4379E-02
8.3095E-03
6.2677E-03
1.0260E-02
1.1174E-02
-3.8007E-04
-1.1494E-02
-1.8469E-02
-1.3594E-02
-2.0649E-02
-2.7235E-02
-7.2726E-03
2.3218E-02
2.3301E-02
-3.0389E-03
-1.6435E-02
-3.8894E-02
-3.5677E-02
-8.4329E-03
1.6365E-03
-9.7325E-03
5.5417E-03
-1.7177E-03
-1.9010E-02
1.1421E-03
6.8420E-04
-3.7695E-02
-2.9833E-02
-1.8418E-02
-1.9438E-02
-8.9961E-03
-2.9345E-02
-2.9908E-02
-1.0847E-02
-2.8264E-02
-3.7355E-02
-1.5506E-02
-1.9014E-03
-5.8265E-03
-3.0288E-02
-3.2979E-02
-2.8834E-02
-4.8072E-02
-3.6667E-02
-2.0252E-02
-3.6504E-02
-1.7504E-02
1.4523E-03
7.4421E-03
3.6690E-03
7.7363E-03
5.8390E-03
-5.5951E-03
-2.3442E-02
-2.7990E-02
-1.1288E-02
-1.0865E-02
-2.7303E-02
-3.5308E-02
-2.7497E-02
-2.9639E-02
-1.9522E-02
-3.8797E-04
1.3105E-02
3.5562E-02
1.6859E-02
1.0161E-02
-3.8428E-03
-2.6342E-02
-4.7574E-03
-1.3776E-02
-1.8962E-02
6.5320E-03
-2.7897E-03
-1.0879E-02
-6.8842E-03
-3.5181E-02
-6.4478E-02
-3.8685E-02
-2.1943E-02
-8.0503E-03
2.8008E-02
2.8834E-02
1.5241E-02
9.7521E-03
1.1749E-02
-1.4752E-02
-3.8469E-02
-1.6605E-02
-1.2799E-02
-4.1190E-02
-2.2883E-02
-2.7689E-03
-4.5744E-03
2.9209E-03
-5.4040E-03
-1.9572E-02
-1.9613E-02
-2.1069E-02
-1.6771E-03
8.0774E-03
4.0015E-03
1.2944E-02
-2.9320E-03
-1.9972E-02
-1.0306E-02
-3.6907E-02
-4.5626E-02
-2.4986E-02
-2.9154E-02
-2.3065E-02
7.4883E-03
7.8587E-04
-3.2007E-03
7.5856E-03
4.0510E-03
8.2744E-03
6.6380E-03
7.9422E-03
7.8482E-03
3.3008E-02
5.9136E-02
2.7095E-02
1.3907E-02
4.6102E-03
-1.4022E-02
7.3124E-03
8.7588E-04
-1.2340E-02
-7.3050E-03
5.9296E-04
5.1377E-03
5.0011E-03
5.7657E-03
8.1296E-03
2.0187E-03
1.7216E-02
2.9349E-02
1.8307E-02
1.7590E-02
3.2176E-02
3.5326E-02
6.6478E-03
-2.1281E-02
-1.0697E-02
1.3313E-03
-1.5700E-02
-1.2069E-02
1.3586E-02
2.4979E-02
1.7074E-02
1.2896E-02
1.9382E-02
5.4071E-03
-1.7779E-02
-3.2978E-03
1.0230E-02
1.1065E-02
1.9925E-02
5.0833E-04
1.9990E-03
1.3410E-02
2.5821E-03
-1.2862E-02
-1.3991E-02
-1.1601E-02
-2.8460E-02
-2.6098E-02
-1.1717E-02
-7.4901E-03
-1.6314E-02
1.9461E-03
5.6422E-03
-5.9759E-03
7.0645E-03
1.9051E-02
3.1746E-02
3.1840E-02
1.5509E-02
-7.0061E-04
-2.1537E-02
-3.6916E-02
-4.3277E-02
-3.0869E-02
-1.1817E-02
4.2665E-03
2.0248E-02
1.0546E-02
-9.2204E-03
9.5984E-03
2.4349E-03
-1.1203E-02
-3.8049E-03
-7.4375E-03
-5.2946E-03
8.5503E-03
3.0405E-02
1.3053E-02
5.2846E-03
1.3629E-02
2.5007E-02
1.1525E-02
-4.6379E-04
1.7630E-02
1.2345E-02
7.4064E-03
1.0799E-02
8.3948E-03
-5.5521E-03
1.8695E-03
2.9569E-02
1.7519E-02
-6.5319E-03
2.5471E-03
2.1720E-02
1.7413E-02
2.7287E-02
2.2831E-02
1.3494E-02
2.2279E-02
3.4876E-03
3.4838E-03
2.8361E-02
4.0463E-02
2.7329E-02
1.5002E-02
8.8476E-03
-9.2854E-03
-2.0011E-02
-3.7854E-02
-4.2708E-02
-3.0156E-02
-2.3877E-02
-1.4411E-02
8.3160E-03
2.9266E-02
2.4305E-02
2.6533E-03
1.5149E-02
3.5306E-02
1.9924E-02
5.3820E-03
6.5703E-03
-3.4652E-03
1.6044E-02
2.3741E-02
-1.4908E-03
7.9258E-03
3.6936E-02
3.3784E-02
3.2362E-02
5.3812E-02
3.5860E-02
1.7483E-02
1.2675E-02
2.1902E-03
3.0639E-03
-1.2469E-02
-2.7082E-02
-2.0276E-02
-1.8389E-03
2.4212E-02
2.9069E-02
4.2218E-02
4.4795E-02
2.9705E-02
1.7664E-02
1.1893E-02
-1.8081E-02
-2.6059E-02
-1.6200E-02
-1.0832E-02
-1.4944E-04
1.2228E-02
6.9411E-03
3.1524E-03
1.4793E-03
-1.9116E-02
-2.4036E-02
-1.5358E-02
-9.7171E-03
-7.1953E-03
1.1023E-02
2.6254E-02
1.5076E-02
7.4504E-03
1.7563E-03
-1.3393E-02
-2.9340E-02
-3.4241E-02
-2.6873E-02
-2.0463E-02
-5.0125E-03
2.4075E-02
3.9015E-02
2.2589E-02
1.0226E-02
8.6561E-03
7.9679E-03
1.9301E-02
2.2866E-02
5.8094E-03
-3.4243E-03
1.0424E-02
1.1634E-02
-8.8922E-03
-1.3499E-03
7.9385E-03
-8.2935E-04
-2.0129E-02
-5.1506E-02
-4.9037E-02
-2.9049E-02
-2.3539E-02
-3.4057E-02
-3.6956E-02
-1.6510E-02
-5.0203E-03
-9.2185E-03
-1.4244E-02
-1.5276E-02
-2.2934E-02
-1.1541E-02
-2.8694E-03
7.2090E-03
2.3314E-02
3.1133E-02
4.3213E-02
4.0328E-02
1.2736E-02
-1.0395E-02
-2.0264E-02
-1.8871E-02
-1.3223E-02
-1.8611E-02
-2.2324E-02
-1.1415E-02
-3.4681E-03
-3.6090E-03
1.5720E-03
8.3488E-03
5.4014E-03
1.1929E-02
1.6338E-02
-4.1272E-03
-6.0346E-03
-4.6682E-03
9.1771E-04
4.7241E-03
4.6314E-03
2.4879E-02
3.1533E-02
2.1729E-02
1.8462E-02
7.8904E-03
-1.4576E-02
1.7119E-02
3.8680E-02
2.5832E-02
1.6134E-02
6.1794E-03
2.8939E-03
-1.7237E-02
-2.1025E-02
-1.3312E-02
-4.9269E-03
3.5704E-03
-1.1785E-02
-2.5999E-02
-1.4052E-02
-1.3301E-02
-1.7463E-02
-2.0268E-02
-2.2045E-02
-3.1068E-02
-2.6122E-02
1.4051E-03
-1.2831E-02
-2.9256E-02
-6.4893E-03
9.9901E-03
-1.1468E-03
9.9557E-03
1.8653E-02
1.5747E-02
2.1451E-02
4.1162E-03
5.9705E-03
4.0793E-04
-9.7790E-03
3.9209E-04
-5.6758E-03
-1.5508E-02
-2.5819E-02
-3.8880E-02
-3.6619E-02
-2.5887E-02
-1.7426E-02
-2.4136E-02
-2.1913E-02
1.4749E-02
1.8035E-02
-3.3050E-03
-1.2499E-02
-1.8329E-02
-1.9496E-02
-2.8950E-02
-1.5663E-02
3.8766E-03
-1.8678E-03
2.9378E-03
9.4461E-03
-6.7676E-03
-1.5124E-02
5.1102E-03
6.7816E-03
2.7613E-03
4.0273E-03
-1.0502E-02
-2.8441E-02
-2.3760E-02
-4.8364E-03
8.7889E-03
1.3018E-02
5.8464E-03
-5.3707E-03
-1.0364E-02
1.3530E-02
1.9741E-02
1.5339E-02
1.0559E-02
-3.2719E-03
-9.1999E-03
-3.5024E-04
-4.8201E-03
-1.8424E-02
-4.5924E-03
1.0642E-02
5.5713E-03
5.4911E-03
3.5376E-03
2.4499E-03
3.0722E-02
2.5782E-02
2.2103E-02
1.7217E-02
5.7466E-03
-5.0940E-04
-1.4306E-02
-1.4086E-02
1.3256E-04
1.3966E-02
3.6784E-02
5.1447E-02
4.7507E-02
4.2337E-02
1.5447E-02
-1.1346E-02
-2.6454E-02
-1.1968E-02
-4.2455E-03
-2.9718E-02
-4.4017E-02
-3.0016E-02
-1.9110E-02
-9.0097E-03
-9.6854E-03
-3.5895E-02
-2.7780E-02
-5.0392E-03
-1.2723E-03
-6.0206E-03
-1.3130E-02
-1.3787E-02
1.2672E-05
2.8756E-03
-1.4802E-02
-1.4741E-02
1.8578E-03
1.1147E-02
1.3695E-02
1.7242E-02
1.6192E-02
2.4414E-02
2.6795E-02
2.8096E-03
-7.5852E-03
-1.0304E-02
-1.7674E-02
-1.8086E-02
-1.2600E-02
-1.3187E-02
-1.9196E-02
-2.0308E-02
-1.1279E-02
-6.5502E-03
-7.0716E-03
-3.5211E-03
-1.0719E-03
7.6970E-03
9.3376E-03
-6.2253E-03
2.5621E-03
1.1801E-02
1.1800E-03
1.1323E-02
5.5455E-03
-2.0501E-03
8.9619E-03
1.4330E-03
-1.0460E-02
-6.9455E-03
3.0848E-03
1.4873E-02
1.8891E-02
2.7499E-03
7.9252E-03
8.0897E-03
1.3964E-02
2.2595E-02
2.0213E-02
2.0415E-02
3.7593E-03
-4.6711E-03
9.2741E-03
8.9773E-03
4.1197E-03
1.9323E-02
2.4654E-02
1.8456E-02
4.2001E-02
3.6334E-02
9.1883E-03
5.4581E-03
-4.6934E-03
1.5626E-02
2.5565E-02
6.1272E-03
7.6033E-03
5.2468E-03
3.6850E-03
-1.8410E-02
-2.8154E-02
-1.4974E-02
-1.9539E-02
-4.0171E-02
-3.1038E-02
2.0781E-03
4.7222E-03
-2.9777E-03
-6.2137E-04
2.3170E-02
2.0651E-02
5.6333E-03
4.3021E-04
-1.9511E-03
6.8964E-03
5.9591E-03
-7.7921E-03
7.1860E-03
2.9465E-03
8.4280E-03
2.6700E-02
1.7013E-02
4.9793E-04
-4.2095E-04
-6.6653E-03
-5.2854E-03
-6.5676E-03
-1.1325E-03
8.9323E-03
-1.2448E-02
-2.0464E-02
3.5158E-03
3.3656E-03
-3.9929E-03
-1.2986E-02
-2.4201E-02
-7.7946E-03
5.5187E-03
2.0083E-02
3.2799E-02
2.7017E-02
4.4139E-03
1.3417E-02
2.4241E-02
-6.0124E-03
-2.3969E-02
-1.4305E-02
4.2339E-03
1.4174E-02
7.5685E-03
-1.2495E-02
-2.0481E-02
-1.4459E-02
-1.2296E-02
-1.7634E-02
-1.1987E-02
-2.1207E-02
-2.1055E-02
-9.7602E-03
-3.2377E-02
-4.3878E-02
-4.6087E-02
-5.1572E-02
-4.8839E-02
-4.2420E-02
-3.6327E-02
-2.7916E-02
-1.3081E-02
-7.4625E-03
-3.0222E-03
4.7221E-05
-5.1898E-03
2.4351E-03
2.0354E-02
3.3833E-02
2.4559E-02
1.1488E-02
-6.9439E-03
-2.5562E-02
-2.0391E-02
-1.0477E-02
-1.5884E-02
1.7447E-04
1.2228E-02
1.5166E-02
8.1011E-03
4.9001E-03
6.6290E-03
4.0639E-03
2.2631E-02
1.3602E-02
-9.5540E-03
-1.8392E-03
1.3850E-03
-1.2742E-03
9.3419E-03
3.7819E-03
-1.5465E-02
-2.0163E-02
-2.7480E-02
-2.3637E-02
-1.6439E-02
-1.9633E-02
-3.1651E-03
3.4774E-03
-1.7765E-02
-2.6988E-02
-2.9430E-02
-2.5175E-02
-1.2356E-02
6.1794E-03
1.9919E-02
2.3103E-02
2.3209E-02
1.5440E-02
7.7635E-03
-9.4572E-03
-1.0343E-02
-7.4788E-03
-1.0503E-02
-1.5374E-02
-1.6738E-02
-1.1073E-02
5.7575E-03
1.6260E-02
7.3042E-03
-8.7576E-03
-1.5815E-02
-2.2609E-02
-3.4610E-02
-1.7187E-02
1.8352E-02
2.5488E-02
1.5441E-02
4.4092E-03
-5.6668E-03
2.0924E-03
4.9851E-03
-8.3359E-03
-4.1694E-03
1.5424E-02
1.8170E-02
1.9196E-02
2.4821E-02
1.8818E-02
1.7017E-02
2.4218E-02
1.7226E-02
1.9663E-02
9.1450E-03
1.0666E-02
3.4556E-02
2.3460E-02
8.6497E-03
8.8247E-03
4.5150E-03
6.0170E-03
1.2180E-02
2.1523E-02
1.9905E-02
1.7017E-02
1.3631E-02
1.0523E-03
-3.7948E-03
6.2988E-03
6.8785E-03
1.4455E-02
1.4846E-02
3.7000E-03
-2.3597E-04
-5.2086E-03
3.8382E-03
5.2274E-03
-7.6533E-03
-5.3143E-03
-6.8268E-03
-1.3931E-02
-1.0185E-02
-9.5792E-03
-6.7467E-03
-2.2193E-02
-1.8793E-02
1.1376E-02
2.6836E-02
1.5922E-02
2.4041E-03
4.9634E-03
6.8972E-03
6.7525E-04
-8.1330E-03
-1.5871E-02
-6.0064E-03
1.4221E-02
1.8932E-02
-1.4265E-03
1.9781E-03
1.3758E-02
-1.2034E-02
-4.7164E-03
-8.4350E-04
-1.5728E-02
-5.2866E-03
1.0243E-03
1.5198E-03
-9.6716E-05
-1.0877E-03
1.4992E-02
2.3680E-02
1.2339E-03
-2.1151E-02
-1.0874E-02
-2.2401E-03
6.2382E-03
6.7743E-03
6.7010E-03
1.6752E-02
2.9595E-02
1.6487E-02
-6.6747E-03
9.4676E-03
1.3377E-02
1.5208E-02
1.2875E-02
-2.7572E-04
-1.3633E-04
-9.6115E-03
-9.8734E-03
-2.3913E-03
-1.5211E-02
-2.1350E-02
-2.8352E-02
-2.1064E-02
6.8842E-03
1.5127E-03
9.2954E-03
1.3954E-02
-8.6612E-03
-1.2021E-03
3.3669E-03
2.1613E-03
1.1624E-03
-4.8412E-03
-2.2918E-04
4.7150E-03
4.2502E-03
9.3980E-03
-2.6990E-03
-1.9338E-02
-1.7119E-02
-1.3719E-02
-1.2220E-02
-6.2509E-03
7.0623E-03
6.6883E-03
2.8434E-03
9.8186E-03
-1.1386E-03
-8.9519E-03
2.4187E-04
1.2510E-02
1.4539E-02
3.4715E-02
3.3103E-02
1.1781E-02
3.1577E-02
3.6128E-02
2.2036E-02
1.9048E-02
1.9281E-02
1.5671E-02
1.4994E-02
2.0151E-02
5.9225E-03
-9.3107E-03
-2.2973E-02
-3.7220E-02
-3.0795E-02
-3.6538E-02
-4.9144E-02
-2.7254E-02
8.9398E-04
-3.7852E-03
1.0048E-03
2.0146E-02
1.1596E-02
-8.4564E-03
-1.8561E-02
-2.3769E-02
-2.7762E-02
-2.2708E-02
-7.1010E-03
-7.2462E-03
-6.3679E-03
-9.5820E-03
1.3220E-03
-1.7929E-03
2.7215E-03
-3.4915E-03
-2.2927E-02
-1.7854E-02
-1.7086E-02
-4.4630E-03
-4.9535E-03
-1.4312E-02
-6.4672E-03
1.1336E-03
1.1124E-03
2.5027E-03
8.1407E-03
1.5355E-02
1.4048E-02
2.1016E-02
2.6569E-02
1.8989E-02
1.3136E-02
9.3745E-03
-4.2791E-03
-2.5776E-03
1.4304E-02
1.5088E-02
1.7393E-02
1.4490E-02
-7.2792E-03
-1.4263E-02
-1.2949E-02
-1.9904E-02
-4.1356E-02
-3.5857E-02
-3.7116E-02
-4.8099E-02
-3.4315E-02
-2.4478E-02
-1.9123E-02
-6.7531E-03
-6.0505E-04
3.5172E-03
1.0731E-02
1.6162E-02
1.5784E-03
-1.9393E-02
-1.9958E-02
-8.8668E-03
1.5112E-02
1.6627E-02
8.5362E-03
1.6600E-02
2.0997E-02
7.7199E-03
8.5831E-03
1.9107E-02
3.5922E-03
-6.3032E-03
1.6672E-02
2.6257E-02
2.7115E-02
1.3807E-02
-4.9497E-03
-4.2902E-03
-6.5038E-03
-1.9838E-02
-9.6397E-03
-1.0116E-02
-1.5270E-03
1.9227E-02
1.1606E-02
-5.3852E-03
-3.0699E-03
8.9957E-03
5.0762E-03
3.0660E-02
3.7724E-02
4.2323E-03
-9.8080E-04
3.4804E-03
-1.7402E-02
-1.4545E-02
4.5491E-03
1.3458E-02
5.7530E-03
3.0724E-03
8.3014E-03
-4.2996E-03
-1.9468E-02
-2.0332E-02
-1.5967E-02
-2.0317E-02
-2.1042E-02
-2.4763E-02
-2.5592E-02
-1.5384E-02
-5.0797E-03
5.4148E-03
1.1306E-02
-6.9371E-04
8.2911E-04
4.7393E-03
1.9714E-03
4.8032E-03
1.6792E-03
1.4259E-02
1.2989E-02
7.7370E-03
2.1343E-02
1.7095E-02
1.3395E-02
1.0414E-02
-3.3939E-03
-9.8272E-03
4.5399E-03
7.2640E-03
1.2527E-03
1.5001E-02
9.7741E-03
-7.9651E-03
-1.5561E-02
-7.1527E-03
1.4183E-02
2.5259E-02
1.7440E-02
2.0046E-03
-7.2238E-03
-5.1401E-03
-6.4232E-03
-3.7137E-03
-1.0289E-02
-1.6101E-02
6.1179E-04
-5.0746E-03
1.2043E-04
9.1173E-03
5.5996E-03
6.2234E-03
-4.0609E-03
-3.0152E-03
2.7270E-03
4.0929E-03
3.9387E-03
-7.3045E-03
-2.0039E-02
-2.1965E-02
-2.3463E-02
-2.2085E-02
-2.3646E-02
-1.4902E-02
4.2506E-03
1.5742E-02
8.5047E-03
4.3023E-03
1.4308E-02
4.8119E-03
1.9728E-03
1.4947E-02
-4.3519E-03
-9.5315E-03
1.2083E-02
-2.8311E-03
-6.0501E-03
-1.2164E-04
-1.7405E-02
5.0456E-04
1.5338E-02
7.5120E-04
1.1159E-02
1.1850E-02
-5.2735E-03
1.0301E-02
2.3184E-02
2.1354E-02
2.2575E-02
1.3279E-02
-4.3231E-03
-3.4194E-03
1.8720E-03
5.8916E-03
1.8609E-02
1.8336E-02
7.8899E-03
-1.7808E-04
2.1269E-02
2.2202E-02
-1.5207E-02
-8.2522E-03
-2.4243E-03
-5.4445E-03
1.1057E-02
7.2083E-03
7.1364E-03
9.8684E-03
3.5699E-03
-3.0602E-03
-1.3577E-02
-1.3113E-02
-1.6027E-02
-1.4711E-02
8.2348E-04
4.6593E-03
5.6626E-03
1.5734E-02
1.6694E-02
-5.1196E-03
-1.1341E-02
3.9723E-03
-1.3550E-03
7.6800E-04
9.0708E-03
6.7054E-03
1.1985E-02
1.3975E-02
4.1056E-04
8.9770E-03
6.1941E-03
-2.4925E-03
3.9490E-03
-6.6517E-03
-3.7356E-03
-2.3646E-03
-9.2625E-03
-4.8507E-04
5.5425E-03
4.3076E-03
1.6394E-02
2.4293E-02
1.5932E-02
4.7515E-04
1.4983E-03
-3.1136E-03
-1.7110E-02
-1.4630E-02
-1.5493E-02
9.6914E-04
3.7896E-03
-1.0621E-02
-6.6150E-03
-6.9872E-03
-3.7165E-03
2.9583E-04
6.5815E-03
1.3973E-02
3.7741E-03
-1.4163E-02
-7.3222E-03
9.8446E-03
-2.2157E-03
-1.5194E-02
-1.6053E-02
-2.4159E-02
-2.7385E-02
-8.9523E-03
-1.1601E-02
-1.2470E-02
-6.0644E-03
-7.2536E-03
-5.5292E-03
-2.1787E-02
-2.6629E-02
-1.9439E-02
-1.1975E-02
-5.0926E-03
-1.2841E-03
7.1168E-03
-9.4091E-04
-8.6821E-03
-4.1590E-03
-3.0384E-03
-5.7728E-03
-3.0632E-03
4.9973E-03
1.1345E-02
1.3835E-02
6.9493E-03
4.5919E-03
-6.8132E-03
7.7931E-04
7.8662E-03
9.0381E-03
8.5111E-03
9.9643E-03
1.1365E-02
9.7175E-03
1.6904E-02
2.1059E-02
7.4042E-03
9.2574E-03
2.0627E-02
2.3593E-02
1.7890E-02
-1.6919E-02
-3.6205E-02
-9.9689E-03
-2.9354E-03
2.6250E-03
8.0172E-03
1.6638E-02
3.3680E-02
9.8240E-03
-1.3951E-02
-1.5144E-02
-1.8315E-02
-2.3084E-02
-1.3742E-02
3.6503E-03
5.1473E-04
-6.0541E-03
2.0515E-03
-7.8964E-03
-1.6947E-02
-1.5918E-02
-7.0884E-03
-3.2771E-03
5.0321E-03
1.2623E-02
7.2339E-03
-8.2506E-03
-1.0150E-02
2.6193E-03
1.3843E-02
-1.1324E-03
-2.8229E-03
8.4348E-04
2.8101E-04
1.9760E-03
-1.4378E-04
-8.5938E-03
-1.9251E-03
-1.0698E-02
-6.2747E-03
1.1083E-02
-2.7076E-03
9.6903E-03
1.3997E-02
6.8457E-03
-1.3431E-03
-8.3095E-03
-1.6365E-02
-9.6144E-03
3.0577E-03
6.0123E-03
1.3464E-02
2.3326E-02
1.8583E-02
2.1293E-02
1.4149E-02
1.2061E-02
2.8446E-03
-1.5766E-02
-1.8853E-02
-1.6007E-02
-8.9842E-03
2.3583E-03
7.3042E-03
1.0246E-02
1.0891E-02
1.3098E-04
4.9606E-03
2.3395E-03
-4.3452E-03
-8.5964E-03
-1.7637E-02
-1.0297E-02
7.9745E-05
-1.2042E-02
-7.9975E-03
8.8113E-03
1.8096E-03
2.7063E-03
4.5054E-03
9.0119E-03
2.0205E-02
1.5962E-02
-1.0511E-02
-2.1842E-02
-1.1803E-02
-1.4813E-02
-1.6666E-02
-1.7512E-02
-2.3256E-02
-1.4583E-02
-5.9852E-03
-1.5845E-02
-1.2620E-02
-4.8796E-03
5.7826E-03
1.8701E-02
6.6328E-03
-2.9243E-03
2.2080E-02
1.8613E-02
1.1082E-02
2.0253E-02
4.8428E-03
-1.8189E-02
-2.1830E-02
-2.5311E-03
-7.7147E-05
-3.0126E-03
-1.2962E-03
8.8754E-03
1.5720E-02
1.7938E-02
1.5151E-02
1.4346E-02
9.7683E-03
1.5285E-02
8.8686E-03
-9.0955E-03
-2.3163E-03
-4.5478E-03
-2.2349E-02
-1.5394E-02
-1.4891E-03
-2.5917E-05
-5.3290E-03
-6.1897E-03
-7.8472E-03
-9.7286E-03
-3.7314E-03
-5.1114E-04
4.0003E-03
3.4987E-03
1.0177E-02
1.4687E-02
1.2314E-02
1.1964E-03
1.8404E-03
-3.2495E-03
4.6303E-03
1.4129E-02
1.8046E-02
2.2018E-02
2.1131E-02
1.9881E-02
1.9658E-02
4.7513E-03
-7.5880E-03
-3.2965E-03
8.3422E-04
-5.8857E-03
-1.4145E-02
-2.0286E-03
-3.5386E-04
1.0252E-03
-4.3527E-03
-1.1667E-02
-3.0864E-03
-1.0229E-02
-1.0558E-02
-4.8910E-03
-5.7389E-03
-4.0882E-03
1.1707E-03
1.9053E-02
1.9151E-02
4.0376E-03
-5.0865E-03
-1.5249E-02
-1.8987E-02
-2.2113E-02
-3.2284E-02
-2.3178E-02
-7.1776E-03
-4.5074E-03
-4.0708E-03
4.1009E-03
-2.9830E-03
5.7623E-03
1.8591E-02
-4.0631E-03
-1.4865E-02
-8.6269E-03
-6.0328E-03
1.0966E-03
1.8827E-03
8.4179E-03
1.5546E-02
6.5290E-03
8.4712E-03
5.5355E-03
1.1081E-02
2.2867E-02
9.5359E-03
6.0610E-03
1.0756E-02
1.2476E-02
1.7614E-02
1.4035E-02
8.5079E-03
6.1688E-03
-5.7414E-04
-1.3742E-02
-1.2497E-02
-1.7268E-03
-1.4921E-03
-9.3269E-03
2.6192E-03
-8.3759E-04
-1.1100E-02
-1.6623E-02
-3.3081E-02
-2.9367E-02
-1.4284E-02
-1.5025E-02
-1.1861E-02
-5.0917E-03
-5.9355E-03
-1.1108E-02
-2.0381E-02
-1.7888E-02
-1.8260E-02
-1.9427E-02
-1.8162E-02
1.3680E-03
5.1006E-03
-6.8803E-03
4.5748E-03
1.1614E-02
-8.1929E-04
1.1256E-03
4.8926E-03
1.2632E-02
7.7903E-03
-1.0387E-02
1.6753E-04
7.9011E-03
-3.8701E-03
-9.0953E-03
-1.0999E-02
-1.9350E-02
-2.5169E-02
-2.2619E-02
-1.1936E-02
-8.3812E-03
-1.4763E-03
7.5174E-03
-6.4703E-03
-1.2588E-02
-1.9355E-02
-1.3641E-02
6.6481E-03
9.8331E-03
-5.7885E-03
-1.0750E-02
3.0097E-03
1.5255E-02
1.4280E-02
1.1484E-03
-1.4234E-04
9.1937E-03
7.2603E-03
-7.8834E-03
-9.0734E-03
-9.2934E-04
1.1605E-02
4.0138E-03
-2.1600E-03
-4.8331E-03
-6.6346E-03
2.9165E-03
1.4671E-02
-1.7515E-03
2.0632E-03
3.7109E-03
-1.5369E-02
-1.3936E-02
2.4580E-04
1.2403E-02
1.9977E-02
1.6831E-02
1.1679E-02
1.1356E-02
1.5884E-02
9.0486E-03
-1.5205E-02
-6.5300E-03
-1.7844E-03
-3.2458E-03
1.1288E-02
1.5054E-02
1.7967E-02
2.4698E-02
9.6520E-03
4.5112E-03
-2.1351E-03
-1.9489E-02
-1.3679E-02
-1.7212E-03
-1.1222E-02
-4.1074E-03
1.5303E-03
-1.0320E-02
-4.6736E-03
-2.8767E-03
-1.7312E-02
-2.1042E-02
-4.1493E-03
1.3100E-02
1.9545E-03
-1.4252E-02
-2.5708E-03
1.1764E-02
1.4849E-02
-3.0852E-03
-9.9945E-03
-4.2266E-03
-1.3119E-02
-2.3021E-02
-1.8534E-02
-7.9942E-03
-4.8289E-03
2.4199E-03
-4.4651E-03
-1.1618E-02
-8.8600E-03
-5.5816E-03
-4.3671E-03
-1.3148E-02
-1.0969E-02
1.7510E-03
9.1428E-04
-3.0638E-03
4.9409E-03
2.1452E-03
5.9744E-03
4.1394E-03
-5.6270E-03
-4.2930E-03
9.4634E-04
6.8654E-03
6.4611E-03
-2.9699E-03
-1.9809E-02
-2.0365E-02
-8.2338E-03
-7.2415E-03
-1.1062E-02
-1.3375E-02
-1.8475E-02
-1.1896E-02
-1.5165E-02
-1.4145E-02
-1.6837E-02
-2.5658E-02
-1.4306E-02
-3.8424E-03
3.6136E-03
1.2777E-02
1.5531E-02
8.1904E-03
1.3447E-02
1.8128E-02
7.8596E-03
7.5048E-03
1.7437E-02
2.6576E-02
2.1846E-02
6.6578E-03
1.3340E-02
2.3115E-02
2.1537E-02
3.3606E-02
3.9724E-02
2.6997E-02
1.7807E-02
1.5888E-02
2.2548E-02
2.2910E-02
2.1217E-02
1.3771E-02
5.0936E-03
8.0399E-03
1.0247E-02
2.3889E-02
3.0662E-02
2.6429E-02
2.5710E-02
1.8866E-02
1.5393E-02
1.2562E-02
1.5859E-02
1.7899E-02
4.5199E-03
5.8323E-03
1.2419E-02
-1.6630E-04
4.0952E-03
1.2245E-02
1.9781E-02
2.8340E-02
2.2897E-02
2.0394E-02
1.9546E-02
5.4773E-03
3.2271E-03
2.4202E-02
3.3773E-02
3.3189E-02
4.2884E-02
5.2766E-02
5.0144E-02
5.5159E-02
5.8976E-02
5.2380E-02
3.9745E-02
3.1426E-02
2.3759E-02
2.4333E-02
3.9481E-02
4.6068E-02
5.0833E-02
6.6517E-02
6.5004E-02
4.6322E-02
3.8650E-02
2.8758E-02
1.4589E-02
1.7684E-02
2.0954E-02
2.0702E-02
3.1883E-02
2.5160E-02
7.3242E-03
6.9872E-03
-2.3482E-03
-1.6536E-02
-1.2565E-02
-1.5163E-02
-1.3393E-02
1.7552E-03
-2.0613E-03
-1.9416E-03
1.1721E-02
5.5077E-03
-7.3451E-03
-1.2049E-02
-1.4129E-02
-1.0513E-02
-1.1187E-02
-1.5267E-02
-5.9288E-03
-3.7025E-03
-1.0105E-02
-7.9586E-03
3.7892E-03
1.8154E-02
9.8004E-03
-7.6505E-03
-1.7323E-02
-2.9511E-02
-3.5925E-02
-3.1646E-02
-3.3333E-02
-3.5074E-02
-3.1680E-02
-2.1430E-02
-1.3743E-02
-2.5603E-02
-4.0382E-02
-5.0488E-02
-6.3733E-02
-7.2122E-02
-6.5507E-02
-5.2143E-02
-4.2075E-02
-3.7314E-02
-3.3704E-02
-3.5486E-02
-3.3537E-02
-5.1339E-02
-6.9327E-02
-5.6122E-02
-4.1720E-02
-2.6354E-02
-1.7304E-02
-1.3868E-03
1.2826E-02
5.1779E-03
-1.7377E-03
-4.2129E-03
-9.6633E-03
-9.8692E-03
-7.2573E-03
-9.5979E-03
-2.1890E-03
4.5505E-03
9.0393E-03
1.6747E-02
2.3201E-02
1.9996E-02
1.9714E-02
1.5421E-02
1.3109E-02
1.4853E-02
5.8014E-03
2.2924E-02
3.7468E-02
3.6462E-02
3.7872E-02
3.6035E-02
2.9172E-02
2.1248E-02
8.7362E-03
-2.1658E-03
-6.5561E-03
-1.1223E-02
-3.0697E-03
1.2941E-02
1.0535E-02
6.3664E-03
1.9647E-03
-1.1086E-02
-1.9439E-02
-1.8037E-02
-2.4963E-02
-3.0049E-02
-2.9055E-02
-2.2498E-02
-1.3851E-02
-8.5259E-03
-6.1828E-03
-1.4871E-02
-3.2181E-02
-3.9638E-02
-2.8945E-02
-2.4981E-02
-1.8448E-02
-1.3017E-02
-1.7107E-02
-1.6557E-02
-7.8756E-03
5.5308E-03
2.0430E-02
1.9320E-02
3.5903E-03
-8.5952E-03
-1.8601E-02
-2.7028E-02
-1.4080E-02
-2.4753E-03
3.0869E-03
9.4634E-03
2.6295E-03
-2.8959E-03
-2.2712E-03
-6.3042E-03
-2.1873E-03
1.0181E-02
1.6832E-02
1.7771E-02
2.1151E-02
1.7680E-02
2.1522E-02
2.9887E-02
2.5598E-02
2.5631E-02
3.2628E-02
2.3100E-02
9.1403E-03
1.9044E-02
1.6233E-02
9.3807E-03
6.9344E-03
-5.6752E-05
-2.5379E-03
7.5659E-04
5.3568E-03
9.5718E-03
2.7783E-02
3.0546E-02
1.7251E-02
1.2549E-02
1.1933E-02
4.4438E-03
7.1139E-04
2.6895E-03
-4.4880E-03
-7.5964E-03
-1.5280E-03
-1.1918E-02
-3.1909E-02
-2.7573E-02
-1.6218E-02
-1.1712E-02
-1.9575E-02
-1.2357E-02
5.1444E-03
7.0700E-03
9.1586E-03
6.2378E-03
-8.2463E-03
-3.5058E-03
-1.8649E-03
-7.3346E-03
-8.3739E-03
-1.2602E-02
-1.2339E-03
1.0668E-02
3.8472E-03
2.7590E-03
1.0956E-02
8.6046E-03
-1.0946E-02
-1.3759E-02
-7.8653E-03
3.1674E-03
7.3078E-03
5.9549E-03
5.4698E-03
-1.8429E-02
-2.6713E-02
-2.7933E-02
-3.3206E-02
-2.4759E-02
-1.6502E-02
-1.2891E-02
-5.3954E-03
-7.1198E-03
-9.4717E-03
-1.8660E-02
-2.3170E-02
-2.4378E-02
-2.6587E-02
-2.2540E-02
-1.4816E-02
-1.6483E-02
-1.4051E-02
-1.3592E-02
-2.4650E-02
-2.8820E-02
-3.2460E-02
-2.9832E-02
-2.7356E-02
-3.7168E-02
-3.4755E-02
-2.1724E-02
-2.1320E-02
-2.0703E-02
-6.2290E-03
-4.0787E-03
-1.2210E-03
-8.7986E-04
-1.4561E-02
-2.0190E-02
-2.4067E-02
-2.7635E-02
-3.0276E-02
-2.3250E-02
-2.9046E-02
-2.8663E-02
-2.6859E-02
-2.6341E-02
-2.6779E-02
-2.2316E-02
-1.6264E-02
-2.5226E-02
-2.8691E-02
-2.8545E-02
-2.6497E-02
-2.3689E-02
-3.1347E-02
-3.7139E-02
-3.0917E-02
-3.3806E-02
-4.4811E-02
-4.6020E-02
-3.0720E-02
-2.0647E-02
-2.1628E-02
-1.2969E-02
-1.2493E-02
-1.6228E-02
4.1002E-03
7.6230E-04
-1.2117E-02
-8.9111E-03
-1.0946E-02
-1.2270E-02
-6.6729E-03
-6.0050E-03
-1.3797E-02
-1.5797E-02
-5.5498E-03
5.4063E-03
7.2672E-03
-6.3574E-03
-1.3983E-02
-6.9988E-03
5.0074E-03
1.2366E-02
-1.6543E-03
-8.4745E-03
-4.3695E-03
-6.6073E-03
-9.2784E-03
-2.1133E-03
4.1725E-04
-4.3466E-03
1.8330E-03
-4.8613E-03
-1.2297E-02
-3.8768E-03
-3.2088E-03
3.4888E-03
1.2619E-02
1.6453E-03
-6.3970E-03
-1.8132E-03
-9.0016E-04
3.8006E-03
9.1526E-03
8.8316E-04
6.9339E-03
1.0358E-02
6.6895E-03
7.5867E-03
6.4838E-03
1.2209E-02
1.5658E-02
1.3617E-02
1.8313E-02
2.2605E-02
3.1891E-02
3.5454E-02
2.8278E-02
2.6956E-02
9.8466E-03
1.3512E-02
2.4369E-02
2.5872E-02
2.9630E-02
2.2188E-02
-1.5296E-03
5.8473E-04
1.4813E-02
1.1602E-02
9.5340E-03
1.4179E-02
1.3056E-02
7.4134E-03
6.7005E-03
1.3430E-02
1.4202E-02
6.0632E-03
9.9780E-03
7.4898E-03
7.3857E-03
2.8131E-03
9.3320E-03
1.3032E-02
4.6796E-03
-3.2405E-03
-6.4397E-03
9.4584E-05
-7.8262E-04
-3.6264E-03
1.6475E-03
7.3063E-03
-4.7973E-03
4.4524E-03
2.4516E-02
2.1347E-02
1.9525E-02
1.6960E-02
1.6025E-02
6.2632E-03
8.4311E-03
1.4266E-02
1.1429E-03
-4.7872E-03
-1.4151E-03
6.2033E-03
5.4365E-03
7.7472E-03
1.5678E-02
1.1171E-02
-1.9028E-03
-1.0244E-02
-2.6367E-03
-7.9199E-04
-5.7625E-03
6.8873E-03
2.0514E-02
2.2551E-02
2.3243E-02
2.8052E-02
2.9313E-02
1.4826E-02
1.4514E-02
2.0854E-02
1.6097E-02
1.6818E-02
2.3067E-02
3.4310E-02
3.4079E-02
3.2464E-02
3.3162E-02
2.2147E-02
2.4221E-03
-2.3844E-03
-9.0145E-04
-5.6304E-03
-1.4077E-02
-1.5533E-02
-3.2971E-03
6.8358E-03
1.1287E-02
1.8336E-02
1.1641E-02
-3.0539E-03
-1.1922E-02
-8.9089E-03
1.7263E-04
8.1727E-03
2.0028E-02
9.5620E-03
3.0916E-03
7.8084E-03
1.3763E-02
1.1444E-02
1.6204E-02
1.6017E-02
5.1397E-03
1.0881E-02
2.3208E-03
-1.4152E-02
-1.7563E-03
6.3606E-03
6.7910E-04
9.2058E-03
1.7418E-02
5.5885E-03
1.6552E-02
1.6341E-02
-1.6037E-03
1.1600E-02
5.8056E-03
7.9552E-03
1.8118E-02
9.9037E-03
5.0248E-03
1.7647E-02
6.8183E-03
-5.6772E-03
2.1631E-03
-2.9484E-04
2.2507E-03
6.2292E-03
1.4063E-04
-6.3915E-03
-4.6421E-03
-2.5243E-03
-3.5744E-03
-4.2049E-03
-1.3266E-04
-3.0469E-03
1.7833E-03
9.5106E-03
1.6305E-02
1.3843E-02
1.2033E-02
1.0067E-02
1.0384E-02
1.6245E-02
1.6553E-02
1.1939E-02
1.3809E-02
1.8532E-02
1.1157E-02
6.5874E-03
2.9840E-03
7.3056E-03
1.6213E-02
2.2439E-02
1.7995E-02
1.4791E-02
1.9380E-02
1.7123E-02
4.8639E-03
9.7884E-03
2.2620E-03
-1.1415E-02
-5.4444E-03
-7.4874E-03
-3.4352E-03
6.8847E-03
3.1478E-03
-4.9041E-03
-1.2946E-02
-1.1156E-02
-1.5884E-02
-2.0384E-02
-2.1637E-02
-2.9104E-02
-3.2346E-02
-2.8556E-02
-1.9868E-02
-1.3460E-02
-8.1321E-03
-6.9343E-03
-7.3523E-04
-5.7408E-03
-9.8180E-03
-1.3108E-02
-1.1911E-02
-3.2949E-03
6.7383E-04
3.6173E-03
6.0127E-03
1.0327E-02
5.0416E-03
-1.4814E-04
-7.3673E-04
4.1323E-03
7.4371E-03
1.2184E-02
1.0031E-02
1.2975E-02
2.5177E-02
1.1651E-02
1.0169E-03
7.1753E-04
-1.1655E-02
-1.3453E-02
-4.8964E-03
-1.1082E-02
-1.3489E-02
-9.8363E-03
-1.4602E-02
-1.1020E-02
-7.5423E-03
-5.4614E-03
-9.7322E-03
-5.1703E-03
3.7090E-03
-1.0874E-02
-1.0856E-02
8.7932E-04
-2.8710E-03
-9.1041E-03
-7.8187E-03
-7.4645E-03
-3.3686E-03
-5.8366E-03
-6.4137E-03
7.2150E-03
9.7452E-03
4.2353E-03
4.7614E-03
1.1270E-02
1.3226E-02
8.8603E-03
1.2436E-02
1.7771E-03
-2.1066E-03
6.7933E-03
1.6148E-02
1.9188E-02
1.3482E-02
6.9895E-03
1.2091E-02
2.1611E-02
8.3719E-03
1.3184E-03
-3.7358E-03
-1.1476E-02
-9.2449E-04
3.5618E-03
2.5708E-03
1.0862E-02
6.4334E-03
7.7326E-04
-5.7146E-03
-1.9902E-02
-2.0601E-02
-1.0717E-02
-1.0083E-02
-3.0512E-03
1.8145E-02
1.4634E-02
1.0031E-03
5.3718E-03
1.1385E-02
9.9563E-03
1.8361E-02
2.1338E-02
1.7577E-02
2.2457E-02
2.0436E-02
1.8202E-02
1.5806E-02
6.1743E-03
1.1018E-03
4.8927E-03
6.7525E-03
-3.2000E-03
-2.4871E-03
1.4001E-03
-6.6384E-03
-8.8907E-03
-5.0706E-03
6.9172E-03
2.1098E-02
1.7583E-02
7.4217E-03
-4.3896E-03
-1.4485E-02
-2.9203E-02
-3.5408E-02
-2.3199E-02
-1.3668E-02
3.2116E-03
4.7739E-03
3.8504E-03
-1.6149E-03
-1.2730E-02
-1.9320E-02
-1.6123E-02
-9.6893E-03
-2.1470E-03
-1.1658E-02
-1.5200E-02
-1.9140E-02
-2.5364E-02
-1.7033E-02
-1.3163E-02
-1.1944E-02
-1.2202E-02
-1.8680E-02
-1.8212E-02
-1.5418E-02
-1.4194E-02
-2.2025E-02
-2.6370E-02
-1.2079E-02
-9.6042E-03
-9.9476E-03
-7.6353E-03
-8.0894E-03
-1.4489E-02
-2.0366E-02
-3.1685E-02
-1.7311E-02
-7.1704E-03
-5.8591E-03
-9.8855E-05
1.1484E-02
2.1062E-02
1.8984E-02
9.0277E-03
1.1279E-03
-5.7406E-03
-7.2073E-03
-1.4982E-03
8.5518E-03
1.7053E-02
2.2537E-02
2.5789E-02
9.9238E-03
4.0451E-03
6.6847E-04
-1.8085E-03
1.2208E-03
-1.3401E-04
8.4804E-03
1.2703E-02
8.1251E-03
5.9310E-03
-1.0518E-03
-3.6284E-03
3.8425E-03
3.7249E-03
6.2911E-03
2.0220E-02
2.3924E-02
9.8246E-03
7.7626E-03
-3.7142E-03
-2.3181E-02
-1.3273E-02
-2.0488E-03
-1.9666E-03
5.3316E-04
3.5647E-03
1.8050E-02
2.7646E-02
1.6373E-02
6.7214E-03
1.6608E-02
2.4633E-02
1.6025E-02
1.0723E-02
1.7732E-02
1.4908E-02
9.0667E-03
7.6895E-03
4.4441E-03
7.2040E-03
1.3538E-02
-2.1619E-03
-1.2453E-02
1.8870E-03
1.2101E-03
-3.8184E-03
1.0306E-02
1.8259E-02
1.7077E-02
2.2776E-02
2.5253E-02
1.8935E-02
8.1515E-03
7.1793E-03
3.5927E-03
1.7501E-02
2.5332E-02
1.7165E-02
2.6522E-02
3.3489E-02
3.0693E-02
3.1603E-02
1.4903E-02
6.5766E-03
1.5747E-02
1.8117E-02
1.7861E-02
1.3604E-02
5.4831E-03
1.3081E-02
1.5256E-03
-4.3700E-03
-4.2459E-04
1.9167E-03
-1.4735E-03
-6.2627E-03
-3.9768E-03
-4.4064E-03
7.6876E-03
1.2314E-02
1.2307E-03
-4.2547E-04
-5.0722E-03
-3.2928E-03
-7.9384E-03
-2.9328E-02
-2.0900E-02
-1.2884E-02
-1.5957E-02
-2.5123E-02
-1.7038E-02
-8.2037E-03
-1.8481E-02
-1.7380E-02
-9.2139E-03
-2.3192E-02
-2.5424E-02
-5.6424E-04
-1.6330E-03
-1.0981E-02
-3.1484E-03
-7.4235E-03
-1.1066E-02
-1.8511E-02
-4.5210E-02
-4.1307E-02
-2.1868E-02
-3.2578E-02
-3.4769E-02
-1.6675E-02
-1.1663E-02
-1.0364E-02
-9.1485E-03
-1.9143E-02
-2.1711E-02
-2.1456E-02
-1.8717E-02
-1.1932E-02
-7.5579E-03
-2.5093E-02
-3.7599E-02
-2.8017E-02
-3.0163E-02
-2.9713E-02
-9.0433E-03
-1.0912E-02
-2.3027E-02
-1.9407E-02
-2.0261E-02
-2.7914E-02
-2.4952E-02
-2.6295E-02
-1.9318E-02
-7.4566E-03
-8.1365E-03
-1.0150E-02
-2.9547E-03
-8.9498E-03
-1.3339E-02
-9.5825E-03
-2.1296E-02
-2.7664E-02
-2.2681E-02
-2.6769E-02
-2.1680E-02
-6.5450E-03
-2.6374E-03
8.6057E-03
4.3032E-03
-5.0197E-03
-6.3508E-03
-1.1595E-02
-9.8089E-03
-6.1947E-03
4.2418E-04
9.7760E-03
1.5494E-02
1.8092E-02
2.0514E-02
2.4941E-02
2.3555E-02
1.8989E-03
-9.2887E-03
-7.9308E-03
-3.3010E-03
3.2695E-03
2.1719E-03
7.4110E-03
-1.0254E-03
-1.2860E-02
-1.5876E-02
-1.7332E-02
-2.0943E-02
-8.7825E-03
-5.2401E-03
-7.9107E-03
-1.2503E-02
-1.9226E-02
-1.0673E-02
8.4731E-03
8.0716E-03
5.2489E-03
1.2238E-02
1.5333E-02
1.1208E-02
1.9240E-02
2.6510E-02
1.3405E-02
-6.8126E-03
-1.6914E-03
5.7355E-03
2.0739E-03
8.1266E-03
9.0637E-03
1.6576E-02
1.4499E-02
9.5059E-03
3.4615E-03
1.2453E-02
1.8755E-02
1.0951E-02
1.8010E-02
2.2929E-02
1.5611E-02
1.6175E-02
1.0673E-02
-1.7322E-03
-4.3088E-03
-7.8873E-04
2.2449E-03
4.1635E-03
1.4171E-02
2.3353E-02
2.2709E-02
2.0266E-02
1.0086E-02
-2.1986E-03
-3.0854E-03
7.7922E-03
1.6798E-02
1.8768E-02
2.9096E-02
2.6991E-02
1.4030E-02
1.8476E-02
1.0499E-02
7.9829E-03
2.0288E-02
1.1245E-02
8.2875E-03
1.7635E-02
1.0484E-02
2.1958E-03
-7.9724E-04
-6.5763E-05
9.0880E-03
-4.9197E-03
-1.9688E-02
-1.1616E-03
1.4886E-02
1.4185E-02
1.4776E-02
1.5668E-02
-2.3428E-03
-1.8281E-02
-8.6263E-03
-3.5343E-03
-2.2338E-03
1.0982E-02
8.3883E-03
8.0546E-03
1.6192E-02
1.6543E-02
1.1011E-02
-1.1955E-03
-7.4006E-03
7.5286E-03
1.6959E-02
1.0645E-02
4.6809E-03
1.4816E-03
2.6950E-03
-7.0612E-03
-4.1984E-03
1.7364E-02
1.4933E-02
6.9674E-04
8.3859E-03
3.5035E-03
-2.8638E-03
-5.3567E-03
-1.1201E-02
-2.0087E-02
-1.2922E-02
-5.3427E-03
-5.7253E-03
-1.6523E-03
3.0260E-03
7.2195E-03
6.5445E-03
-5.6696E-03
-1.8635E-02
-1.7450E-03
9.0572E-03
9.6254E-03
1.3456E-02
1.3681E-02
1.6202E-02
6.0444E-03
-7.3069E-04
4.3488E-03
-1.3180E-03
-4.1467E-03
7.2619E-03
5.9268E-03
1.4335E-02
1.5952E-02
-2.6415E-03
-9.1344E-03
-7.5194E-03
4.0076E-03
9.9371E-04
-1.1692E-02
-7.9116E-03
-4.3853E-03
-7.8171E-03
-2.0771E-02
-2.5585E-02
-8.7784E-03
2.1072E-04
1.4752E-02
2.0456E-02
-1.3852E-03
-1.5572E-02
-1.6954E-02
-2.1939E-02
-2.3880E-02
-1.6836E-02
-5.3163E-03
4.0046E-03
4.6091E-03
-8.7366E-03
3.2381E-03
8.9286E-03
4.1763E-03
-1.8745E-03
-1.4135E-02
-1.9810E-02
-1.2797E-02
-1.1289E-03
-4.5179E-03
-2.5284E-04
3.0227E-03
7.0050E-03
1.2827E-02
1.7349E-03
-8.5001E-03
-2.1467E-02
-2.2163E-02
-2.2337E-02
-1.9872E-02
-6.9311E-03
-1.2213E-02
-1.0627E-02
-6.6207E-03
-1.0755E-02
-1.7809E-02
-1.4565E-02
7.3496E-04
1.4344E-03
-1.4582E-02
-8.0520E-03
-2.6123E-03
5.7933E-03
2.5991E-02
2.2786E-02
1.0143E-02
6.6637E-04
-4.6675E-03
4.0246E-04
4.0311E-03
2.2353E-03
8.8937E-03
1.6069E-02
8.9162E-03
1.5611E-02
2.4072E-02
1.2270E-02
-4.3481E-03
-1.3091E-02
-2.6328E-02
-2.1329E-02
-1.0091E-02
-3.4586E-02
-2.0341E-02
1.2264E-02
8.2813E-04
-8.7767E-03
-9.3220E-03
-1.3674E-02
-1.3721E-02
-1.1934E-02
-1.2807E-02
-5.6841E-03
1.0222E-02
1.7081E-02
1.8648E-02
2.6619E-02
1.5831E-02
-1.6056E-04
-7.7560E-04
-7.4647E-03
-1.0892E-02
-1.1889E-02
-7.6752E-03
-1.1904E-03
-8.2491E-03
-5.5801E-03
-5.1557E-03
-9.8623E-03
-4.5615E-03
-1.0026E-02
-3.0501E-02
-2.6607E-02
-1.2820E-02
-1.4501E-02
-9.4935E-03
-1.2213E-02
-2.1424E-02
-1.1180E-02
1.0078E-03
1.4958E-03
-2.0213E-03
-7.2470E-03
-4.7703E-03
-5.5773E-03
-5.5044E-03
5.3889E-03
7.4894E-03
-8.7262E-05
-9.3530E-03
-2.4920E-02
-1.7179E-02
-7.8547E-03
2.1572E-03
9.2209E-03
1.1467E-02
3.1624E-03
-1.4304E-02
-1.8190E-02
-5.6005E-03
-1.3733E-03
4.8097E-03
3.2991E-03
-7.7597E-03
2.1355E-03
8.5099E-03
-1.5670E-03
-4.5270E-03
-1.7321E-03
-3.8019E-03
-6.6533E-04
1.0584E-02
1.2089E-02
3.5790E-03
4.7436E-03
-2.8222E-03
-1.4464E-03
1.0579E-02
8.7581E-03
5.1695E-03
3.5051E-03
2.4290E-03
4.4425E-03
-8.1017E-03
-1.2109E-02
-2.8052E-03
1.0736E-02
1.9833E-02
1.0497E-02
3.7398E-03
1.2302E-02
1.0293E-02
1.6632E-02
1.0462E-02
9.4821E-03
1.2578E-02
2.4208E-03
3.0616E-04
8.4324E-03
1.3980E-02
1.9555E-02
2.6303E-02
2.5151E-02
2.0996E-02
4.2961E-03
-7.4744E-03
-4.6780E-03
-1.0115E-02
-5.0601E-03
7.2946E-03
1.8817E-02
2.2667E-02
8.0762E-03
6.1334E-03
-3.6742E-03
-1.7449E-02
-6.2445E-03
4.3430E-03
3.0742E-03
3.7288E-03
1.1885E-02
7.3791E-03
-8.1400E-03
-1.2131E-02
-1.2237E-02
-7.2349E-03
-2.3634E-03
1.2941E-03
3.1842E-03
5.9446E-03
9.5385E-04
-9.3837E-03
-6.0492E-03
-2.4081E-03
-6.7962E-03
6.8140E-04
1.2606E-02
1.6372E-02
5.1823E-03
-1.9287E-03
-1.4210E-04
-4.9207E-03
-1.0523E-02
-1.0727E-02
-1.4891E-02
-1.9162E-02
-5.7004E-03
2.5128E-03
-9.7512E-03
-1.5259E-02
-1.2855E-02
-5.0712E-03
-3.6291E-03
-6.1609E-03
-1.0078E-02
-1.2361E-02
-1.2651E-02
-8.7259E-04
4.1042E-03
-2.4063E-03
8.5339E-03
3.9070E-03
-2.4201E-03
8.3570E-03
6.9752E-03
8.2323E-03
4.6620E-03
-3.3998E-03
1.7128E-03
-4.3715E-04
3.4198E-03
1.3600E-02
1.2473E-02
7.1571E-03
1.6478E-02
1.3964E-02
8.5969E-03
1.0776E-02
1.0351E-02
9.6754E-03
1.0124E-02
3.8577E-03
4.4314E-03
2.7629E-03
1.8236E-03
1.8510E-02
9.9892E-03
1.5500E-03
1.3031E-02
1.4575E-02
1.5791E-02
1.7395E-02
3.1095E-03
-1.1995E-02
-1.2885E-02
-1.0150E-02
-9.6114E-03
-7.8022E-03
2.9181E-03
1.6576E-02
4.1188E-03
-4.7091E-03
8.6215E-03
1.3811E-02
8.2327E-03
1.3341E-05
3.6337E-03
1.0225E-02
1.3164E-02
1.5014E-02
1.6285E-02
1.8659E-02
1.4772E-02
1.2646E-02
1.0482E-02
1.1415E-03
-5.0130E-03
6.0289E-03
1.3771E-02
1.2570E-02
1.5827E-02
1.2052E-02
3.3896E-03
-4.7512E-03
-8.7603E-03
-5.0874E-03
5.0979E-03
1.1041E-02
5.0271E-03
5.7866E-03
1.3818E-02
1.3419E-02
3.3466E-03
-5.0269E-03
-1.4743E-02
-2.1947E-02
-2.0451E-02
-1.2496E-02
6.1309E-03
1.4356E-02
6.3378E-03
1.2195E-02
1.1381E-02
9.0501E-03
1.4128E-02
2.0059E-02
1.2120E-02
7.6930E-03
1.9907E-02
2.1016E-02
1.6655E-02
1.2699E-03
7.3664E-03
2.0597E-02
1.8680E-02
1.7899E-02
3.3271E-03
-6.9181E-04
5.1593E-03
4.8419E-03
1.1833E-02
9.0903E-03
-4.5091E-03
3.9317E-03
6.3002E-03
-2.0539E-02
-1.7541E-02
6.8296E-04
-1.5693E-03
5.5008E-03
1.1382E-02
7.0515E-03
2.7731E-04
-5.2709E-03
-3.9676E-03
-1.1287E-02
-1.9074E-02
-2.6840E-02
-2.5353E-02
-1.3649E-02
-1.2116E-02
-1.0638E-02
-8.9992E-03
-2.0471E-02
-2.0358E-02
-1.2661E-02
-9.4437E-03
-1.3028E-02
-2.0551E-02
-1.9454E-02
-6.5031E-03
-9.7507E-03
-1.2166E-02
-8.8575E-03
-1.1972E-02
-7.9596E-03
-3.7718E-03
-6.3652E-04
1.7821E-03
9.7450E-03
9.3403E-03
8.3829E-03
8.9782E-03
-2.0791E-03
-9.5079E-03
-9.9227E-04
-4.6491E-03
-1.1560E-02
-1.1554E-02
-1.2917E-02
-1.3632E-02
2.6514E-03
6.7701E-03
-1.8658E-03
-1.5312E-03
-1.1663E-02
-1.4047E-02
5.3521E-03
-1.4805E-03
-1.4150E-02
3.8064E-03
1.4608E-02
1.0118E-02
2.6038E-03
-3.8536E-03
-1.4890E-03
1.0813E-03
-1.0267E-02
-1.4413E-02
-1.2784E-03
2.9462E-03
9.6824E-04
3.6354E-03
-7.1108E-03
-1.2320E-02
-8.7796E-03
-1.7382E-02
-1.7468E-02
-7.4938E-03
-1.4725E-03
4.9762E-03
2.9914E-03
8.1503E-03
1.6169E-02
1.2541E-02
1.3659E-02
1.8310E-02
1.2205E-02
9.2241E-03
6.1822E-03
3.8476E-03
6.1349E-03
5.3161E-03
9.3205E-03
1.3941E-02
4.8804E-03
1.9764E-03
7.0320E-03
6.3853E-04
-5.0609E-03
-6.1530E-03
-6.2068E-03
2.1480E-03
9.9734E-03
1.6867E-02
1.8066E-02
1.6391E-02
1.0090E-02
2.8328E-03
1.1452E-02
1.0681E-02
6.3488E-04
-9.4369E-04
-5.5745E-03
-9.5671E-03
4.3798E-04
1.5101E-04
-2.0291E-03
2.0512E-03
1.1721E-02
8.3119E-03
7.4617E-03
5.1839E-03
-1.1608E-02
-1.5275E-02
-2.0770E-03
-3.0106E-03
-1.0545E-02
-1.2097E-02
-8.2120E-03
-1.0361E-03
-1.6135E-03
-7.3157E-03
-2.9097E-03
-3.3034E-05
-7.9899E-03
-1.7864E-02
-2.1081E-02
-2.1995E-02
-1.7614E-02
-1.4247E-02
-1.6093E-02
-2.1025E-02
-2.4496E-02
-1.2687E-02
-1.5998E-02
-1.3348E-02
-8.2565E-03
-1.0083E-02
-1.4039E-02
-2.3867E-02
-2.6622E-02
-1.9417E-02
-1.5784E-02
-1.7025E-02
-9.5203E-03
-4.6909E-03
-1.5383E-02
-1.1663E-02
-2.6309E-03
-3.6179E-03
-8.0380E-03
-1.5739E-02
-2.2417E-02
-1.5361E-02
-1.4445E-02
-1.6319E-02
-8.7726E-03
8.4486E-04
-6.6231E-04
-4.3256E-03
-3.2606E-03
3.1993E-04
2.4096E-03
-2.4979E-03
-8.8050E-03
-6.3278E-03
3.0142E-03
3.2207E-03
4.9980E-04
2.3103E-03
2.3011E-03
2.2104E-03
1.8715E-03
-3.4014E-03
1.2810E-03
1.0976E-02
1.1972E-02
7.7572E-03
8.7724E-03
1.4897E-02
1.1563E-02
6.2748E-04
5.1030E-03
8.6269E-03
2.2188E-03
5.1320E-03
-4.2135E-04
-5.5682E-03
-6.6233E-04
-6.8424E-03
-5.7501E-03
-8.9282E-04
-3.1832E-03
5.7708E-03
1.4119E-02
1.6366E-02
1.1163E-02
8.1346E-03
6.4868E-03
2.1186E-03
6.4349E-03
1.0557E-02
1.1517E-02
1.4475E-02
1.3652E-02
1.5013E-02
2.2081E-02
1.6294E-02
1.3696E-02
1.2739E-02
1.5243E-02
2.0764E-02
1.7742E-02
9.5264E-03
7.6950E-03
1.4760E-02
1.7870E-02
6.8331E-03
-9.1390E-05
6.1564E-03
8.2627E-03
1.3657E-03
-7.2313E-06
7.6163E-03
6.8606E-03
3.7771E-03
3.7316E-03
7.2437E-03
1.3385E-02
8.3280E-03
1.9060E-03
6.6534E-03
7.2465E-03
1.0496E-02
1.3562E-02
3.9411E-03
2.9529E-03
3.5180E-04
1.3110E-03
-6.5292E-05
-2.5599E-03
-7.0216E-03
-8.0328E-03
1.5719E-03
-9.0524E-04
-5.5066E-03
-6.1107E-03
-4.5068E-03
-3.7733E-03
-1.1006E-02
-8.5712E-03
-6.3219E-03
-1.8433E-03
1.9868E-03
-4.6037E-03
-1.1044E-02
-1.2376E-02
-2.4232E-03
-3.2451E-03
-9.0742E-03
-7.8140E-03
1.9774E-03
9.5364E-03
1.2029E-03
-7.1485E-03
-9.3680E-03
-9.0204E-03
-2.7073E-03
-7.7828E-03
-8.0336E-03
5.4580E-03
2.7872E-03
-4.2933E-03
-3.9979E-03
-5.4673E-03
-5.4833E-03
-5.1903E-03
-3.2439E-03
-7.1369E-03
-7.9275E-03
-7.3200E-03
-1.0042E-02
-6.5921E-03
-5.2174E-03
-1.0156E-03
1.4847E-03
-4.3649E-03
-4.2099E-03
-4.8979E-03
-6.4149E-03
-1.1959E-02
-1.3813E-02
-9.4763E-03
-1.1090E-02
-1.1711E-02
-7.7678E-03
-1.4046E-02
-1.3274E-02
-1.0902E-02
-1.2529E-02
-6.4136E-03
-3.9248E-03
-2.5704E-03
-1.0588E-03
-3.4314E-04
2.4519E-03
5.4557E-03
6.6768E-03
7.9579E-04
1.8710E-03
9.5343E-04
-5.0187E-05
1.2914E-02
8.4223E-03
4.1708E-03
-1.1555E-03
-5.8008E-03
1.4663E-03
4.3734E-03
3.8975E-03
-2.5102E-04
-5.4694E-03
-1.9132E-03
6.6039E-03
8.0472E-03
2.2881E-03
1.9023E-03
-1.7838E-03
-4.4351E-03
4.8901E-03
6.3775E-03
6.2695E-05
3.6032E-03
1.3221E-02
1.3164E-02
8.7984E-03
5.2719E-03
4.6252E-03
9.4778E-03
1.1675E-02
1.8293E-02
1.9603E-02
7.5724E-03
5.2227E-03