7.0010E+03
1.0000E-02
-2.9399E-07
-1.0536E-07
1.0014E-07
1.6587E-07
9.6692E-08
1.1952E-08
-6.0189E-09
1.6101E-08
1.1976E-08
-2.5857E-08
-4.4566E-08
-1.2441E-08
3.4285E-08
3.9232E-08
-5.9393E-10
-3.2892E-08
-1.8470E-08
2.1283E-08
3.5868E-08
1.0071E-08
-2.1719E-08
-2.3659E-08
-1.9157E-09
1.0007E-08
-1.8594E-09
-1.6779E-08
-1.1349E-08
8.3263E-09
1.6722E-08
4.1789E-09
-1.1073E-08
-7.9033E-09
1.1093E-08
2.4736E-08
1.9415E-08
1.3281E-09
-1.5947E-08
-2.6156E-08
-2.8310E-08
-1.8300E-08
6.7279E-09
3.5852E-08
4.6650E-08
2.6989E-08
-8.8147E-09
-3.2420E-08
-2.9880E-08
-1.2553E-08
6.7656E-10
4.8093E-09
7.1416E-09
1.0100E-08
6.5965E-09
-5.3059E-09
-1.2597E-08
-1.6833E-09
2.0057E-08
2.7838E-08
8.9127E-09
-1.8640E-08
-2.5344E-08
-6.4079E-09
1.1338E-08
2.5607E-09
-2.3880E-08
-3.4678E-08
-1.2759E-08
2.1211E-08
3.3042E-08
1.4438E-08
-1.0211E-08
-1.5117E-08
-1.7707E-09
8.3151E-09
2.8980E-09
-8.2486E-09
-9.5779E-09
1.7158E-10
9.8142E-09
1.2228E-08
1.0645E-08
8.6236E-09
2.4393E-09
-1.0679E-08
-2.1953E-08
-1.7875E-08
1.0400E-09
1.5955E-08
1.0501E-08
-7.5586E-09
-1.3293E-08
5.2473E-09
3.0267E-08
3.3375E-08
8.5508E-09
-2.0470E-08
-2.6982E-08
-9.8074E-09
9.1592E-09
1.1759E-08
1.0648E-09
-8.3688E-09
-1.0066E-08
-9.3884E-09
-1.0790E-08
-9.6748E-09
-7.0634E-10
1.0999E-08
1.3383E-08
2.6123E-09
-1.0497E-08
-1.2018E-08
-5.6957E-10
1.1991E-08
1.4729E-08
8.8248E-09
3.7917E-09
5.5440E-09
1.0968E-08
1.2808E-08
6.8511E-09
-5.6844E-09
-1.9429E-08
-2.6862E-08
-2.1877E-08
-5.7362E-09
1.0536E-08
1.3925E-08
2.4169E-09
-1.1368E-08
-1.2647E-08
-2.9321E-10
1.2523E-08
1.4327E-08
8.3989E-09
6.7421E-09
1.2888E-08
1.5819E-08
3.6864E-09
-1.9835E-08
-3.6957E-08
-3.3591E-08
-1.2736E-08
1.0499E-08
2.3618E-08
2.3796E-08
1.3868E-08
-2.1269E-09
-1.7125E-08
-2.0429E-08
-6.0904E-09
1.7139E-08
2.9260E-08
1.7361E-08
-9.9914E-09
-2.9816E-08
-2.6629E-08
-5.8242E-09
1.4543E-08
2.1948E-08
1.7118E-08
7.1661E-09
-3.4045E-09
-1.2871E-08
-1.8253E-08
-1.6269E-08
-8.1567E-09
4.5517E-10
6.2529E-09
1.1759E-08
1.9527E-08
2.4914E-08
1.9643E-08
3.6521E-09
-1.1022E-08
-1.2450E-08
-3.1715E-09
2.3334E-09
-4.3680E-09
-1.4779E-08
-1.4341E-08
-1.8569E-09
8.0477E-09
3.3314E-09
-9.4766E-09
-1.2830E-08
-2.3743E-10
0.0000E+00
3.7450E-05
-6.5166E-06
-1.3674E-04
-2.0823E-04
-1.1719E-04
7.7105E-05
2.7163E-04
4.5108E-04
6.0590E-04
6.0145E-04
2.9965E-04
-1.8265E-04
-4.8197E-04
-3.7450E-04
-4.0696E-05
1.5010E-04
5.2943E-05
-2.3745E-04
-6.6803E-04
-1.2095E-03
-1.4939E-03
-8.8214E-04
7.3272E-04
2.2050E-03
1.9687E-03
-9.1602E-05
-2.1035E-03
-1.9821E-03
8.7268E-05
1.6716E-03
9.9957E-04
-7.9945E-04
-1.0587E-03
9.2076E-04
2.7684E-03
2.0810E-03
-3.7946E-04
-1.6377E-03
-4.2956E-04
7.9824E-04
-5.7574E-04
-3.2136E-03
-3.2614E-03
7.9054E-04
5.2013E-03
4.9061E-03
3.6817E-04
-3.2096E-03
-1.7813E-03
2.4025E-03
3.7566E-03
2.3116E-04
-3.9654E-03
-3.8932E-03
5.1022E-05
2.4997E-03
2.6575E-04
-2.2268E-03
-1.4909E-04
4.4516E-03
4.9501E-03
-1.9668E-03
-9.6479E-03
-8.3843E-03
-1.4435E-03
5.7065E-03
6.2575E-03
8.0258E-04
-4.5570E-04
3.2919E-03
6.6670E-03
5.1225E-03
-1.7276E-04
-4.2292E-03
-2.5172E-03
5.2798E-04
-1.2963E-03
-6.6246E-03
-8.9356E-03
-3.5568E-03
4.2462E-03
4.5526E-03
-1.4714E-03
-5.9263E-03
-1.4604E-03
8.1352E-03
1.0869E-02
4.2973E-03
-2.8288E-03
-9.9504E-03
-1.0997E-02
-5.4729E-03
-5.4663E-03
-7.5817E-03
-3.1918E-03
1.4667E-03
1.4376E-03
-1.0279E-03
-3.7091E-03
-4.9389E-03
-2.0672E-03
6.7228E-03
1.0796E-02
1.2032E-02
1.4295E-02
1.1755E-02
2.5223E-04
-7.8563E-03
-7.8721E-03
-8.7587E-03
-5.6687E-03
4.8608E-03
1.2208E-02
1.0258E-02
2.4201E-04
-3.0434E-03
-6.2811E-03
-7.8078E-03
-2.7956E-03
-7.0728E-03
-9.3346E-03
-9.6142E-03
-5.4934E-03
6.4487E-03
1.7780E-02
2.5941E-02
1.3825E-02
-6.3147E-03
-1.7178E-02
-1.3229E-02
-8.8678E-03
-8.6091E-03
-8.2213E-04
3.1080E-03
1.2253E-02
2.1959E-02
4.8088E-03
-1.9451E-02
-1.9790E-02
-8.3025E-03
3.7521E-03
4.2339E-03
-3.8628E-03
9.7055E-04
2.3759E-02
3.9398E-02
1.5315E-02
-3.1250E-02
-4.3375E-02
-2.0310E-02
9.8434E-03
3.4699E-02
2.4514E-02
-2.7404E-03
-1.3055E-02
-8.7692E-03
5.4544E-03
7.4260E-03
-1.1235E-02
-1.8206E-02
-1.1079E-02
3.2625E-03
7.4293E-03
-6.1029E-03
-1.6606E-02
-1.0904E-02
9.3051E-03
1.5477E-02
1.0143E-02
4.5838E-03
-7.5069E-03
-1.1016E-02
3.6614E-03
2.5152E-02
3.7260E-02
2.1958E-02
-2.9802E-03
-2.2912E-02
-1.2483E-02
1.8926E-02
2.7753E-02
8.5949E-03
-1.0721E-02
-2.4936E-02
-3.2262E-02
-7.1398E-03
1.5872E-02
2.2793E-02
1.8483E-02
6.1004E-03
-6.5595E-04
-1.2595E-04
2.6274E-03
1.0849E-02
1.2960E-02
1.1193E-02
1.0493E-02
-5.4483E-03
-1.7706E-02
-7.3211E-03
4.7055E-03
1.0194E-02
5.9918E-03
-2.5768E-03
-1.4062E-02
-1.9632E-02
1.7408E-02
3.0374E-02
1.8746E-02
2.0440E-02
-6.6383E-03
-4.5109E-02
-3.6919E-02
-2.2310E-02
6.3658E-03
2.4432E-02
4.5741E-03
-5.7888E-03
-2.1297E-02
-1.0941E-02
2.6991E-02
1.4019E-02
-1.1994E-02
-1.2033E-02
1.8901E-02
5.9714E-02
5.4499E-02
1.2624E-03
-5.0760E-02
-4.3883E-03
3.8428E-02
1.9273E-02
-1.5500E-02
-7.0787E-02
-5.8315E-02
6.4292E-03
3.9413E-03
-3.9196E-02
-5.2682E-02
-3.7285E-03
3.5318E-02
5.7740E-02
5.1474E-02
9.2353E-03
1.3402E-02
7.6131E-03
-3.5442E-02
2.3247E-03
-5.7693E-02
-4.3508E-02
-2.3656E-02
-6.1074E-02
1.9019E-02
3.8100E-02
6.4226E-02
3.3599E-03
-3.9079E-02
6.0057E-02
2.3338E-02
-3.0514E-03
-4.5976E-02
-1.0187E-01
-6.9951E-02
-3.0302E-02
-7.5587E-02
-5.3515E-02
3.0127E-02
4.6861E-02
1.2164E-01
6.7956E-02
6.7290E-02
8.3300E-02
6.9036E-02
-3.0463E-02
-1.4151E-01
-4.2727E-02
3.1430E-02
1.9776E-02
-5.7694E-02
1.7592E-02
1.1188E-01
3.0832E-02
-2.4357E-02
-4.2176E-02
-1.2967E-02
4.1075E-02
4.0749E-02
-6.1249E-02
-1.8899E-02
1.8624E-02
-1.9368E-02
-4.4466E-02
-4.8193E-02
3.3271E-03
9.2000E-02
1.2579E-01
1.2177E-01
6.2928E-02
1.1249E-02
-3.2866E-02
-1.6715E-01
-1.9909E-01
-8.9475E-02
7.7930E-04
1.3916E-02
9.4810E-02
1.8673E-01
1.0292E-01
2.4438E-02
8.9420E-04
-4.8970E-02
-4.6013E-02
-8.6486E-03
4.5196E-02
1.5159E-01
1.8321E-01
8.7660E-02
2.3979E-02
-2.1076E-01
-2.7437E-01
-4.7455E-02
1.9456E-02
9.1144E-03
1.7512E-01
3.4452E-01
2.6280E-01
1.1075E-01
-1.3592E-02
-1.0695E-01
-1.2213E-01
-8.0003E-02
-4.9783E-02
-3.4974E-02
-4.7281E-02
2.8483E-02
6.4365E-02
-3.4405E-02
3.5212E-02
8.8049E-02
4.0295E-02
1.2005E-01
4.6437E-02
1.6091E-02
4.7350E-02
1.1108E-01
1.4169E-01
3.2665E-02
-9.0294E-02
-1.8819E-01
-1.3689E-01
-5.2590E-02
-9.3590E-02
-1.0003E-01
8.4845E-02
1.3872E-01
1.9765E-01
2.0338E-01
1.2220E-01
2.5902E-02
7.0818E-02
1.1999E-01
-7.4860E-02
-1.2257E-01
1.9164E-02
-1.3557E-02
-2.3824E-02
2.1612E-02
-4.5636E-02
-6.0599E-02
-5.1885E-02
-1.2524E-02
-1.4077E-02
-1.2600E-01
-5.3633E-02
-2.3556E-02
-1.2026E-01
-1.5905E-01
-1.2192E-01
-9.0708E-02
-3.8156E-02
6.1043E-02
4.1669E-02
-5.2827E-02
-7.3975E-02
-5.2991E-02
-9.6359E-02
-6.4982E-02
-3.4569E-02
-1.3899E-01
-3.5699E-02
1.5595E-01
1.4967E-01
1.1529E-01
-2.5158E-02
-1.4178E-01
-2.0270E-01
-2.4171E-01
-5.7750E-02
9.0880E-02
2.0796E-02
1.4600E-01
1.9707E-01
4.1034E-02
-3.1565E-02
-4.4410E-02
1.1447E-02
2.0962E-03
-8.1260E-02
-3.8747E-02
1.1658E-01
1.5110E-01
1.1849E-01
1.9144E-01
1.6215E-01
-3.0028E-03
3.2385E-02
1.7090E-01
8.3497E-02
-1.4374E-02
3.0233E-02
2.3691E-01
2.3857E-01
9.0514E-02
-6.7208E-02
-1.0749E-01
-9.4554E-02
-4.4303E-02
-5.6000E-02
1.5138E-01
2.3458E-01
5.5184E-02
7.7937E-02
-6.2576E-02
-8.9776E-02
-4.6914E-03
1.0588E-01
-6.7079E-02
-1.8334E-01
-4.3672E-02
-3.9972E-02
-1.2760E-01
-2.1069E-01
-7.6429E-02
5.1588E-02
8.4260E-02
-7.7433E-03
4.6335E-02
-9.3018E-03
-1.4509E-01
4.9795E-02
5.0234E-02
6.6866E-03
1.2394E-02
-9.0678E-02
-3.7067E-03
1.5024E-01
1.5547E-01
-8.3574E-02
-3.1863E-01
-1.6223E-01
-1.3079E-01
-4.1086E-02
2.4894E-01
1.6736E-01
-1.5946E-01
-1.6039E-01
1.3289E-02
-2.5011E-01
-4.7169E-01
-3.9990E-01
-2.3983E-02
1.9487E-01
1.3926E-01
2.0298E-01
1.8848E-01
1.0525E-01
-9.7103E-02
-9.2055E-02
5.2105E-02
-1.7838E-02
-1.0206E-01
-4.4641E-03
1.0090E-01
1.4270E-01
-8.5014E-03
-1.7038E-01
-3.7546E-01
-4.1114E-01
-1.4530E-01
3.0635E-02
-1.3543E-01
-4.3634E-01
-4.3467E-01
-1.1420E-01
-1.0304E-01
-2.7341E-01
-2.0189E-03
1.1492E-01
1.0614E-02
9.3421E-02
3.7857E-03
-3.5765E-01
-2.2668E-01
8.4949E-03
-6.0766E-02
-1.6511E-01
-1.6376E-01
9.1257E-02
-3.2613E-03
-2.5628E-01
-2.4450E-01
-7.7434E-02
-1.0361E-01
-1.2180E-01
-5.0889E-02
-7.7545E-03
9.8915E-02
4.5124E-02
2.9680E-02
-3.8596E-02
-1.5941E-01
-3.6678E-02
-1.3755E-01
-3.3215E-01
-1.5303E-01
1.0933E-01
1.2661E-01
2.1162E-01
1.9737E-01
5.9739E-02
8.1919E-02
1.9061E-01
2.0917E-01
1.0379E-02
-8.0923E-02
6.8877E-03
-9.3954E-02
-2.1163E-01
-3.3408E-01
-3.7112E-01
-2.5711E-01
-1.4997E-01
-1.1071E-01
-4.5734E-02
5.5208E-02
-6.5148E-03
1.5589E-02
2.7417E-01
2.8209E-01
1.8828E-01
1.7317E-01
4.5220E-02
-2.4156E-01
-3.0951E-01
-1.3661E-01
1.1538E-01
-5.2946E-02
-1.5095E-01
1.6852E-01
2.2755E-01
-1.7339E-02
-1.9759E-01
1.6021E-02
1.3690E-01
1.1336E-01
9.1078E-02
1.8742E-01
1.2980E-01
1.1704E-01
2.0379E-02
3.3063E-02
1.1476E-01
-7.3251E-02
-5.4923E-02
1.0630E-01
3.4035E-02
5.2153E-02
2.9056E-01
2.7881E-01
1.3295E-01
-6.2601E-02
-2.2418E-01
-2.3794E-01
-9.7179E-02
1.2812E-01
1.9424E-01
1.4357E-01
1.0713E-01
6.6308E-02
1.6050E-01
1.5493E-01
5.9164E-02
2.0370E-01
1.7761E-01
-6.1159E-02
-3.5671E-02
9.0050E-02
1.1691E-01
2.3156E-01
2.3373E-01
5.4292E-04
-5.1289E-02
-6.9771E-02
-1.5921E-01
-1.3645E-01
-1.0731E-01
-1.5418E-01
-1.1678E-01
9.5305E-02
1.4051E-01
1.8785E-02
-1.5294E-01
-1.3372E-01
9.8003E-02
1.5160E-01
1.8746E-01
2.8905E-01
2.2818E-01
4.6622E-02
-8.7614E-02
3.6378E-02
4.1587E-02
1.0482E-01
1.9335E-01
9.2073E-02
1.0640E-01
1.8444E-01
1.5642E-01
2.8594E-02
-2.4461E-03
1.4250E-02
1.4819E-01
1.7028E-01
3.5343E-03
5.3045E-02
4.7660E-02
2.2266E-02
-3.9210E-02
-4.8521E-02
-9.2720E-02
2.1524E-02
1.7911E-01
4.6645E-02
-8.9231E-02
-3.3977E-02
1.1851E-02
-9.1693E-02
-1.0264E-01
-5.1097E-02
1.4641E-01
2.5254E-01
1.7174E-01
-4.1298E-02
-1.1306E-01
-1.2839E-01
-9.9402E-02
-1.9527E-02
2.7641E-03
-1.4235E-01
-2.9708E-02
1.0699E-01
1.2907E-02
1.0814E-01
1.8080E-01
4.8548E-02
1.5209E-02
-1.4604E-01
-9.7731E-02
5.8141E-02
4.8105E-02
5.1274E-02
1.5779E-01
1.5540E-01
3.2901E-02
6.7934E-02
9.6793E-02
6.4455E-02
1.7421E-01
1.8713E-01
5.0647E-02
-4.8606E-02
-5.0714E-02
-4.9278E-02
-7.7234E-02
9.6525E-03
1.4830E-01
1.3958E-01
1.4672E-01
2.3779E-01
1.0555E-01
7.8151E-02
7.7875E-03
-1.7500E-01
-1.4606E-01
2.4530E-02
1.2863E-02
6.1078E-02
1.1617E-01
5.9897E-02
2.5280E-02
-4.1414E-02
-6.7128E-02
-1.2908E-01
-1.7747E-01
-1.7455E-01
-3.6226E-02
1.2197E-01
1.6530E-01
1.4365E-01
4.7491E-02
8.2881E-02
2.0484E-02
5.6489E-02
1.2307E-01
8.3206E-02
-3.5306E-02
-8.9033E-02
1.3812E-01
3.0898E-01
1.6105E-01
1.3728E-02
-6.3545E-02
-7.0492E-02
-6.6778E-02
7.7047E-02
1.5510E-01
2.2489E-01
1.3851E-01
-1.6412E-02
8.4993E-03
-6.6910E-04
-9.1340E-02
-1.6866E-01
-2.0117E-02
-1.2489E-02
-2.6238E-02
-2.6327E-02
3.4475E-02
-7.0729E-02
-1.2042E-01
-3.1720E-02
-1.8000E-02
9.1123E-02
5.9889E-02
-5.3305E-02
-3.5744E-02
1.0191E-01
8.2283E-02
4.4389E-02
1.0067E-01
-7.1695E-02
-1.6482E-01
-1.0590E-01
-1.3369E-01
1.3096E-02
1.2550E-01
-1.6977E-02
-9.9013E-02
-1.0364E-01
-3.7282E-02
-1.0422E-01
-2.2236E-01
-4.4443E-02
1.3393E-01
1.4115E-01
1.2339E-01
3.2124E-02
-8.2857E-02
-1.0573E-01
-1.1364E-01
-1.1055E-01
-2.9124E-02
-5.0088E-02
-1.5037E-01
-8.8145E-02
-8.0409E-02
-8.7385E-02
-2.6516E-02
6.2386E-02
8.2890E-02
-1.2621E-01
-3.7858E-02
1.3610E-01
2.1808E-02
-7.6265E-02
1.5113E-02
6.8392E-02
-4.4347E-02
-7.1522E-02
-6.2742E-02
-1.0813E-01
-1.1017E-01
-1.9951E-01
-1.6957E-01
-5.8419E-02
-1.2859E-01
-1.6331E-01
-1.3889E-01
-4.6551E-02
1.6251E-02
-4.3463E-02
-3.5872E-02
-3.2727E-02
-5.2994E-02
-1.9529E-02
-2.8276E-02
-3.0431E-02
-1.0337E-01
-9.9560E-02
-1.2126E-01
-9.1696E-02
4.8560E-02
-9.9629E-02
-2.5955E-01
-8.0874E-02
2.0983E-02
-1.0910E-01
-1.8364E-01
-8.2300E-02
-6.7624E-02
-5.9568E-02
-2.7325E-02
-5.0150E-02
-4.3920E-02
-1.0907E-02
6.8955E-03
-5.0851E-02
-6.9044E-02
3.3740E-02
1.2213E-02
-7.4040E-03
5.3287E-02
2.7748E-02
4.3239E-02
1.0351E-01
5.4494E-02
-9.1854E-03
-6.4243E-02
-1.2362E-01
-1.1182E-01
-5.5847E-02
4.2960E-02
4.8427E-02
4.3823E-02
1.3241E-01
1.0717E-01
-3.3119E-03
-5.3497E-03
-1.9085E-02
-2.9804E-02
-8.5699E-03
4.0336E-02
3.2216E-02
4.8010E-02
5.0737E-02
5.1220E-02
1.7066E-02
1.3480E-02
7.6348E-02
1.1166E-01
1.0619E-01
4.6557E-04
-4.0084E-02
-3.7161E-02
-4.0431E-04
9.1694E-02
2.5794E-02
-5.4354E-02
-7.7819E-02
-5.8643E-02
-1.6162E-02
6.9483E-02
4.9321E-03
-1.0423E-01
2.5303E-02
5.9249E-02
-5.2607E-02
-1.3531E-02
1.2129E-01
5.6936E-02
-7.1739E-02
-1.1095E-01
-8.2585E-02
3.0123E-04
6.3060E-02
8.7571E-02
1.7595E-01
2.0984E-01
6.6076E-02
-1.4117E-02
3.4484E-02
1.0434E-01
5.5474E-02
-3.2399E-02
-2.3816E-02
-9.8692E-03
-1.1976E-02
2.3650E-02
-6.0748E-02
-5.8985E-03
4.2842E-02
-9.3475E-02
-8.2202E-02
-4.9920E-02
-9.7348E-02
-3.7944E-02
9.3344E-02
6.9378E-02
3.3897E-02
2.0908E-02
-7.5499E-03
-2.7828E-02
-5.5889E-02
-1.0419E-01
-4.2773E-02
1.0002E-01
2.3484E-02
6.5361E-02
1.7564E-01
-1.4810E-03
-1.0792E-01
2.0181E-02
4.0047E-02
-1.5024E-01
-1.5760E-01
5.1435E-02
1.1378E-01
1.2831E-01
6.6672E-02
5.3882E-02
1.0919E-01
2.0857E-02
-6.6614E-02
-1.6689E-02
3.0685E-02
1.5480E-02
-3.7080E-02
-1.5728E-02
7.2712E-02
-1.1715E-02
-1.1321E-01
-1.2259E-01
-7.3978E-02
-6.1665E-02
-5.1150E-02
3.0107E-02
-4.8008E-02
-3.7241E-02
3.7573E-02
-6.3622E-02
-1.0421E-01
-4.2977E-02
4.5372E-02
1.3797E-01
1.0573E-01
-8.6635E-02
2.4645E-02
6.3905E-02
-9.8463E-02
-3.3883E-02
7.0061E-02
2.5979E-02
-1.6568E-02
3.3204E-02
2.8348E-02
-5.8947E-03
4.0478E-02
5.6378E-02
1.4942E-02
3.5091E-02
8.4855E-02
1.3925E-02
-6.0596E-02
9.1526E-04
-4.2381E-02
-3.5764E-02
2.9370E-02
4.1360E-02
1.4336E-01
1.7847E-01
4.3738E-02
2.2808E-02
8.5448E-02
5.4943E-03
-1.1350E-01
-1.4514E-01
-6.3154E-02
4.9439E-03
6.9260E-02
5.3861E-02
3.9238E-03
-2.7083E-02
-8.0766E-02
-1.3347E-02
2.9402E-02
-4.0218E-02
-8.4219E-02
-5.8703E-02
-7.8560E-03
-4.0754E-02
1.3127E-01
1.3219E-01
8.3996E-03
-4.1872E-03
1.0970E-02
-2.8330E-02
-7.4336E-02
3.4946E-02
1.9501E-02
-5.3402E-02
-4.8169E-02
-2.8466E-02
1.3426E-02
3.9700E-02
-7.2147E-02
-1.8135E-02
8.6368E-02
8.2127E-02
7.5202E-02
-1.6278E-02
3.4106E-02
1.2686E-01
1.7988E-02
1.0903E-02
-8.9566E-03
-2.3226E-02
4.9046E-02
8.1381E-02
8.4596E-02
-1.5672E-02
-8.2667E-02
-9.7071E-02
-2.2587E-02
6.5775E-02
2.9530E-02
-1.0663E-01
-6.4720E-02
1.5667E-02
8.9662E-03
1.4802E-02
-2.9288E-02
-5.5409E-02
-9.0091E-02
-2.5632E-02
-5.1825E-02
-1.2695E-01
-1.3635E-01
-7.7430E-02
4.8968E-02
6.9906E-02
-3.4626E-02
-6.0871E-03
1.4240E-02
1.6564E-02
6.0078E-02
3.5655E-02
-3.2823E-02
-5.2976E-02
3.6519E-02
1.0340E-01
6.5356E-02
8.4652E-02
5.4966E-02
6.7852E-02
6.1069E-02
-5.7348E-02
-2.9600E-02
-2.3754E-02
-6.9097E-02
2.5864E-02
1.5387E-01
1.2178E-01
1.4081E-01
6.9316E-02
-7.1430E-02
-2.9290E-02
-6.3357E-02
-1.0987E-01
1.5925E-02
3.7895E-02
3.1341E-02
5.8373E-02
1.7184E-02
-4.1331E-02
1.6662E-03
1.3820E-03
5.4024E-03
7.3752E-02
7.8846E-02
4.1821E-03
-3.8368E-02
-4.0796E-02
4.8514E-02
1.3162E-01
1.5699E-02
-1.2971E-01
-9.0298E-02
-1.4933E-02
1.6443E-02
7.0299E-02
2.5142E-02
3.2848E-02
1.4330E-01
1.6226E-01
2.1495E-02
-9.0270E-02
-8.4313E-02
-1.6750E-01
-2.5659E-01
-4.6567E-02
2.8806E-02
-1.9415E-02
2.8273E-02
1.3362E-01
1.6187E-01
1.6147E-02
6.1869E-02
5.5638E-02
-4.6161E-02
1.6914E-02
1.0851E-01
4.2968E-02
1.2945E-02
8.5677E-02
-8.0896E-03
2.3619E-02
2.4628E-02
-8.9670E-02
-1.5242E-01
-1.1941E-01
-5.6048E-02
-3.9346E-02
5.8108E-02
5.3164E-02
9.0302E-02
8.1466E-02
-3.6893E-02
-2.7403E-02
-1.9028E-04
-2.4647E-02
3.8619E-02
4.9502E-02
-3.6463E-02
-2.1379E-02
-6.4228E-02
-5.8888E-02
9.6725E-02
3.6346E-02
-9.4582E-02
-6.1644E-02
1.2541E-02
-5.1637E-03
-6.0031E-02
-2.4954E-02
4.0874E-02
8.2139E-02
6.8741E-02
-7.8306E-03
1.1368E-02
1.3744E-02
-6.1226E-02
-8.2065E-02
-7.7785E-04
-5.2484E-02
-7.8401E-02
3.4613E-02
1.7883E-02
-2.7853E-02
-8.2896E-02
-8.9262E-02
-2.2584E-02
6.8203E-04
3.0157E-02
6.4665E-03
-7.9913E-02
-4.3867E-02
8.9977E-02
1.0738E-01
4.2022E-02
1.4322E-02
-4.3002E-02
-5.7800E-02
3.7208E-02
1.0641E-01
9.3421E-02
7.3384E-02
4.4418E-02
2.6503E-02
-7.3630E-03
-3.8433E-02
-1.5329E-02
-1.8169E-02
-2.0261E-02
1.0019E-03
-6.1206E-02
-7.2556E-02
-2.2546E-02
7.5097E-02
8.6740E-02
-2.2027E-03
-1.4064E-02
-3.1900E-02
-8.0390E-02
-1.2661E-01
-3.8026E-02
2.0297E-02
-4.2701E-02
-7.6800E-02
-5.5992E-02
-6.9264E-02
-6.2530E-02
1.8373E-03
6.0213E-03
-7.3894E-02
-1.2833E-01
-1.1711E-01
-5.5797E-02
-1.9261E-03
2.8598E-02
3.0563E-02
3.5945E-02
9.4841E-02
6.4448E-02
-1.5555E-02
-8.1889E-02
-8.0910E-02
-5.5220E-02
-3.9282E-02
-7.9380E-03
4.7405E-03
5.7072E-03
1.2570E-02
-1.9997E-02
-6.0583E-03
8.9909E-03
-3.9819E-02
-7.6583E-02
-8.8378E-02
1.1917E-03
5.3616E-02
6.9576E-03
8.4138E-02
1.0884E-01
2.5263E-02
-2.0468E-02
-4.1662E-02
-5.5109E-02
-8.3561E-02
-9.3186E-02
-1.4608E-02
4.2535E-02
1.3299E-02
2.8541E-02
2.0612E-02
-4.7208E-02
-3.3090E-02
6.7179E-03
3.1169E-03
1.0769E-02
-9.3646E-03
3.7319E-02
1.2062E-01
5.6428E-02
-2.8893E-02
4.8736E-03
3.7120E-02
-2.3099E-02
-3.5793E-02
1.7401E-02
2.9684E-02
1.1308E-02
6.2671E-03
2.9293E-03
-3.9986E-02
-6.3972E-02
4.1444E-03
1.9322E-02
1.5933E-02
4.3034E-02
2.4875E-02
2.4007E-02
-1.2589E-02
-7.4009E-02
-4.7957E-02
3.4844E-03
3.7495E-02
6.2721E-02
4.7674E-02
3.4780E-02
9.6484E-03
3.1650E-04
4.2842E-02
2.5316E-02
-1.3038E-02
-4.9536E-03
1.6482E-02
-6.5245E-03
-1.5669E-03
8.2030E-03
-3.0128E-02
-1.3466E-02
-1.3332E-02
-1.8409E-02
-4.9462E-02
-5.7252E-02
-1.0495E-02
1.0494E-02
5.7896E-02
6.4001E-02
-9.2457E-03
-2.8969E-02
-1.8309E-03
5.0252E-02
4.8112E-02
3.2328E-02
4.6873E-02
6.1155E-02
6.7661E-02
7.7920E-02
3.5143E-02
2.6899E-02
3.5134E-02
2.4485E-02
2.8318E-02
3.7413E-02
3.3840E-02
-3.9247E-03
-6.6414E-02
-4.7651E-02
3.1804E-02
5.3713E-02
1.3424E-02
-2.0438E-03
5.8063E-03
-1.1118E-02
1.1355E-04
-1.2068E-02
-1.3407E-02
-1.3516E-02
-4.9838E-02
-6.3003E-02
5.3379E-02
7.8357E-02
6.6017E-03
-1.5923E-02
-3.2923E-02
-1.4718E-02
6.0314E-03
-4.3649E-03
-8.0397E-03
-8.2129E-03
-5.8047E-02
-7.6015E-02
-1.7669E-02
2.1841E-02
2.2427E-02
3.7278E-02
2.1177E-02
-1.2359E-02
-3.3072E-02
-5.8439E-02
-1.5471E-02
2.0644E-02
3.6012E-02
5.1123E-02
4.3234E-02
1.4575E-02
-7.3791E-03
-3.7797E-02
-6.1721E-02
-5.5505E-02
-1.5962E-02
7.3163E-03
1.0562E-02
-5.1748E-03
-2.4563E-02
-6.7637E-03
8.5379E-03
-2.6441E-02
-3.3813E-02
-3.4527E-02
-7.9581E-02
-4.1358E-02
2.3856E-02
4.9130E-02
6.3658E-02
2.6718E-02
-4.4501E-02
-6.1468E-02
-6.2975E-02
-4.0881E-02
3.3562E-02
2.4175E-02
2.2542E-02
8.4091E-02
5.0200E-02
-7.7579E-03
-1.2147E-03
-1.6152E-02
-2.2254E-02
1.4433E-02
4.1941E-02
4.7823E-02
5.2017E-02
5.6268E-02
4.3272E-02
7.8406E-02
2.9444E-02
-7.7908E-02
-9.6579E-02
-2.5309E-02
-3.5383E-04
2.9239E-02
3.5823E-02
-1.8387E-02
-1.1322E-02
-1.2714E-02
1.3370E-02
4.7028E-03
-7.5120E-02
-1.0815E-01
-9.7238E-02
-3.7502E-02
-2.6862E-02
-3.8032E-02
3.6109E-02
7.6901E-02
5.2055E-03
-5.9551E-02
-4.4507E-02
-5.1062E-02
-5.2504E-03
6.0543E-02
4.3177E-02
2.2906E-02
3.7779E-02
3.1642E-02
-8.1888E-04
-1.1015E-02
-3.8380E-02
-4.5244E-02
-7.5723E-03
-5.6512E-04
-4.2850E-03
1.6000E-02
6.6772E-03
4.9421E-03
1.0371E-02
-3.4988E-02
-4.4601E-02
-4.0361E-03
1.8463E-02
2.3785E-02
3.5658E-02
6.6789E-02
8.7507E-02
6.2719E-02
1.4640E-02
-5.2088E-02
-6.5326E-02
-2.0097E-02
1.6573E-02
4.3797E-02
6.7253E-02
1.8788E-02
-2.1398E-02
-2.9587E-02
-3.8043E-02
-3.3085E-02
-4.6304E-02
-5.3671E-02
-1.5787E-02
2.0673E-02
1.6552E-02
2.0314E-03
2.5510E-03
6.6281E-03
3.7778E-02
3.9720E-02
5.8280E-03
-2.4760E-03
1.2700E-02
1.9125E-02
2.0931E-02
5.4459E-02
4.5179E-02
3.3783E-02
5.6781E-02
2.9808E-02
-9.1487E-03
8.6434E-03
2.5105E-02
7.2643E-02
6.7415E-02
4.7008E-02
-1.0998E-04
2.9015E-03
4.4625E-02
-9.3536E-04
-2.0062E-02
-2.7228E-02
-4.6194E-02
-3.6887E-02
-4.6122E-03
-7.6536E-03
-4.0882E-02
-7.1072E-02
-6.4672E-02
-5.2141E-02
-6.1693E-02
-1.6593E-02
4.1078E-03
-7.2958E-03
-6.2521E-04
4.8497E-04
-2.1556E-02
-3.9636E-02
-2.9543E-02
-2.4115E-02
-2.5130E-02
-5.9488E-03
1.1018E-02
9.4821E-03
1.1488E-02
5.6361E-02
4.2449E-02
1.6250E-02
3.2425E-02
1.1069E-02
-1.7760E-02
-6.7919E-02
-1.0374E-01
-5.5201E-02
1.8240E-02
4.1769E-02
4.7362E-02
2.3313E-02
2.2856E-02
2.3948E-02
6.2297E-03
1.4018E-02
1.4255E-02
2.7764E-02
3.0552E-02
-2.5060E-03
-1.3226E-02
2.8914E-02
3.6387E-02
-3.6121E-03
-3.0205E-02
-5.9488E-02
-6.8080E-02
-5.1699E-02
-1.0088E-02
1.0471E-02
3.1971E-02
2.9721E-02
3.3605E-03
-1.0842E-02
-2.2848E-02
-2.1326E-02
2.4124E-03
1.4916E-02
-1.0791E-02
-6.7261E-03
-2.1947E-02
-3.9078E-02
-1.4389E-02
-9.7147E-03
-3.3169E-02
-3.1907E-02
-1.7397E-03
-1.0157E-02
-2.0526E-02
-4.1474E-02
-5.4210E-02
-3.6279E-02
2.6768E-03
4.3046E-02
1.8450E-02
-1.7450E-02
-1.8823E-02
-6.4104E-03
1.4672E-02
3.3226E-02
1.5090E-02
-1.6232E-03
-2.0327E-03
-3.6652E-03
-5.7749E-03
1.7617E-03
5.0692E-02
5.6542E-02
2.9197E-02
2.6914E-02
6.5163E-03
1.8298E-02
6.0303E-02
8.5754E-02
6.3959E-02
1.1566E-02
-1.2479E-02
1.0726E-04
2.1042E-02
-1.7212E-03
-1.1350E-03
3.2065E-03
-1.9896E-02
1.7465E-02
3.2197E-02
3.0213E-02
4.4028E-02
3.3833E-02
2.9863E-02
4.1562E-02
2.3140E-02
-4.3872E-03
-2.5798E-02
-3.3506E-02
-2.2158E-02
-3.3634E-02
-1.3297E-02
-6.7287E-03
6.5020E-03
2.9294E-02
2.4927E-02
1.6410E-02
-1.7566E-02
-2.6292E-02
-9.7168E-03
9.5503E-03
2.5368E-02
1.3734E-02
2.4321E-02
2.6116E-02
1.0417E-02
-9.3196E-03
-3.5127E-02
-3.4324E-02
-2.9260E-02
-1.2466E-02
-6.7252E-03
-1.7759E-02
-2.7520E-02
-6.0464E-03
4.4909E-03
-6.4099E-03
-1.9626E-02
7.1530E-03
-1.5421E-03
-1.7267E-02
1.2788E-02
-1.3650E-02
-2.8071E-02
6.4001E-03
1.8360E-02
1.7107E-02
1.2324E-02
-6.1299E-03
-1.6098E-02
-4.1491E-02
-1.2966E-02
3.7883E-02
1.7898E-02
-1.2317E-03
-6.0081E-03
1.7442E-03
2.7054E-02
2.2535E-02
1.0048E-02
-2.8505E-02
-2.6043E-02
2.5197E-02
2.6936E-02
1.8325E-02
2.4434E-02
-7.1205E-03
-9.0567E-03
3.2484E-02
-8.2037E-05
-1.8676E-02
-1.0476E-02
-2.3068E-02
-1.9415E-02
-2.2403E-02
-1.6988E-02
-2.2537E-02
-1.2042E-02
-1.2397E-02
-4.4490E-02
-2.4675E-02
-1.5144E-02
-4.5839E-02
-2.6571E-02
6.7601E-03
3.6685E-02
3.0451E-02
6.0450E-04
-2.2013E-02
-5.6885E-02
-6.5678E-02
-6.9992E-02
-7.2528E-02
-3.3130E-02
-2.7940E-02
-1.8141E-02
-2.0539E-02
-4.5583E-02
-1.2562E-02
-8.9356E-03
-1.8997E-02
-3.5394E-02
-4.6374E-02
-1.0212E-02
1.3603E-03
-6.0976E-03
7.5284E-03
-1.9951E-03
1.2815E-02
2.6756E-02
-8.5828E-03
-2.5537E-02
-1.1807E-02
-8.6387E-03
3.0137E-03
-1.6930E-02
-2.4567E-02
-7.8497E-03
-1.3638E-02
-9.2963E-03
2.3969E-02
2.3512E-02
-1.2417E-02
-2.6239E-02
-4.6056E-02
-4.5479E-02
-2.4488E-03
3.7889E-02
4.8814E-02
3.3582E-02
3.6850E-02
4.6506E-02
2.3716E-02
1.8677E-02
4.9918E-03
-3.0204E-02
-7.2857E-03
2.5664E-02
4.5015E-02
2.9663E-02
1.6437E-02
1.9713E-02
-1.4239E-02
-4.0333E-02
-4.4638E-02
-2.6102E-02
1.8826E-02
2.6033E-02
6.1237E-03
4.0169E-02
1.3830E-02
-3.4622E-02
-1.7229E-02
-2.4652E-02
-4.4439E-02
-3.3060E-02
1.1913E-03
3.0985E-02
3.7036E-02
4.9606E-02
4.4985E-02
4.5196E-03
-3.1225E-02
-6.9156E-02
-6.8654E-02
-3.4400E-02
-1.1704E-02
2.1514E-02
2.7766E-02
-1.6031E-02
-1.7085E-02
3.1340E-03
-5.7622E-03
-7.5537E-03
1.3494E-02
5.4616E-03
1.1162E-03
2.3378E-02
5.0314E-03
-2.6145E-02
-3.0978E-02
-8.4395E-03
-8.0376E-04
1.4309E-02
3.2158E-04
-2.1619E-02
-3.4317E-02
-1.5316E-02
3.6804E-02
3.4521E-02
5.7357E-03
3.3455E-03
-1.3827E-02
-1.5689E-02
-3.4315E-02
-3.9984E-02
-1.6072E-02
-1.2919E-02
-9.6690E-03
1.8368E-02
3.9461E-02
-9.2334E-04
-2.0521E-02
2.0914E-02
4.1326E-02
2.0453E-02
8.2035E-03
-1.8475E-02
-3.0501E-02
-3.0668E-02
-3.3132E-02
-6.0966E-03
9.1305E-04
-5.8270E-03
1.9116E-02
2.1667E-02
-2.1700E-05
2.3465E-02
4.6289E-02
4.1212E-02
4.6929E-02
1.6133E-02
-4.7213E-03
-1.7331E-03
-1.8143E-02
-6.5123E-03
1.4092E-02
2.1723E-02
1.6738E-02
1.9547E-03
2.7582E-03
-2.2728E-02
-1.6511E-02
4.6191E-02
7.6963E-02
6.0372E-02
3.3545E-02
2.1190E-02
-5.6488E-04
1.4483E-02
3.8286E-03
-1.4140E-02
2.8288E-02
1.7143E-02
-2.0589E-02
-8.4034E-03
-9.6167E-03
-3.8031E-02
-1.3064E-02
1.9280E-02
1.2223E-02
1.8325E-02
2.6910E-02
-1.3782E-02
-3.0645E-02
-4.4777E-02
-4.9387E-02
6.9223E-04
2.0107E-02
2.8395E-02
2.2845E-02
-2.7555E-03
1.7340E-02
1.6671E-02
-4.4158E-03
-1.1469E-03
-9.9187E-03
1.2425E-03
1.8907E-02
-1.3443E-02
-1.2574E-02
1.2418E-02
9.4965E-03
9.9588E-03
8.1730E-03
-4.1304E-03
-2.7862E-02
-4.4686E-03
2.6547E-03
9.6330E-03
2.4555E-02
-1.2001E-03
-1.8524E-02
-1.2654E-02
-2.3469E-02
-2.7360E-02
-8.8013E-03
-1.0000E-02
1.7364E-04
2.8981E-02
2.5435E-02
2.4583E-02
-7.2350E-03
-4.2193E-02
-5.1748E-02
-4.1377E-02
-1.4818E-02
-5.9098E-03
-2.0265E-02
6.7202E-04
6.0279E-02
5.4806E-02
2.0399E-02
-1.0772E-02
-2.5761E-02
-1.3073E-03
7.2894E-03
3.6592E-02
5.8750E-02
-9.8011E-03
-3.2477E-02
-2.3077E-02
-7.9734E-02
-3.7453E-02
6.7317E-02
3.7452E-02
4.3689E-02
3.2665E-02
6.1430E-04
-1.1359E-02
5.5297E-03
3.0335E-02
3.4201E-02
7.3007E-02
8.4441E-02
5.5820E-02
2.4430E-02
-3.6701E-03
-2.1554E-03
1.2712E-02
3.9326E-02
3.0282E-02
1.4732E-02
1.0770E-02
-1.2007E-02
-1.6892E-03
-1.7060E-02
-1.8317E-03
1.7331E-02
-2.4381E-02
-7.4980E-02
-5.2887E-02
-1.6162E-02
9.1771E-03
1.4472E-02
-1.6812E-02
-4.7985E-02
-4.3682E-02
-4.0845E-02
-1.6907E-02
-1.4726E-03
-1.6363E-02
1.4261E-02
2.7077E-02
5.9211E-03
-9.6891E-03
-2.9258E-02
-8.8145E-02
-7.7585E-02
-4.3441E-02
-2.2425E-02
9.0916E-03
-1.7364E-03
-2.7831E-02
1.8333E-03
2.7819E-02
2.3907E-02
-7.2991E-03
-1.6210E-02
1.2629E-02
5.0130E-03
5.9165E-03
3.6488E-02
2.0078E-02
1.3377E-02
7.0589E-03
-6.7555E-03
2.4638E-02
-2.5474E-02
-7.1578E-02
-7.1341E-03
5.5183E-03
2.7917E-03
1.9362E-02
1.1760E-03
-1.2616E-02
-1.8435E-02
-1.8891E-02
-1.5710E-02
-1.9340E-02
-1.8769E-02
2.8178E-03
1.3217E-02
-8.3331E-03
3.2946E-03
9.6661E-03
4.1885E-03
-2.5918E-03
-7.3947E-03
-2.1502E-02
-1.8860E-02
2.8668E-02
5.2778E-02
4.3221E-02
-3.5643E-02
-3.5967E-02
-1.0186E-02
-1.7011E-02
-2.8141E-02
-1.7060E-02
3.8362E-02
4.6082E-02
1.2265E-02
2.6556E-03
-1.9019E-04
-9.3667E-03
-1.1178E-02
1.6986E-02
-9.3983E-03
-3.7205E-02
-6.9060E-03
-1.2312E-02
-1.8674E-02
1.2798E-02
-5.5840E-03
-5.2519E-02
-5.4871E-02
-1.2166E-02
-2.1304E-03
-2.1096E-02
-4.9580E-02
-6.1965E-02
-3.6712E-02
1.1945E-02
5.0895E-02
3.9149E-02
3.4766E-02
1.4821E-02
-1.6751E-02
-1.4056E-02
5.0085E-03
2.6049E-02
3.4720E-02
2.1310E-02
-2.7562E-03
9.2498E-03
1.0796E-02
-1.1633E-02
-1.9240E-02
-1.0856E-02
9.9563E-04
-1.2182E-02
-1.4686E-02
-1.4557E-02
-2.1867E-02
-3.9820E-02
-9.7859E-03
2.2469E-02
2.3401E-02
-7.4082E-03
-3.8213E-02
-6.2554E-03
5.2487E-03
1.6248E-02
2.0418E-02
-3.0925E-03
3.3333E-02
6.2981E-02
-1.4446E-02
-1.9972E-02
-5.4657E-03
1.1945E-02
2.6837E-02
-3.4060E-03
4.0361E-03
-2.8408E-03
2.0824E-02
3.2560E-02
2.7732E-02
7.6615E-03
-1.6699E-02
-6.2317E-02
-4.2137E-02
3.6614E-02
1.4743E-02
-4.2573E-03
1.5593E-03
2.0150E-02
2.8370E-02
-2.2627E-03
-1.3597E-02
-3.0417E-02
-6.5100E-02
-3.5119E-02
2.0689E-02
1.7562E-02
7.6243E-04
-1.6292E-02
2.5482E-03
1.3513E-02
-1.1302E-02
-1.4627E-02
2.5802E-02
-8.4001E-03
-5.0437E-02
-9.8374E-03
2.3311E-02
1.1525E-02
-3.2609E-02
-3.9500E-02
4.2627E-02
1.6746E-02
-2.7422E-02
1.5012E-02
4.1648E-02
5.3996E-02
3.1146E-02
5.8561E-03
5.0201E-02
8.7619E-02
1.9790E-02
-2.5402E-02
-1.9664E-02
1.1055E-02
3.8433E-02
8.7728E-04
-3.8235E-02
2.9083E-03
1.2628E-02
3.7662E-02
4.2613E-02
-4.1156E-02
-1.8656E-02
-5.1840E-03
-3.7737E-02
5.0893E-02
1.2478E-01
8.0451E-02
-5.0491E-03
-3.2256E-02
-1.1357E-01
-1.1076E-01
-3.8593E-02
-3.2091E-02
2.9771E-03
3.6272E-02
-6.5552E-03
2.4160E-02
3.0556E-02
-1.3874E-02
7.7061E-03
-6.1695E-03
2.1555E-02
2.5265E-02
-2.6158E-02
2.0205E-02
8.4015E-02
4.5863E-02
5.2549E-02
9.4049E-02
8.5507E-02
2.6986E-02
4.3452E-02
9.0179E-02
8.1194E-02
9.1356E-02
8.1098E-02
3.4535E-03
1.5544E-02
3.1060E-02
-1.7624E-02
-4.7582E-02
-3.9614E-02
-3.6661E-02
1.2024E-02
7.9503E-03
4.2659E-02
1.0360E-01
1.6642E-02
-7.6528E-03
-1.5506E-02
-4.9567E-02
1.5353E-02
6.5552E-03
-6.8670E-02
-4.5733E-02
-2.9247E-02
-4.4858E-02
9.9563E-03
1.1695E-01
1.5096E-01
9.9392E-02
-1.1766E-03
-3.9254E-02
1.0686E-02
3.5147E-02
9.6172E-03
5.4516E-02
1.3314E-01
9.6939E-02
3.6781E-02
4.7299E-02
3.4351E-02
4.5842E-02
9.3391E-02
4.2951E-02
-3.9574E-03
-3.7856E-02
4.7838E-02
1.3795E-02
-7.8830E-02
5.0458E-02
5.8552E-02
-3.6040E-02
-3.8165E-02
2.0455E-02
5.2775E-02
8.6889E-03
-4.9488E-02
-6.9632E-02
-3.3533E-02
4.0572E-02
-1.9741E-02
-1.3514E-02
7.2332E-02
2.0707E-02
-3.8864E-02
-3.1312E-02
-2.0775E-02
-2.9444E-02
-5.5238E-02
-4.3697E-02
-3.9397E-02
5.3208E-02
2.3799E-02
-3.6059E-02
-7.5418E-03
-2.3684E-02
-4.3097E-02
-7.7740E-02
-2.3985E-02
1.3198E-02
-8.3468E-03
-2.0869E-02
-4.5664E-02
-9.8488E-03
5.9526E-02
8.9266E-02
7.4010E-02
2.8858E-02
2.1481E-02
7.6966E-02
1.4966E-01
1.6825E-01
1.0706E-01
4.9964E-02
-6.6081E-03
-1.7424E-02
1.6739E-02
-5.7014E-02
-8.8711E-02
-7.4133E-02
-4.6379E-02
3.2323E-02
4.5713E-02
5.4974E-02
6.8574E-02
-9.8532E-05
-1.1372E-02
-1.6855E-02
-7.5511E-02
-1.4975E-01
-7.9159E-02
3.5443E-02
2.1867E-02
1.8883E-02
4.3016E-02
8.5011E-03
1.3067E-02
6.3668E-03
-5.4911E-02
-6.9035E-02
-5.2425E-02
7.0444E-03
2.4638E-02
2.9534E-02
4.5639E-02
3.1508E-02
-2.5365E-02
-6.3915E-02
-7.4669E-02
-8.4179E-02
-5.8569E-02
-4.7518E-02
-1.1991E-02
-1.3800E-02
8.8617E-03
1.0461E-01
1.0178E-01
6.8855E-02
3.3366E-02
-2.4274E-02
-6.3169E-02
-4.1679E-02
5.8609E-02
1.3900E-01
5.7005E-02
4.2562E-02
1.8479E-02
-4.7468E-02
1.5234E-03
5.1140E-02
4.7863E-02
5.7330E-02
3.8829E-02
2.8846E-02
4.7741E-02
1.1324E-02
-5.2728E-02
-2.2803E-02
-2.5294E-02
-6.2461E-02
-3.1839E-02
5.4068E-02
1.2301E-01
7.2614E-02
5.5347E-02
4.9454E-02
-1.6804E-03
3.6342E-02
5.1961E-02
7.0668E-03
5.3025E-02
4.9441E-02
6.2987E-02
5.7728E-02
1.1132E-01
7.7391E-02
-3.8388E-04
1.9390E-02
2.2530E-03
8.8380E-03
7.5811E-03
-3.9515E-02
-6.7964E-02
-6.9079E-02
-1.5310E-02
3.7902E-02
2.7205E-02
3.8546E-02
-2.2513E-02
-4.5734E-02
-3.2566E-02
-3.6098E-02
-2.5927E-02
-6.2981E-02
-3.5319E-02
6.7692E-02
4.2479E-02
4.9731E-04
2.2525E-02
3.7752E-02
6.9727E-02
5.7363E-02
8.0668E-03
-6.2427E-03
9.4151E-03
-8.2149E-03
4.7949E-02
4.4678E-02
6.4363E-03
5.7135E-03
-7.2515E-02
-1.0457E-01
-6.5059E-02
1.8095E-03
1.3554E-02
-2.9551E-02
-4.2222E-02
-5.7555E-02
1.2555E-02
6.9853E-02
3.8371E-02
2.5528E-02
5.9811E-03
-3.3397E-02
-3.7494E-02
-8.4457E-02
-6.6039E-02
-1.0559E-02
-4.4171E-02
-4.0516E-02
-5.0714E-02
-4.7184E-02
-1.0663E-01
-8.8583E-02
-6.0473E-02
-1.5535E-02
6.3936E-04
-2.4628E-02
-5.6926E-02
-1.2657E-01
-2.9615E-02
-3.8616E-02
-1.0330E-01
-1.0795E-01
-7.0407E-02
-3.0718E-02
2.2681E-02
5.9522E-02
-5.0762E-02
-6.6905E-02
-2.1006E-02
-2.3467E-02
1.4688E-02
-8.7678E-03
-4.3479E-02
-7.0366E-02
-2.0363E-02
-3.2224E-02
-5.6555E-02
-4.3906E-02
-6.9427E-02
-9.3584E-02
-6.6906E-02
-2.9573E-02
-3.5183E-02
-1.2281E-01
-9.6458E-02
3.2781E-02
1.0440E-02
4.9542E-02
4.0136E-02
-1.7974E-03
-5.4226E-03
-3.7323E-02
-4.5125E-02
-5.2883E-02
-4.3587E-02
-1.5155E-02
2.6232E-02
5.8596E-02
2.5713E-02
6.1973E-02
6.9410E-02
-2.1871E-03
2.4212E-03
-3.0691E-02
-7.5499E-02
-5.7354E-02
2.7366E-02
1.6963E-02
-7.6659E-02
-6.0882E-02
-4.7416E-02
-4.5351E-03
3.6975E-02
-3.8806E-02
-8.2572E-02
-3.4092E-02
-5.7880E-02
-3.4340E-02
3.6597E-02
4.0143E-03
-2.4850E-02
4.4612E-02
4.6536E-02
-1.2761E-02
-2.2686E-03
-2.6477E-02
-9.8247E-02
-6.9585E-02
-4.9298E-02
-4.3465E-02
2.4030E-03
-3.0909E-02
-3.7663E-02
-2.3729E-02
-5.6052E-02
-5.9339E-02
-4.3558E-02
-6.0305E-02
-2.8458E-02
-1.5315E-02
-1.8820E-02
-1.6348E-02
-6.6978E-03
2.2596E-02
8.8005E-03
1.5242E-02
-3.6500E-02
-9.2380E-02
-2.3320E-02
9.3362E-03
1.1323E-02
3.0264E-02
2.0986E-02
4.6155E-02
5.1261E-02
-1.3865E-02
-6.4451E-02
-6.2035E-02
-6.8029E-02
-4.3288E-02
-2.1501E-02
-2.9122E-02
-1.2215E-02
1.4600E-02
-2.4621E-03
5.7833E-03
4.9505E-02
-1.2171E-02
-3.3613E-02
-2.8247E-02
-2.9815E-02
-4.9837E-02
-3.8222E-02
5.1329E-02
1.2868E-01
1.4478E-01
6.2076E-02
3.3857E-02
5.1834E-02
2.4664E-02
3.5919E-03
5.6710E-02
8.8731E-02
6.4867E-02
7.8431E-02
9.4106E-02
1.1314E-01
1.1525E-01
4.9954E-02
1.0199E-02
5.8344E-03
-2.4721E-02
-1.6683E-02
-2.5528E-03
-3.1888E-02
-5.2694E-03
7.7015E-04
-2.3222E-04
3.2510E-02
2.1671E-02
4.6182E-03
5.9131E-03
-5.7719E-03
-8.9235E-03
-8.6816E-03
3.2032E-02
2.9711E-02
-2.5364E-02
-3.3637E-02
-2.3146E-02
-2.8057E-02
-3.2589E-02
-3.6696E-02
-2.5525E-02
-4.3009E-02
-9.0863E-02
-2.4793E-02
-2.1619E-02
-1.0230E-01
-4.0838E-02
3.1025E-02
4.1497E-04
-3.1397E-02
-4.9273E-02
-7.8415E-02
-8.1767E-02
-2.4404E-02
1.7000E-02
-3.1892E-02
9.0842E-03
7.5704E-02
5.3993E-02
7.0955E-02
4.2464E-02
1.7202E-02
7.1684E-02
6.3655E-02
7.7814E-02
7.9690E-02
1.3072E-02
-3.2696E-02
-2.9357E-02
-7.6064E-03
1.1802E-02
-4.1420E-03
2.8386E-02
6.9017E-02
1.3123E-02
2.6885E-02
7.5163E-02
1.2257E-01
5.8182E-02
-1.3008E-02
5.2061E-03
-1.9263E-02
-2.4520E-02
2.0715E-03
-3.1917E-02
1.0906E-02
1.0371E-01
4.5538E-02
1.9757E-02
4.4905E-02
-3.5386E-02
-5.9129E-02
9.5873E-03
2.7489E-02
3.2196E-02
3.3095E-02
6.9600E-03
-2.1147E-02
-1.5610E-02
-8.2566E-03
-6.1168E-02
-5.8632E-02
-4.0131E-02
-4.9490E-02
-2.5102E-02
-3.4046E-02
-1.7962E-02
9.0845E-03
-3.3965E-02
-3.9902E-02
-1.7988E-02
1.1714E-02
3.5305E-02
6.3601E-02
2.1963E-02
-3.2192E-02
-6.6713E-02
-4.9560E-02
1.2961E-02
1.3463E-02
1.6534E-02
1.6226E-02
5.8376E-03
-3.7049E-04
-1.1503E-02
-4.7215E-02
-4.9732E-02
-3.6716E-02
-1.5647E-03
6.6484E-02
6.8586E-02
1.7422E-02
3.6569E-03
-2.7315E-02
-6.0750E-02
-6.6389E-02
-3.5095E-02
3.9177E-02
9.6776E-03
-3.1758E-02
-5.1942E-04
3.3845E-02
2.4057E-02
-3.1037E-02
-3.4045E-02
3.2541E-02
4.8358E-02
3.8675E-02
1.8292E-02
4.7398E-02
1.0376E-01
6.4735E-02
3.3806E-03
-3.7136E-02
-1.8218E-03
5.5360E-02
3.5496E-02
-7.3105E-03
3.5335E-02
3.7971E-02
-5.3281E-03
1.2189E-02
3.3195E-02
3.5525E-02
3.9754E-03
-4.6812E-02
-1.7459E-02
-9.7825E-03
-4.6531E-02
-1.8889E-02
3.8749E-02
1.4564E-02
1.1294E-02
3.9742E-02
2.6958E-02
-5.3600E-03
-8.9586E-03
2.1590E-02
-2.7920E-03
4.1808E-03
2.7304E-02
-1.0155E-02
-4.5097E-02
-9.5101E-03
4.3303E-02
4.0815E-02
2.0774E-02
-4.7936E-02
-1.0487E-01
-9.9745E-02
-9.4605E-02
-6.2295E-02
4.0853E-03
1.4944E-02
-6.3195E-03
2.1487E-02
5.0198E-02
2.9563E-02
-2.2514E-02
3.0762E-02
5.8099E-02
4.1913E-02
6.6169E-02
7.9793E-02
6.5075E-02
2.3961E-02
-2.1067E-02
-4.5627E-02
-2.5687E-02
3.3812E-03
-1.1608E-02
-4.7335E-02
-1.3464E-02
-5.9696E-03
-2.5629E-02
-1.3135E-02
-4.2288E-02
-3.2591E-02
-1.1926E-02
-9.1580E-03
-1.2215E-02
2.0828E-02
6.0353E-02
4.1510E-02
2.5989E-02
-6.4826E-03
-3.8652E-02
1.3750E-02
3.1519E-02
-3.4755E-02
-4.9471E-02
-4.5540E-02
-3.3264E-02
-3.1131E-02
-5.1175E-02
-1.0762E-01
-9.5645E-02
-2.8423E-02
-1.2702E-02
4.9263E-02
5.0200E-02
8.6884E-03
2.9823E-02
1.1414E-02
3.6320E-02
6.8287E-02
1.9954E-02
2.9627E-02
1.0552E-02
9.1178E-03
3.1302E-02
-6.2799E-03
-6.2079E-02
-6.5214E-02
-2.8709E-02
2.9183E-02
7.3298E-02
9.8019E-03
4.1777E-03
-1.9994E-02
-8.1271E-02
-8.6134E-02
-8.7151E-02
-6.4489E-02
-5.6992E-02
-4.5071E-02
-4.1997E-02
-6.8792E-02
-7.0823E-02
-6.1005E-02
-2.2555E-02
-1.0725E-02
-4.7283E-02
-6.1204E-02
-7.7118E-03
4.8446E-02
5.0755E-02
4.9982E-02
6.6054E-02
5.7284E-02
4.0206E-02
2.4526E-02
2.1447E-02
1.2625E-02
2.5156E-02
6.0209E-03
-3.4650E-02
2.1575E-02
4.7195E-02
3.9652E-02
2.1218E-02
-1.3482E-02
-4.9015E-02
-8.9775E-02
-9.2156E-02
-9.6062E-02
-7.7320E-02
-6.5565E-02
-4.0341E-02
2.7302E-02
2.9760E-02
-7.0258E-03
-8.4732E-04
2.2374E-04
-1.0850E-02
-3.6017E-03
2.9436E-03
5.6854E-02
9.2200E-02
8.9390E-02
9.9463E-02
9.3730E-02
2.2510E-03
-3.0428E-02
1.6895E-02
3.4522E-02
4.4029E-02
6.3263E-02
6.6716E-02
1.0141E-01
8.3085E-02
2.6520E-03
-4.3564E-02
-4.6314E-02
-9.4696E-04
1.3473E-02
6.0007E-02
9.9263E-02
7.2226E-02
7.9378E-02
7.4815E-02
2.1082E-02
3.9109E-02
4.7570E-02
-2.3307E-02
-2.7129E-02
5.3695E-03
-2.2759E-02
-2.0546E-02
-6.5544E-04
-2.3999E-02
-3.4501E-02
4.3041E-02
8.3218E-02
5.5145E-02
8.6838E-03
-1.4973E-02
-2.5997E-03
5.5823E-02
5.7248E-02
2.0374E-02
2.0240E-02
5.3812E-02
5.6385E-02
5.3131E-02
8.3040E-02
2.5082E-02
-4.7456E-02
-7.6447E-02
-1.1117E-01
-1.3373E-01
-1.2246E-01
-8.2590E-02
-2.9790E-02
-2.5579E-02
-4.2383E-03
2.3902E-02
1.8879E-02
-1.3470E-02
-2.0367E-02
-6.0168E-03
2.9502E-02
7.4440E-02
5.3762E-02
5.8250E-03
2.4823E-02
1.7828E-02
2.4009E-03
1.5070E-02
9.0926E-04
-3.8102E-02
-8.3556E-02
-4.9201E-02
-3.2897E-02
-6.4240E-02
-3.5902E-02
-2.4287E-02
-3.7450E-02
-4.2182E-02
-2.2619E-02
1.7984E-02
2.2440E-02
-2.9938E-02
-3.9740E-02
2.0536E-02
5.1350E-02
2.3454E-02
-2.5336E-02
-4.5144E-02
-3.9415E-02
-6.1968E-03
-9.7419E-03
-7.7476E-02
-2.6582E-02
6.6385E-02
3.1661E-02
1.2666E-02
3.5857E-02
3.2909E-03
-2.8208E-02
-8.0276E-03
3.4614E-02
3.2187E-02
2.7377E-02
5.6148E-02
1.0265E-01
1.4194E-01
1.0140E-01
5.4683E-02
5.6725E-02
3.0644E-02
-2.5490E-02
-4.4814E-02
-3.8174E-02
-7.0454E-03
-1.4595E-02
-2.1319E-02
-6.0058E-03
2.7788E-03
3.5441E-02
4.2573E-02
1.5600E-02
1.3375E-02
2.4970E-03
-3.4791E-02
-5.0291E-02
-1.7948E-02
-4.8866E-02
-8.3231E-02
-5.3062E-02
-2.2027E-02
-8.6824E-03
-2.2148E-02
-2.4804E-02
-2.2127E-03
-1.0275E-02
-6.0558E-02
-7.6869E-02
-4.5775E-02
-5.1202E-02
-6.3164E-02
-2.9273E-02
-2.0218E-02
-2.9547E-03
-3.2941E-02
-1.0122E-01
-1.0101E-01
-4.0807E-02
-3.8517E-03
-6.5566E-03
-5.3583E-02
-1.0596E-01
-2.8452E-02
2.2124E-02
-5.1603E-03
-2.5859E-02
-2.3322E-02
4.6040E-02
1.4505E-01
1.2321E-01
5.0456E-02
6.9095E-02
7.9425E-02
7.3758E-02
6.2732E-02
4.9175E-02
9.2204E-03
-4.2374E-02
-2.1870E-02
2.5650E-02
4.5724E-02
6.1430E-02
6.9773E-02
6.0968E-02
2.5759E-02
2.5794E-02
2.2082E-02
-3.9509E-02
2.2621E-03
2.5754E-02
4.0508E-03
-1.2292E-02
-3.6192E-02
-2.0360E-02
-4.9678E-02
-4.9501E-02
-3.4465E-02
-5.4377E-02
-3.3894E-02
-6.1373E-02
-9.4941E-02
-7.3657E-02
-7.5557E-02
-5.7415E-02
2.4166E-02
4.1177E-02
1.3275E-02
4.2420E-02
-1.6866E-02
-2.9253E-02
2.1072E-02
-5.4856E-04
4.2458E-03
6.3313E-02
6.6587E-02
-1.5185E-02
3.7258E-03
4.2415E-02
-6.9430E-03
-4.0501E-02
-5.9934E-02
-2.0515E-02
8.2014E-03
-3.1008E-02
-4.8136E-02
-3.9466E-02
-8.1387E-02
-8.0581E-02
-3.0682E-02
-3.3243E-02
-3.5690E-02
-1.9911E-02
-2.5833E-02
-3.4613E-02
1.4559E-02
5.3401E-02
2.2230E-02
-3.9303E-04
-1.8128E-02
2.3704E-03
7.2546E-02
3.5552E-02
-3.1197E-02
-2.3145E-02
-1.7776E-02
-3.9268E-02
1.1869E-02
1.0580E-01
1.4648E-01
8.0058E-02
3.0827E-02
4.6013E-02
1.7566E-02
-4.1154E-02
-7.5276E-02
-5.9546E-02
-3.8507E-02
3.5323E-02
7.2203E-02
6.4778E-02
2.8314E-02
-8.2234E-03
-2.9526E-02
2.6465E-03
3.4846E-02
2.4806E-02
1.0308E-02
-3.9327E-02
-7.3863E-02
-6.9562E-02
-7.2405E-02
-8.4763E-02
-9.2142E-02
-2.2357E-02
7.7337E-02
7.4767E-02
6.0007E-02
4.4760E-02
-2.3054E-03
-4.6008E-02
-2.7923E-02
-1.8406E-02
1.4364E-02
1.1944E-02
-3.3413E-02
-6.8322E-02
-5.1645E-02
-2.7965E-02
-2.0066E-02
-9.2922E-03
1.0632E-02
1.7181E-02
1.9762E-02
4.8786E-02
3.3357E-02
3.0469E-02
4.6917E-02
-1.0444E-02
-2.6827E-02
2.0696E-02
-4.8543E-03
-2.0641E-03
3.6420E-02
3.7364E-02
4.0560E-02
8.5777E-02
5.1022E-02
-3.1715E-02
1.2151E-02
3.3971E-02
-9.7960E-03
-4.4746E-02
-1.5416E-02
7.0024E-02
1.0870E-01
9.1836E-02
5.0215E-02
2.6781E-02
-3.6859E-02
-2.9560E-02
3.8973E-02
3.9652E-02
2.7788E-02
5.4954E-03
-1.4740E-02
3.0395E-02
4.1011E-02
7.1737E-03
-1.6737E-02
-3.1267E-02
-3.9132E-02
-1.5172E-02
3.6644E-02
5.2307E-02
6.5488E-02
8.4241E-02
6.5898E-02
1.4753E-02
1.4086E-03
1.3752E-02
3.0694E-02
5.7696E-02
3.1394E-02
-2.2348E-02
-7.6034E-03
4.4332E-02
7.9084E-02
7.1763E-02
9.5828E-02
5.9666E-02
-3.8393E-02
-5.5003E-02
-1.9570E-02
-2.7438E-02
-6.3762E-02
-4.2320E-02
-8.5588E-03
-1.2411E-02
4.8852E-03
9.3055E-03
6.7789E-04
2.7172E-02
-2.6142E-03
-2.4881E-02
1.1732E-02
3.5231E-02
2.9480E-02
1.3107E-02
-2.4644E-02
-3.7717E-02
-1.8663E-02
-2.9851E-03
-7.1395E-03
-4.3306E-02
-5.6210E-02
-5.9809E-02
-1.1734E-01
-1.1782E-01
-7.0404E-02
-9.3538E-02
-1.2183E-01
-6.5949E-02
-5.1264E-02
-4.5674E-02
1.4118E-02
6.8362E-03
-5.2742E-02
-7.3296E-02
-4.1057E-03
2.8501E-02
4.2263E-02
7.0457E-02
1.5957E-02
-4.1282E-02
-2.0535E-02
-7.9673E-03
-2.9124E-02
-4.6477E-02
-2.9410E-04
7.4217E-02
1.3690E-02
-1.1082E-03
3.5839E-02
8.0305E-03
3.1413E-03
1.2988E-02
3.3907E-02
2.3236E-02
1.2394E-02
4.4624E-02
7.6105E-03
-4.5720E-02
-6.0856E-02
-7.3461E-02
-4.4163E-02
2.3475E-02
2.4591E-02
-2.3265E-02
-4.9294E-03
3.5904E-02
6.0572E-03
5.5590E-02
1.1207E-01
5.3697E-02
3.4706E-02
2.9054E-02
2.6184E-03
1.6183E-02
1.8289E-02
1.9654E-02
3.9776E-02
2.2441E-02
1.9021E-03
1.6022E-03
-8.6956E-03
-6.5241E-03
-4.9350E-02
-6.2805E-02
-1.5173E-02
-4.3349E-02
-4.6060E-02
-5.1003E-02
-8.3229E-02
-5.1368E-02
-2.2816E-02
-5.0714E-02
-6.0903E-02
-4.4071E-02
-2.5513E-02
-3.9532E-03
4.0718E-03
-3.9484E-03
-3.1817E-02
-3.9292E-02
-3.2526E-02
-8.7593E-04
6.4747E-02
7.1726E-02
6.5360E-02
3.3729E-02
-3.0688E-02
-5.0383E-02
-4.5100E-02
-7.5038E-02
-9.9097E-04
5.7134E-02
3.0123E-02
4.9872E-02
4.4500E-02
-1.8070E-02
-5.5031E-02
-3.7021E-02
-3.4033E-02
-3.3346E-02
-2.7031E-02
-3.2091E-02
-5.1601E-02
-3.9778E-02
-3.0106E-02
1.9671E-02
6.2744E-02
2.5931E-02
8.2634E-03
2.5420E-02
3.1727E-02
2.2578E-02
3.2673E-03
-4.4851E-02
-4.5980E-02
-4.6405E-05
2.9812E-02
3.2999E-02
-5.1545E-03
-1.0184E-02
1.0671E-02
-1.2771E-03
-6.0203E-03
-1.6542E-02
-5.6580E-02
-6.0424E-02
6.6301E-03
7.2218E-02
9.1147E-02
6.3768E-02
5.9866E-02
6.2629E-02
4.3415E-02
2.6162E-02
5.9607E-02
6.1274E-02
4.4496E-02
4.9677E-02
1.6307E-02
-1.3022E-02
-1.1261E-02
-2.6103E-02
-3.2721E-02
-3.1742E-02
-3.5448E-02
-9.8139E-03
4.7502E-02
8.6089E-02
7.1864E-02
5.2691E-02
2.9541E-02
1.6691E-02
1.7112E-02
2.7100E-02
-1.4199E-02
-5.2049E-02
-1.4279E-02
4.1104E-02
3.9712E-02
6.1182E-02
7.6947E-02
4.8866E-02
2.0402E-02
-1.0142E-02
-2.6233E-02
-9.5600E-03
-7.7761E-03
6.3300E-03
2.8302E-02
3.1125E-02
-5.0550E-04
-2.7372E-02
-2.1559E-02
1.3203E-02
3.2860E-03
3.4468E-03
1.9119E-02
-5.4717E-03
2.7798E-02
4.0950E-02
2.0624E-02
2.9035E-02
3.7726E-02
3.4149E-02
4.2344E-02
3.6426E-02
4.2122E-02
2.7090E-02
9.5246E-03
-9.9312E-03
-2.3321E-02
-1.0313E-02
-2.1215E-03
5.9734E-03
2.8629E-02
1.4913E-02
7.3554E-03
-3.2146E-02
-4.2814E-02
-2.1506E-02
-2.9941E-02
-3.0418E-02
-1.5132E-02
2.6212E-02
2.1625E-02
-8.3269E-03
-3.5868E-02
-5.0748E-02
-1.0135E-01
-1.0474E-01
-5.2302E-02
-1.2843E-02
7.4824E-03
3.8537E-02
4.8129E-02
3.7893E-02
9.9915E-03
-4.1768E-02
-2.2934E-02
-3.0674E-03
2.7456E-02
7.4438E-02
6.8993E-02
6.2598E-02
5.0723E-02
3.7410E-02
5.9164E-02
3.0382E-02
4.3148E-02
2.6976E-02
-4.2169E-02
-3.7414E-02
-2.5625E-04
-1.4267E-03
-3.0531E-02
-6.5728E-02
-6.0446E-02
-1.7344E-02
-5.1492E-03
1.3420E-02
1.5500E-02
-1.9098E-02
-5.5725E-02
-6.1692E-02
-6.5254E-02
-6.6138E-02
-4.5993E-02
-2.7950E-02
-3.5505E-02
-6.4428E-02
-8.8387E-02
-8.8389E-02
-7.8580E-02
-7.9345E-02
-5.8522E-02
-2.9645E-02
-1.7196E-02
1.6069E-02
1.0129E-02
-2.5946E-02
-3.5104E-02
-5.4436E-02
-3.4697E-02
3.6443E-04
-2.7181E-02
-5.7844E-02
-6.6554E-02
-5.1968E-02
-1.7480E-02
-2.3398E-02
-3.2494E-02
-3.8852E-02
-4.1317E-02
-5.0185E-02
-4.2868E-02
1.7975E-02
5.5486E-02
6.4847E-02
7.1263E-02
5.8004E-02
2.4761E-02
3.5650E-02
4.3828E-02
2.7605E-02
4.7669E-03
-9.8351E-03
9.4087E-03
2.3073E-02
-7.1465E-03
-3.1462E-02
-1.5664E-02
1.9845E-02
5.3686E-02
7.1449E-02
5.0239E-02
2.1967E-02
1.9068E-02
3.5092E-04
-1.1025E-02
2.0932E-02
1.0408E-02
-1.2436E-02
2.2601E-03
-3.5238E-02
-6.5880E-02
-4.4255E-02
-1.3600E-02
1.7979E-02
-1.9126E-02
-4.8125E-02
-1.4330E-02
6.6692E-03
-1.1409E-02
-1.4763E-02
-1.8734E-02
-4.6424E-02
-3.0098E-02
1.7422E-02
3.7068E-02
1.9434E-02
-2.5412E-02
-3.7140E-02
1.0106E-02
-1.9518E-02
-5.7306E-02
-3.0158E-02
1.8037E-02
3.9941E-02
4.1336E-02
1.8783E-02
-1.2650E-02
-2.2276E-02
6.5002E-03
3.0789E-02
3.2215E-02
2.2749E-02
3.8655E-02
6.4300E-02
3.5535E-02
1.4583E-02
6.5843E-04
-1.5230E-02
1.6714E-02
3.8537E-02
2.7917E-02
3.5303E-02
3.1073E-02
2.3774E-02
3.7517E-02
1.7058E-02
-2.9202E-02
-1.8031E-02
-6.6605E-03
-2.4737E-03
-1.0007E-02
1.5362E-03
1.1852E-02
1.1662E-02
2.6683E-02
1.4873E-02
-4.3038E-03
-6.1752E-04
-4.1069E-03
6.3059E-03
2.3472E-02
1.3395E-02
-6.3789E-03
7.3713E-03
4.2647E-02
4.5879E-02
4.1223E-02
2.5849E-02
2.0181E-02
1.9623E-02
3.7185E-03
1.5205E-02
4.0596E-02
3.5791E-02
1.6631E-02
2.3716E-02
2.7976E-02
2.2399E-02
1.1804E-02
3.4816E-03
2.9038E-02
3.7530E-02
1.5210E-02
2.2818E-02
7.9940E-03
2.0958E-03
3.5350E-02
1.2875E-02
1.0403E-02
2.1150E-03
-1.3240E-02
-5.9269E-03
8.4654E-03
1.5602E-02
-1.1335E-02
-1.7864E-02
1.3870E-02
2.9626E-02
2.4947E-02
3.7156E-04
-1.1329E-02
-1.2568E-02
-1.4647E-02
-1.6637E-02
-1.3059E-02
-3.0051E-02
-2.1468E-02
1.7490E-02
4.0028E-02
5.7808E-02
2.5036E-02
4.6115E-03
3.3280E-02
3.0959E-02
1.2068E-02
2.5902E-03
4.8040E-03
-2.1211E-02
-1.2734E-02
2.9231E-02
3.5082E-02
4.4510E-02
2.3749E-02
8.8187E-03
1.4193E-02
1.2170E-02
-5.0772E-03
-2.3541E-02
-1.5603E-02
5.8935E-03
1.7660E-02
-1.2422E-02
-4.6312E-02
-2.7973E-02
2.5672E-02
4.3632E-02
6.6421E-03
-3.5704E-02
-7.4998E-02
-6.1088E-02
-1.0036E-02
1.2975E-02
-2.2071E-03
6.7786E-03
3.1209E-03
-6.2977E-03
1.1507E-02
-4.5434E-03
-5.8203E-02
-5.0623E-02
-2.4646E-02
-9.2664E-03
8.6487E-03
-1.2530E-02
-1.5596E-02
2.0193E-03
-1.8463E-02
-3.3943E-02
-1.8739E-02
-8.0267E-03
-1.1418E-02
-3.5786E-02
-4.0830E-02
-3.9102E-02
-5.7254E-02
-4.0618E-02
-1.7131E-02
-2.7001E-02
-4.0930E-03
1.4168E-02
1.3054E-02
-2.2433E-03
-6.9818E-03
-7.8152E-03
-8.9999E-03
-1.7189E-02
-2.2649E-02
-1.6812E-02
-2.5387E-02
-3.7649E-02
-3.0067E-02
-9.8516E-03
-1.6168E-02
-2.4729E-02
-2.1536E-02
-4.6765E-03
3.9760E-02
4.2835E-02
3.7628E-02
2.5289E-03
-4.5431E-02
-3.1841E-02
-2.6389E-02
-1.0364E-02
2.3007E-02
3.6182E-03
-1.8540E-02
-1.6073E-02
-3.1590E-02
-4.7417E-02
-2.1040E-02
-1.6364E-02
-1.5250E-02
1.7323E-02
2.2966E-02
1.4675E-02
1.0475E-02
1.2243E-02
-1.1965E-02
-3.1436E-02
-7.8903E-03
-7.9508E-03
-4.4041E-02
-3.2706E-02
-1.4842E-02
-1.2389E-02
4.7765E-03
6.7310E-03
-3.8127E-03
-1.1211E-02
-2.6813E-02
-1.7373E-02
-5.4946E-03
1.1734E-03
1.8263E-02
1.4506E-03
-2.0294E-02
-9.1993E-03
-2.6935E-02
-2.9567E-02
-1.5793E-02
-3.7377E-02
-4.5706E-02
-1.5579E-02
-1.0443E-02
-9.0378E-04
1.7098E-02
1.4481E-02
1.7086E-02
1.3209E-02
1.1834E-02
9.7109E-03
3.4326E-02
5.8815E-02
2.0215E-02
-2.2135E-03
-1.3317E-02
-1.8655E-02
2.3989E-02
2.8092E-02
3.7111E-03
-1.2442E-02
-1.1501E-02
1.0137E-02
3.3039E-02
3.4722E-02
9.2015E-03
-2.9621E-02
-2.1923E-02
1.2263E-02
2.7651E-02
3.0719E-02
2.5466E-02
8.6369E-03
-1.8847E-02
-2.6270E-02
4.5801E-03
2.1339E-02
-4.4893E-03
-1.0804E-02
1.1623E-02
2.4239E-02
1.6114E-02
8.7224E-03
1.2466E-02
-8.8380E-05
-1.7215E-02
5.5833E-03
2.6069E-02
2.8721E-02
3.1850E-02
5.1395E-04
-1.0261E-02
-4.2690E-03
-1.0209E-02
-1.3324E-02
-1.9980E-03
5.6066E-03
-1.6656E-02
-2.7403E-02
-2.5160E-02
-2.2466E-02
-1.9438E-02
1.5599E-02
2.6794E-02
6.3297E-03
2.1604E-03
4.7680E-03
2.4079E-02
3.8205E-02
2.6904E-02
-9.5186E-05
-3.7583E-02
-5.9293E-02
-5.5558E-02
-2.5456E-02
5.0078E-03
1.9730E-02
2.5340E-02
4.1099E-03
-2.2673E-02
-4.2669E-03
-5.8310E-03
-1.0965E-02
3.1939E-03
1.8420E-03
3.4180E-03
1.6935E-02
3.7817E-02
1.4405E-02
-4.6031E-03
-3.4313E-03
1.5415E-02
2.1293E-02
2.2115E-02
3.0098E-02
-2.1393E-03
-2.4761E-02
-1.0465E-02
1.6473E-02
1.9581E-02
1.3408E-02
1.1409E-02
-1.4565E-02
-2.1905E-02
1.7894E-02
5.4008E-02
4.3739E-02
3.9486E-02
2.9322E-02
2.1369E-02
2.5485E-02
-7.6880E-03
-1.8741E-02
1.1519E-02
3.9969E-02
3.4639E-02
1.1606E-02
-1.0403E-02
-2.6972E-02
-1.3612E-02
-5.3169E-03
-7.3128E-03
-1.8330E-02
-3.9225E-02
-3.5069E-02
6.9021E-03
5.0025E-02
4.6711E-02
3.6243E-03
-9.0763E-03
3.5028E-03
1.7196E-03
6.5868E-03
1.5659E-02
-3.7412E-04
1.1925E-02
2.3036E-02
8.6682E-03
2.1620E-02
3.8250E-02
1.6743E-02
1.1121E-02
5.1194E-02
6.0474E-02
5.3471E-02
3.3725E-02
-4.4261E-03
-2.0995E-02
-3.4029E-02
-3.5800E-02
-2.0119E-02
2.0310E-04
2.8497E-02
4.0073E-02
5.8391E-02
5.6971E-02
3.1062E-02
1.1917E-02
8.1957E-03
-1.7428E-02
-2.8921E-02
-2.9937E-02
-3.0847E-02
-1.2583E-02
1.6007E-02
2.0979E-02
1.3397E-02
1.1571E-04
-2.7607E-02
-3.0077E-02
-1.4557E-02
-5.0314E-03
-3.5243E-03
1.1241E-02
2.2300E-02
6.1847E-03
-5.6774E-03
-1.0933E-02
-1.8351E-02
-2.1635E-02
-1.4865E-02
-2.1955E-03
1.9778E-04
1.8439E-03
1.1376E-02
1.1793E-02
-1.5543E-03
8.4042E-03
3.1899E-02
3.6114E-02
2.6410E-02
3.9043E-03
-1.6315E-02
-1.6120E-03
3.6871E-02
3.4368E-02
-1.7054E-02
-3.6552E-02
-2.3819E-02
-5.4222E-03
-4.3940E-03
-4.0834E-02
-5.6144E-02
-4.1238E-02
-2.1283E-02
-1.5320E-02
-1.7398E-02
-8.4817E-03
-4.4797E-03
-6.4714E-03
-1.1265E-02
-2.4070E-02
-4.6460E-02
-3.4095E-02
-5.4934E-03
2.4347E-02
4.0635E-02
3.2924E-02
3.5155E-02
3.8916E-02
2.0946E-02
-8.2035E-03
-3.6084E-02
-4.0410E-02
-1.4339E-02
8.6826E-03
8.8697E-03
-9.4464E-03
-3.5764E-02
-4.0038E-02
-5.0936E-03
3.4555E-02
3.6902E-02
2.2285E-02
6.2726E-03
-1.3420E-02
8.5049E-05
1.0197E-02
7.6494E-03
-4.0112E-03
-1.1819E-02
1.2833E-02
2.9250E-02
2.7211E-02
2.7536E-02
1.6301E-02
-1.1644E-02
1.2088E-02
3.0464E-02
2.4663E-02
2.7049E-02
2.1101E-02
7.4559E-03
-2.7323E-02
-3.3314E-02
-1.1729E-02
1.1108E-02
1.6878E-02
-1.7355E-02
-4.6848E-02
-3.0331E-02
-1.1203E-02
-4.6800E-03
-1.6704E-02
-3.6525E-02
-5.0780E-02
-3.0687E-02
1.7287E-02
7.5523E-03
-2.5094E-02
-2.3213E-02
-1.2577E-02
-1.0505E-02
1.9177E-02
3.5551E-02
2.5736E-02
1.9661E-02
-2.9623E-03
2.2836E-03
2.1408E-03
-6.9958E-03
8.2953E-04
-4.9646E-03
-9.4863E-03
-1.5425E-02
-3.3922E-02
-4.7603E-02
-5.1358E-02
-4.0445E-02
-2.4578E-02
4.6501E-03
4.9766E-02
3.3614E-02
-2.0348E-02
-4.8101E-02
-4.2649E-02
-1.2703E-02
1.9371E-03
1.2581E-02
6.9819E-03
-2.3418E-02
-2.2512E-02
9.8414E-04
4.5739E-03
7.0494E-04
8.4336E-03
-5.0136E-03
-1.2089E-02
-1.4669E-03
-6.8014E-03
-2.5833E-02
-2.8168E-02
-8.6824E-03
1.8416E-02
3.7145E-02
2.7964E-02
-4.1991E-03
-3.0624E-02
-7.5687E-03
1.8719E-02
3.3387E-02
2.6255E-02
-7.4911E-03
-2.7478E-02
-1.1083E-02
3.6874E-03
-2.0144E-03
1.2730E-04
5.6319E-05
-4.1508E-03
1.1467E-02
1.9341E-02
8.6591E-03
1.9546E-02
1.2378E-02
2.6595E-02
3.8830E-02
2.1693E-02
-8.3452E-03
-3.6706E-02
-2.4289E-02
1.4578E-02
3.5126E-02
3.6066E-02
2.2831E-02
1.5834E-02
3.7269E-02
4.1039E-02
2.1816E-02
-9.9692E-03
-1.5493E-02
-1.4744E-02
-3.8084E-02
-5.3993E-02
-4.6974E-02
-3.6816E-02
-1.3564E-02
4.1387E-03
-1.4416E-02
-1.3853E-02
-2.5468E-03
-2.0379E-03
-3.7263E-03
-1.2889E-02
-2.4832E-02
-2.1415E-02
-1.5818E-02
-1.8872E-02
-5.7473E-03
1.3062E-02
1.8987E-02
2.3506E-02
3.4381E-02
3.3141E-02
2.4441E-02
2.6101E-03
-3.1189E-02
-2.5583E-02
1.1389E-03
1.1648E-02
3.8418E-03
-1.4435E-02
-3.5000E-02
-4.5183E-02
-3.7744E-02
-1.6853E-02
-2.2632E-03
4.2651E-03
1.0179E-02
7.1067E-03
4.4535E-03
-1.3982E-03
-1.1317E-02
1.3285E-02
3.3665E-02
1.7391E-02
9.1879E-03
-1.1028E-02
-1.7963E-02
2.6241E-03
-1.8213E-03
-2.2477E-02
-2.7072E-02
-7.8967E-03
3.0463E-02
5.8447E-02
4.2015E-02
2.1276E-02
-9.0021E-03
-1.4321E-02
7.4781E-03
2.6857E-02
3.7751E-02
1.4773E-02
-7.3716E-03
-1.7595E-03
-9.3754E-04
-1.9314E-04
1.9331E-02
2.7161E-02
2.4338E-02
5.2371E-02
4.8433E-02
1.6636E-02
3.4197E-03
-1.4954E-02
3.2479E-03
1.6196E-02
9.1430E-05
3.0199E-03
3.6802E-03
1.0828E-02
7.5894E-06
-6.7087E-03
-6.5302E-03
-3.3143E-02
-6.5310E-02
-4.3259E-02
1.8511E-02
3.8604E-02
1.7521E-02
-1.4970E-02
-1.5959E-02
-1.0472E-02
6.0177E-03
2.4683E-02
1.8611E-02
7.0815E-03
-4.6437E-03
-9.5767E-03
1.7135E-02
6.9855E-03
-7.5743E-03
2.1824E-03
1.2330E-02
2.8801E-02
4.0571E-02
1.1638E-02
-2.4092E-02
-4.1774E-02
-1.9516E-02
1.9520E-02
9.4699E-03
-1.2655E-02
-1.0511E-02
-1.9673E-02
-1.9507E-02
-1.4396E-02
-1.3051E-02
1.3574E-02
3.3093E-02
4.2290E-02
3.3942E-02
2.3052E-03
-3.0394E-02
-6.3886E-03
3.0226E-02
1.1764E-02
-1.7608E-02
-2.6646E-02
-1.1234E-02
1.5706E-02
2.8504E-02
1.0729E-02
-1.2795E-02
-2.3744E-02
-2.6015E-02
-2.5511E-02
-1.6244E-02
-3.0657E-02
-3.8192E-02
-2.6211E-02
-3.6783E-02
-3.2773E-02
-2.7057E-02
-3.7128E-02
-4.7369E-02
-5.2929E-02
-4.9622E-02
-3.3217E-02
-6.3470E-03
4.4018E-03
6.3890E-04
-1.2915E-02
-2.9318E-02
-1.5871E-02
2.3450E-02
5.9844E-02
5.9516E-02
3.6551E-02
-2.2070E-03
-3.7475E-02
-3.5908E-02
-1.7486E-02
-1.1641E-02
7.7671E-03
1.1343E-02
3.5645E-04
-1.3772E-02
-9.1714E-03
1.1278E-02
2.5196E-02
4.7012E-02
2.8226E-02
-8.2745E-03
-8.7421E-03
-6.9071E-03
-7.0379E-03
8.3075E-03
9.3761E-03
-4.4062E-03
-1.0665E-02
-2.8287E-02
-3.5978E-02
-3.0740E-02
-2.4560E-02
1.7294E-03
6.7767E-03
-2.5889E-02
-4.1899E-02
-3.5503E-02
-1.2706E-02
1.1055E-02
2.2491E-02
1.7478E-02
4.9423E-03
2.0904E-04
-4.4717E-03
-6.1462E-03
-1.4368E-02
-1.9499E-03
1.3839E-02
1.4744E-02
2.2930E-03
-1.0555E-02
-1.1339E-02
3.8556E-03
1.0381E-02
-6.6806E-03
-2.6364E-02
-2.4243E-02
-1.4088E-02
-1.6630E-02
-5.3577E-03
1.7378E-02
1.9961E-02
1.5782E-02
8.5568E-03
-9.0007E-03
-1.1698E-02
-5.7291E-03
-6.5024E-05
2.0987E-02
3.6827E-02
1.8602E-02
3.6847E-03
1.3658E-02
2.3418E-02
2.7885E-02
2.4590E-02
4.1458E-03
6.4462E-03
7.9671E-03
1.8608E-02
3.9856E-02
2.1365E-02
4.8891E-03
7.3992E-03
-1.1702E-03
-1.2402E-02
-1.4136E-02
5.0583E-03
2.5456E-02
3.6900E-02
2.8991E-02
3.4187E-03
-4.9134E-03
1.3751E-02
1.9850E-02
1.8607E-02
5.0706E-03
-6.2872E-03
6.4176E-03
1.5958E-02
1.8730E-02
-1.3612E-03
-2.6450E-02
-1.2885E-02
6.7987E-03
5.9475E-03
-5.5506E-03
-2.3070E-02
-2.1415E-02
-2.4376E-02
-1.5720E-02
1.7879E-03
9.9941E-04
-7.3966E-03
2.8424E-03
2.8505E-02
3.1223E-02
6.3300E-03
-1.7524E-02
-2.0262E-02
6.6832E-03
3.4374E-02
2.6414E-02
-1.5414E-02
-2.2407E-02
-1.7701E-03
-8.6758E-03
1.2125E-02
1.5857E-02
-1.0388E-02
-1.4471E-02
-1.7387E-02
-1.4696E-02
-1.7456E-03
1.7275E-02
4.6448E-02
5.2584E-02
1.4888E-02
-2.3295E-02
-1.9878E-02
-1.1107E-02
-4.5503E-03
-1.1738E-02
-1.8029E-02
-2.6607E-03
2.6719E-02
2.8520E-02
5.6470E-03
8.1997E-03
-8.8926E-04
2.3498E-03
1.5347E-02
1.7897E-02
2.1595E-02
3.6572E-03
-6.9853E-03
-4.2474E-03
-1.8758E-02
-3.0525E-02
-4.6879E-02
-4.2496E-02
-1.8393E-03
1.6075E-02
3.9059E-02
3.5171E-02
-1.5481E-02
-3.2499E-02
-2.7310E-02
-3.2866E-03
2.2897E-02
2.2360E-02
8.1187E-03
-1.0102E-02
-1.5418E-02
7.0095E-03
1.7068E-02
6.9152E-03
-4.5299E-03
-2.0845E-02
-2.7437E-02
-1.3283E-02
1.3568E-02
1.7741E-02
5.5646E-03
4.8423E-04
-1.3957E-02
-1.3312E-02
7.8544E-03
2.3920E-02
1.8228E-02
2.7711E-02
2.4625E-02
1.4341E-02
4.7528E-02
5.3083E-02
2.2924E-02
-1.7580E-03
-1.0646E-02
-2.3075E-03
2.1267E-02
4.5552E-02
3.4872E-02
1.0972E-02
-1.3671E-02
-3.6057E-02
-3.6670E-02
-4.9557E-02
-6.4928E-02
-3.6767E-02
2.1833E-03
1.9516E-04
-7.3424E-03
-5.2180E-03
-1.5066E-02
-1.2115E-02
8.5359E-03
1.3036E-02
-1.4422E-02
-4.6442E-02
-4.7027E-02
-2.6411E-02
1.3662E-02
3.2731E-02
3.0424E-02
-7.4909E-03
-2.8999E-02
-3.4612E-02
-3.4104E-02
-9.4585E-03
-1.3061E-03
8.9370E-03
3.2030E-03
-1.2952E-02
-1.5740E-02
-1.9688E-02
-2.2513E-02
-8.4841E-03
1.9358E-02
4.2864E-02
4.0596E-02
3.2372E-02
2.2167E-02
9.5483E-03
9.5104E-03
1.4197E-02
4.1271E-03
3.1495E-03
1.4036E-02
8.7105E-03
7.0524E-03
4.7329E-03
-1.0026E-02
-5.4141E-03
4.9784E-03
-3.7380E-03
-3.9791E-02
-5.3455E-02
-6.4713E-02
-6.8368E-02
-3.5397E-02
-1.0664E-02
-8.4096E-03
-1.5585E-02
-2.8192E-02
-2.3438E-02
6.3329E-03
3.8781E-02
3.3292E-02
-2.7528E-03
-2.6348E-02
-2.3473E-02
1.3460E-02
3.2651E-02
2.5263E-02
1.3722E-02
-2.2309E-03
-1.4047E-02
1.1946E-02
4.9824E-02
4.0153E-02
1.1105E-02
8.1504E-03
5.6661E-03
1.2461E-02
1.0454E-02
-5.4762E-03
-1.1927E-02
-2.1323E-02
-3.2293E-02
-9.7537E-03
4.2469E-03
2.0411E-02
3.7418E-02
1.6447E-02
-1.6983E-02
-2.5734E-02
-1.3232E-02
-5.5636E-03
3.5552E-02
5.3029E-02
2.0462E-02
9.0726E-03
5.5797E-03
-2.1617E-02
-2.2617E-02
-4.1141E-03
9.0123E-03
9.5661E-03
1.3795E-02
1.8063E-02
-3.8568E-03
-2.8657E-02
-2.9793E-02
-1.5401E-02
-9.6258E-03
-1.1763E-02
-2.8761E-02
-4.1648E-02
-2.7958E-02
1.8329E-03
3.1934E-02
3.9192E-02
7.0778E-03
-1.6939E-02
-2.2667E-02
-1.2016E-02
1.3789E-02
2.1724E-02
2.3896E-02
1.4421E-03
-1.5528E-02
6.6051E-03
2.3190E-02
3.4343E-02
2.8507E-02
-1.7312E-03
-2.3815E-02
-1.3114E-02
-2.2018E-03
3.2993E-03
2.3933E-02
1.9587E-02
6.9922E-04
-6.3549E-03
3.4270E-03
2.2065E-02
2.2419E-02
-1.5693E-03
-2.8654E-02
-3.4267E-02
-1.2043E-02
1.0715E-02
2.3069E-02
3.7135E-03
-2.6158E-02
-2.3094E-02
-1.9556E-02
9.1011E-03
3.4510E-02
2.6984E-02
9.5634E-03
-1.4936E-02
-1.3268E-02
3.2602E-03
1.3348E-02
1.3677E-02
-1.7583E-03
-1.7919E-02
-2.2638E-02
-2.9742E-02
-3.6044E-02
-4.0870E-02
-2.5953E-02
5.3496E-03
2.5363E-02
1.6744E-02
4.3181E-03
8.0637E-03
3.0598E-04
5.8839E-03
2.7571E-02
1.0917E-02
-5.4803E-04
7.9290E-03
-1.9926E-02
-2.6728E-02
-1.0306E-02
-8.5513E-03
2.3215E-02
3.5604E-02
4.0871E-03
-3.0887E-03
-7.0088E-03
-1.4079E-02
1.5971E-02
3.6074E-02
3.0753E-02
2.2900E-02
6.1168E-03
-1.3593E-02
-9.5176E-03
1.9353E-03
1.1600E-02
2.5866E-02
2.2130E-02
6.8305E-03
-2.0282E-03
2.4105E-02
3.0285E-02
-7.5351E-03
-7.0366E-03
-7.7718E-03
-1.2349E-02
5.8624E-03
1.3062E-03
-3.2270E-03
-2.9089E-03
-3.6074E-03
1.2086E-03
-1.1467E-03
-2.0339E-03
-1.2439E-02
-1.6412E-02
-7.0997E-04
3.9742E-03
1.1923E-03
4.8832E-03
4.1495E-03
-1.1681E-02
-1.0189E-02
6.3165E-03
-4.7640E-03
-6.6803E-03
7.5747E-03
1.9633E-02
3.7495E-02
4.0777E-02
1.6238E-02
7.8415E-03
-1.0707E-02
-2.9646E-02
-2.5517E-02
-2.8579E-02
-8.6816E-03
1.3565E-02
2.1659E-02
3.1106E-02
2.2379E-02
-1.3022E-03
-6.9803E-03
-2.2921E-03
2.1724E-03
7.6146E-03
2.5241E-02
2.4563E-02
2.9512E-03
-5.5333E-03
-1.3805E-02
-1.5604E-03
-4.6069E-03
-2.7612E-02
-2.8624E-02
-2.3002E-02
-3.7505E-03
1.5243E-02
2.4121E-02
2.0919E-02
-2.5354E-03
-2.4797E-02
-1.1194E-02
1.5884E-02
7.2423E-03
-1.1822E-02
-2.3289E-02
-3.8228E-02
-3.8695E-02
-8.3020E-03
2.8802E-03
6.8456E-03
2.4026E-03
-2.0384E-02
-3.5257E-02
-4.8299E-02
-3.0119E-02
2.8898E-03
1.8676E-02
1.0556E-02
-1.0461E-02
-1.6426E-02
-1.8819E-02
-8.3104E-03
1.1270E-02
1.3648E-02
-5.5346E-04
-1.2400E-02
-1.1294E-02
9.3289E-04
1.8507E-02
2.4625E-02
2.1447E-02
-6.6160E-03
-1.9511E-02
-1.9159E-02
-3.6445E-03
2.0409E-02
3.7154E-02
3.4621E-02
1.7558E-02
1.2873E-02
1.4429E-02
1.0734E-04
-4.8333E-03
-2.7403E-03
4.9102E-04
9.8483E-03
-4.7774E-03
-1.3983E-02
7.4915E-03
4.4211E-03
5.8860E-03
1.3464E-02
2.1748E-02
3.1354E-02
-3.0210E-04
-2.2386E-02
-1.2293E-02
-5.3576E-03
-1.0793E-02
-1.1075E-02
-2.7731E-03
-9.1409E-03
-1.6345E-02
-1.0413E-02
-2.1097E-02
-2.3126E-02
-8.5711E-03
9.1193E-03
7.8758E-03
2.2108E-03
2.4314E-03
5.0335E-03
4.2978E-03
7.5691E-03
1.0848E-02
9.5144E-03
-7.6860E-03
-2.7712E-03
2.5354E-03
-8.3558E-03
-1.7806E-02
-1.4634E-02
-2.0134E-04
2.6915E-02
1.5115E-02
-5.6390E-03
-1.2227E-02
-2.7481E-02
3.8276E-03
2.6397E-02
2.0318E-02
-3.7188E-04
-1.7060E-02
-2.2018E-02
-4.3406E-03
1.5442E-02
1.5966E-02
1.4525E-02
1.4966E-02
4.4657E-03
8.1096E-03
1.0422E-02
2.2735E-02
2.2054E-02
-3.9162E-03
-2.7085E-02
-3.9282E-02
-2.5635E-02
1.1143E-02
3.8008E-02
3.8469E-02
1.3441E-02
-2.4510E-02
-2.8011E-02
-1.9161E-02
-9.4235E-03
-4.6869E-03
-1.1282E-02
-8.8037E-04
1.3713E-02
-3.6392E-04
-8.1784E-03
-4.8779E-03
-1.3576E-02
1.0058E-03
1.9781E-02
2.7819E-02
2.4155E-02
-1.7218E-03
-3.9574E-02
-4.4633E-02
-1.7455E-02
-5.0188E-03
-2.8116E-05
-2.3331E-04
-5.5203E-03
5.2744E-03
1.3362E-02
-4.8644E-03
-1.7217E-02
-2.4359E-02
-1.8544E-02
2.4759E-03
5.5059E-03
8.4939E-03
3.7983E-02
3.2090E-02
1.9204E-02
2.2267E-02
3.0818E-04
-2.8355E-02
-3.4150E-02
-1.3466E-02
-1.0132E-02
-1.5831E-02
-1.6329E-02
1.4169E-03
2.8092E-02
4.9932E-02
4.7666E-02
2.2860E-02
-1.2443E-02
-1.7787E-02
-6.0402E-03
4.8220E-03
2.3544E-02
7.5272E-03
-3.2613E-02
-3.3967E-02
-1.0965E-02
1.8180E-04
-9.5654E-03
-2.3112E-02
-2.6213E-02
-9.0159E-03
2.3111E-02
3.6447E-02
2.6179E-02
-4.5264E-04
-1.0107E-02
-3.6262E-03
5.5988E-03
2.6452E-03
4.1680E-03
-1.5734E-03
9.6490E-03
2.4916E-02
3.1321E-02
3.1750E-02
2.3758E-02
1.5723E-02
1.0653E-02
-6.9188E-03
-1.8114E-02
-6.5844E-03
9.4726E-03
1.2139E-02
2.3269E-03
6.2475E-04
-1.4812E-02
-2.1182E-02
-1.9843E-02
-1.3285E-02
3.7086E-03
-5.8824E-03
-1.2640E-02
-6.3496E-03
2.6753E-03
1.3309E-02
1.4782E-02
1.6124E-02
2.5077E-04
-1.6716E-02
-1.3518E-02
-1.0188E-02
-1.1614E-02
-2.3544E-02
-4.3314E-02
-3.5853E-02
-1.3878E-02
-3.5812E-03
2.0037E-03
1.2462E-02
4.7103E-03
8.8715E-03
1.4988E-02
-1.0349E-02
-1.5115E-02
1.7957E-03
9.0570E-03
9.4982E-03
-1.7820E-04
4.8843E-03
2.1847E-02
2.1442E-02
1.7265E-02
-4.3815E-03
-1.3211E-02
2.0500E-03
5.7486E-03
1.6695E-02
2.3360E-02
1.9551E-02
2.1785E-02
1.9853E-02
1.4171E-02
6.3170E-03
-6.4404E-03
-2.0123E-02
-1.5398E-02
-2.9937E-03
-2.9587E-03
-6.1268E-03
1.6720E-02
1.8663E-02
-4.9994E-03
-3.7552E-02
-6.9453E-02
-4.9333E-02
3.7308E-03
2.7527E-02
1.7056E-02
-1.5672E-02
-4.4598E-02
-4.2392E-02
-2.0523E-02
5.4172E-03
3.2589E-03
-1.4811E-02
-2.4847E-02
-3.2276E-03
7.3814E-03
-2.9655E-03
4.7030E-03
7.8797E-03
-6.9389E-03
-7.9859E-03
-6.2744E-03
6.2929E-03
1.4569E-02
8.8001E-03
1.9333E-02
1.3445E-02
-1.4140E-02
-2.5666E-02
-2.3724E-02
-2.5603E-02
-2.6728E-02
-1.9046E-02
-1.8307E-03
3.6981E-03
2.2426E-03
-2.1205E-03
-2.0430E-02
-1.5308E-02
-6.3397E-03
1.9724E-03
8.2383E-03
-3.6574E-03
-1.8941E-02
-1.0236E-02
1.3155E-02
2.0303E-02
8.5057E-03
-4.5732E-03
7.6757E-03
2.9055E-02
2.3726E-02
-6.2204E-03
-1.7674E-02
-8.0133E-03
7.9190E-03
-7.0040E-03
-2.8049E-02
-3.5569E-02
-2.0588E-02
1.8227E-02
5.0020E-02
3.1409E-02
1.7011E-02
3.8600E-04
-2.7103E-02
-2.5263E-02
-6.8522E-03
1.1253E-02
2.6312E-02
2.9890E-02
2.6625E-02
2.1473E-02
1.6290E-02
-1.9367E-03
-3.6213E-02
-3.1869E-02
-2.0460E-02
-3.6091E-03
3.1566E-02
4.3370E-02
3.4422E-02
1.8295E-02
-1.2725E-02
-1.6771E-02
-1.0888E-02
-1.6868E-02
-6.0413E-03
9.3182E-03
5.4814E-03
1.4948E-02
1.0603E-02
-2.2523E-02
-3.5113E-02
-3.3682E-02
-3.0121E-02
-1.1376E-02
1.8346E-02
3.6133E-02
1.9437E-02
-4.1123E-03
-3.1711E-03
-3.5875E-03
-1.2145E-02
-2.8216E-02
-1.7938E-02
8.7238E-03
8.7852E-03
-9.2573E-03
-2.0334E-02
-1.8472E-02
-1.1816E-02
4.0431E-03
6.6395E-04
-1.0525E-02
-1.2568E-02
-7.4914E-03
1.1634E-03
-3.5176E-03
-8.3299E-03
-1.1373E-02
-2.5048E-02
-2.7891E-02
-4.2945E-03
1.2559E-02
2.8142E-02
2.6230E-02
9.4560E-03
3.3348E-03
2.3633E-03
1.4078E-03
-6.2981E-03
-1.9042E-02
-3.1240E-02
-2.1050E-02
1.1746E-03
6.2405E-03
7.4220E-04
-5.2825E-03
-1.3727E-02
-1.0201E-02
-1.6211E-02
-1.6418E-02
-1.8899E-02
-2.8862E-02
-2.1897E-02
-1.5521E-02
-5.3356E-03
1.3882E-02
2.4397E-02
1.1964E-02
2.0643E-03
-1.2046E-03
1.8515E-03
2.8298E-02
5.2533E-02
4.5478E-02
5.4701E-03
-3.1902E-02
-1.3282E-02
3.0886E-02
5.4060E-02
6.1348E-02
4.3231E-02
1.2417E-02
4.4387E-03
1.3634E-02
2.5180E-02
2.1150E-02
1.6203E-02
1.3998E-02
1.2612E-02
1.3175E-02
2.4009E-03
5.1047E-03
1.4934E-02
2.5219E-02
3.6689E-02
3.0550E-02
2.1166E-02
1.7115E-02
2.7127E-02
3.5053E-02
1.6642E-02
2.8227E-03
-4.2551E-03
-1.8344E-02
-3.5017E-03
1.7970E-02
3.2360E-02
3.8962E-02
2.6141E-02
1.5054E-02
6.9907E-03
-1.1125E-02
-1.2656E-02
1.3636E-02
3.0055E-02
3.3968E-02
4.4906E-02
5.5762E-02
5.7035E-02
6.7815E-02
7.4131E-02
6.2837E-02
4.0533E-02
2.4884E-02
1.7983E-02
2.5961E-02
4.7667E-02
5.3488E-02
5.0576E-02
5.7978E-02
5.3292E-02
3.6622E-02
3.1895E-02
2.2854E-02
8.8335E-03
1.4582E-02
2.3135E-02
2.6939E-02
3.7674E-02
2.7931E-02
1.0181E-02
1.5722E-02
1.3309E-02
-1.2013E-03
-7.5133E-03
-2.3027E-02
-2.5619E-02
-2.7456E-03
4.3851E-03
5.4959E-03
6.3298E-03
-1.5938E-02
-3.2531E-02
-2.3472E-02
-5.1128E-03
8.7828E-03
1.1208E-03
-1.8924E-02
-2.0352E-02
-1.7619E-02
-1.8014E-02
-1.2737E-02
-1.1733E-03
1.6696E-02
1.9572E-02
1.4883E-02
8.3069E-03
-1.4532E-02
-3.7377E-02
-4.3416E-02
-4.5265E-02
-4.2773E-02
-3.7016E-02
-2.4679E-02
-9.0414E-03
-7.2247E-03
-1.3056E-02
-3.0176E-02
-6.5069E-02
-9.4274E-02
-9.1362E-02
-6.2366E-02
-3.0573E-02
-1.4182E-02
-1.5091E-02
-3.1541E-02
-4.4189E-02
-6.9692E-02
-8.6598E-02
-6.4852E-02
-3.8491E-02
-1.4346E-02
-5.4178E-03
2.0106E-03
6.9626E-03
-2.9177E-03
-5.1811E-03
-4.0721E-03
-1.3456E-02
-2.1813E-02
-2.1328E-02
-1.4039E-02
8.5448E-03
2.3091E-02
2.0985E-02
1.3305E-02
8.3118E-03
6.1455E-03
1.7748E-02
2.7582E-02
3.3111E-02
3.2206E-02
1.0687E-02
1.0619E-02
1.1845E-02
9.7514E-03
2.4124E-02
4.1250E-02
4.6375E-02
3.6209E-02
1.2107E-02
-7.6605E-03
-1.0888E-02
-8.5638E-03
2.3769E-03
1.3050E-02
4.3441E-03
3.2646E-03
1.2437E-02
1.2129E-02
2.3285E-03
-1.3776E-02
-4.2077E-02
-5.7297E-02
-5.0508E-02
-3.0274E-02
-1.1200E-02
-2.7812E-03
-1.4101E-03
-1.1909E-02
-3.3053E-02
-4.7873E-02
-4.3912E-02
-3.8051E-02
-1.8365E-02
3.3679E-03
6.5213E-03
1.3769E-03
-2.8074E-04
8.7434E-03
2.5861E-02
2.4360E-02
-8.6742E-04
-2.5810E-02
-3.9276E-02
-3.7254E-02
-9.1978E-03
9.3960E-03
1.1756E-02
1.4171E-02
1.0105E-02
8.9580E-03
3.9061E-03
-1.8128E-02
-3.1127E-02
-1.8683E-02
7.2455E-03
3.1775E-02
4.6299E-02
3.8503E-02
3.2872E-02
3.6489E-02
3.1430E-02
2.7382E-02
2.4363E-02
4.9052E-03
-1.1382E-02
4.3387E-03
9.4284E-03
7.5835E-03
8.3858E-03
6.9048E-03
1.2379E-02
2.0525E-02
2.0648E-02
1.0711E-02
1.2398E-02
6.8513E-03
1.7600E-04
1.4599E-02
3.4265E-02
3.4582E-02
1.9876E-02
-1.5042E-03
-2.9640E-02
-3.9326E-02
-2.4482E-02
-1.8760E-02
-2.3585E-02
-8.3902E-03
8.2423E-03
9.0401E-03
-1.4151E-02
-2.8011E-02
-2.2261E-02
-1.0678E-02
1.7173E-02
3.4290E-02
1.5010E-02
-6.6779E-03
-2.8894E-02
-3.3192E-02
-9.0665E-03
1.2661E-02
2.8071E-02
2.0675E-02
-9.9085E-03
-1.9514E-02
-1.3223E-03
1.2059E-02
-5.2192E-04
-8.8657E-03
-1.3601E-02
-8.3780E-03
-8.0877E-04
7.5794E-03
1.5985E-02
-6.5678E-03
-2.3001E-02
-3.6913E-02
-4.9940E-02
-3.7464E-02
-1.6051E-02
-1.5918E-03
4.0151E-03
-1.1228E-02
-2.5874E-02
-3.3396E-02
-2.2451E-02
-7.7860E-03
-7.0375E-03
-1.3032E-02
-1.6133E-02
-1.8925E-02
-1.0515E-02
-8.3452E-03
-2.7146E-02
-3.9889E-02
-4.0268E-02
-2.2388E-02
-8.2655E-03
-2.5511E-02
-4.6705E-02
-5.2719E-02
-4.8477E-02
-2.3680E-02
1.5140E-02
2.4527E-02
1.8043E-02
5.2966E-03
-1.6422E-02
-2.7147E-02
-3.7738E-02
-4.7010E-02
-4.7671E-02
-3.1232E-02
-2.9588E-02
-3.0830E-02
-3.4037E-02
-2.9266E-02
-1.3143E-02
7.2265E-03
1.3018E-02
-1.2415E-02
-3.2627E-02
-3.5597E-02
-2.5806E-02
-1.7843E-02
-2.9169E-02
-3.9885E-02
-3.0751E-02
-2.6171E-02
-3.7440E-02
-5.1724E-02
-5.2629E-02
-4.8549E-02
-4.3345E-02
-2.5299E-02
-1.8185E-02
-1.3690E-02
2.1267E-02
3.1697E-02
1.6957E-02
-1.0886E-03
-2.8119E-02
-3.8360E-02
-2.3535E-02
-1.2322E-02
-2.1939E-02
-3.0936E-02
-1.4432E-02
2.0061E-02
4.3473E-02
2.7394E-02
-5.6450E-03
-2.3351E-02
-1.5412E-02
3.9132E-03
-2.2641E-03
-1.5109E-02
-1.9426E-02
-1.6097E-02
2.8920E-04
2.2241E-02
2.0865E-02
-1.2480E-03
-7.2630E-03
-9.1547E-03
-7.3546E-04
1.8677E-02
1.5174E-02
5.3668E-03
-2.9521E-03
-2.1887E-02
-2.5757E-02
-1.1049E-02
-3.8787E-03
-1.1541E-03
4.5455E-04
-2.2790E-03
1.9733E-02
3.4596E-02
2.0725E-02
-7.1967E-03
-2.9089E-02
-1.1369E-02
3.0355E-02
5.7445E-02
5.4214E-02
2.4375E-02
1.1620E-02
2.7686E-02
4.8588E-02
5.3246E-02
8.4592E-03
-2.0760E-02
-1.2749E-02
1.7730E-02
5.0752E-02
4.6078E-02
5.0203E-03
-4.7761E-03
1.2645E-02
1.1712E-02
-4.0917E-03
-1.7447E-02
-1.3518E-02
1.5608E-02
5.0713E-02
5.8811E-02
2.4051E-02
-2.1956E-02
-2.3874E-02
-1.5194E-03
2.2370E-02
1.6475E-02
3.7157E-03
-3.8936E-03
-2.5325E-03
8.1993E-03
1.2638E-02
1.0660E-02
-2.8936E-03
-9.8101E-03
4.3493E-04
1.1512E-02
-8.2862E-04
3.8854E-03
1.9454E-02
1.3820E-02
1.1117E-02
8.7607E-03
8.9157E-03
4.1439E-04
3.8498E-03
1.2760E-02
6.1615E-03
7.3849E-03
1.1612E-02
1.0153E-02
-3.4757E-03
-5.9378E-03
1.0601E-02
2.0021E-02
1.2528E-02
-3.5443E-03
-8.6881E-03
-1.3219E-02
-1.6038E-02
1.9308E-04
1.3572E-02
1.5494E-02
2.3706E-02
4.3543E-02
5.7333E-02
4.2700E-02
2.9282E-02
1.8337E-02
7.4105E-04
-4.3483E-03
2.4806E-03
2.1532E-02
3.6742E-02
5.1944E-02
5.7993E-02
3.2176E-02
-1.5417E-02
-4.0055E-02
-3.2259E-02
-6.7293E-03
1.6382E-02
2.3549E-02
1.6672E-02
-1.8323E-03
-1.1455E-02
4.5175E-03
1.6805E-02
1.1390E-02
-4.9358E-03
-1.5277E-02
-9.9547E-03
7.3853E-03
3.0655E-02
2.1131E-02
4.3657E-03
-2.0587E-03
1.3333E-03
4.7275E-03
1.6944E-02
2.2105E-02
1.5348E-02
2.3578E-02
1.0968E-02
-1.8896E-02
-2.1582E-02
-1.5625E-02
-4.2193E-03
2.8507E-02
4.6499E-02
2.0108E-02
4.4098E-03
-1.2056E-02
-2.4749E-02
6.3200E-03
1.3816E-02
1.6328E-02
1.9016E-02
4.9944E-03
4.8170E-04
1.8603E-02
1.6017E-02
1.1658E-02
2.2317E-02
1.1861E-02
-3.5074E-03
-1.7306E-02
-2.9049E-02
-2.6022E-02
-7.6550E-03
7.2769E-03
1.0800E-02
8.6244E-03
7.8110E-03
-2.1703E-03
-3.7682E-03
3.4610E-03
1.7267E-02
2.1956E-02
1.6964E-02
8.3253E-04
-1.1047E-02
-1.7108E-03
1.6407E-02
2.8505E-02
3.4057E-02
3.3619E-02
2.4085E-02
2.1577E-02
1.2054E-02
-4.7993E-03
-1.8923E-02
-1.4066E-02
7.5920E-03
3.4876E-02
4.4910E-02
1.9774E-02
-1.6629E-02
-1.0117E-02
6.5342E-03
1.1567E-02
1.1416E-02
-1.0594E-02
-1.4297E-02
9.1664E-03
2.0683E-02
7.2395E-03
-2.5711E-02
-4.4334E-02
-4.5478E-02
-2.8072E-02
-1.0954E-02
-1.6219E-02
-2.5775E-02
-2.2815E-02
-8.0864E-03
-2.0268E-04
-5.0608E-03
-1.6922E-02
-1.1228E-02
-1.1947E-03
1.0242E-02
5.3432E-03
-1.2547E-02
-2.1758E-02
-1.5371E-02
9.4102E-03
3.2110E-02
3.4270E-02
4.1803E-03
-2.7108E-02
-3.2138E-02
-6.9213E-03
2.2482E-02
3.6376E-02
2.1101E-02
4.1460E-03
9.6295E-03
8.0030E-03
1.5500E-02
2.2988E-02
2.6266E-03
-1.4662E-02
-1.6912E-02
-2.3485E-02
-1.8717E-02
-7.3535E-03
-1.0287E-02
-1.3663E-02
-2.3083E-02
-3.0817E-02
-3.1781E-02
-9.1196E-03
2.1431E-02
1.5808E-02
5.4913E-03
-2.6385E-03
-1.9021E-02
-2.2680E-02
-9.9656E-03
-7.8543E-04
4.7792E-03
-2.5798E-04
-3.5491E-03
7.1551E-03
6.0153E-03
-1.0769E-03
2.6930E-03
1.3968E-02
1.5084E-02
3.2555E-03
1.9280E-03
-1.8158E-03
9.1042E-03
2.5557E-02
2.6626E-02
1.5587E-02
7.8068E-03
1.4153E-02
2.9171E-02
2.7981E-02
-1.0514E-02
-3.1240E-02
-2.1479E-02
9.6396E-04
2.7243E-02
1.9250E-02
-5.9281E-03
-7.0616E-03
4.1933E-04
9.9157E-03
2.6607E-03
-2.6394E-02
-3.7808E-02
-2.2504E-02
-7.0017E-03
9.4502E-03
2.9036E-02
1.9954E-02
4.8760E-03
1.1241E-02
1.6328E-02
8.2323E-03
8.1353E-03
6.7754E-03
6.0183E-03
2.0614E-02
3.0760E-02
3.5181E-02
2.6038E-02
-2.9561E-03
-2.6282E-02
-2.2601E-02
2.5001E-04
1.5581E-02
2.4901E-02
1.6915E-02
-7.6573E-03
-1.5149E-02
-6.8488E-03
5.8318E-03
1.1875E-02
2.4394E-03
2.5307E-04
5.1628E-03
3.6253E-03
-1.7475E-02
-3.2492E-02
-1.7060E-02
2.6574E-03
1.6543E-02
-5.9920E-03
-3.2722E-02
-3.8224E-02
-2.0202E-02
5.4171E-03
1.7032E-02
8.4110E-03
-1.1526E-03
-1.6744E-02
-2.3883E-02
-4.0167E-02
-5.8637E-02
-4.1104E-02
-3.2976E-03
2.9463E-02
2.7408E-02
-1.3065E-02
-4.5038E-02
-4.4156E-02
-2.1000E-02
-1.3236E-02
-2.3609E-02
-2.1103E-02
-1.3724E-02
4.7118E-03
1.4336E-02
-4.3722E-03
-3.6476E-02
-4.4883E-02
-2.9313E-02
1.4399E-02
2.6175E-02
1.0482E-03
-2.0155E-02
-1.2344E-02
1.3269E-02
2.5841E-02
1.6130E-02
1.7924E-04
-1.0433E-02
-8.3071E-03
1.7906E-03
1.2726E-02
2.2158E-02
3.2987E-02
4.2911E-02
2.6751E-02
9.7108E-03
-1.0266E-02
-2.4747E-02
-2.2569E-02
-1.4428E-02
7.1041E-03
1.8484E-02
9.4872E-03
-5.3312E-03
-2.0571E-02
-1.5524E-02
1.2497E-02
2.7529E-02
2.3371E-02
1.3295E-02
-2.7642E-04
-5.7172E-03
1.9891E-02
2.8478E-02
3.2885E-03
-9.7883E-03
-1.5416E-02
-1.4526E-02
-3.7298E-03
-8.1512E-05
7.3296E-03
1.5331E-02
1.4436E-02
1.6595E-02
2.5562E-02
2.1778E-02
7.6673E-03
1.4240E-02
4.0052E-02
4.1990E-02
2.0219E-02
-1.6759E-03
-9.5961E-03
6.0250E-03
2.5253E-02
7.1904E-03
-1.7130E-02
-1.3133E-02
-1.3330E-02
-1.5345E-02
-5.8803E-03
-6.6857E-03
-6.2134E-03
1.8688E-02
4.6501E-02
5.1829E-02
3.1021E-02
9.8195E-03
-5.9824E-03
1.0742E-02
2.8220E-02
2.4903E-02
3.1640E-02
3.4572E-02
3.1297E-02
3.3049E-02
1.3443E-02
-1.3796E-03
4.1070E-03
1.0864E-02
2.0515E-02
2.3618E-02
1.5419E-02
1.8799E-02
5.9668E-03
4.0618E-03
1.2077E-02
1.1932E-02
-8.8582E-04
-1.5678E-02
-1.7731E-02
-1.6687E-02
-1.7036E-03
4.5192E-03
-4.6409E-03
-2.1214E-03
-2.8231E-03
-2.4841E-03
-1.4903E-02
-4.3811E-02
-3.3973E-02
-1.3839E-02
-1.8025E-03
-3.3717E-03
3.6696E-04
-2.9405E-03
-2.4986E-02
-2.8830E-02
-1.6747E-02
-2.0827E-02
-1.4503E-02
9.2486E-03
-4.7220E-03
-2.9818E-02
-2.6142E-02
-1.7226E-02
-1.5032E-03
-1.9231E-03
-3.9914E-02
-5.1124E-02
-3.1161E-02
-2.4436E-02
-1.2541E-02
-2.7448E-03
-2.2511E-02
-3.5807E-02
-2.1061E-02
-1.6418E-03
1.0978E-02
-2.7140E-03
-2.6695E-02
-3.1099E-02
-1.4206E-02
-1.5229E-02
-3.0313E-02
-4.1548E-02
-5.9343E-02
-5.0509E-02
-3.8878E-03
1.4131E-02
6.1039E-04
-1.1701E-02
-2.5132E-02
-3.2634E-02
-2.2144E-02
-1.8472E-02
-1.2151E-02
-3.0377E-03
-5.5550E-03
-9.4364E-03
-5.4934E-03
-1.4500E-02
-1.9052E-02
-1.2753E-02
-2.1618E-02
-2.5721E-02
-1.7601E-02
-1.7715E-02
-1.1938E-02
-3.8472E-03
-1.3039E-02
-1.2547E-02
-1.7439E-02
-1.7393E-02
-6.8448E-03
-4.7154E-03
-9.5367E-04
2.7436E-03
1.0054E-02
1.9988E-02
2.4458E-02
2.3505E-02
2.0411E-02
1.7745E-02
9.6333E-03
-1.3568E-02
-1.6639E-02
2.7063E-04
1.7125E-02
2.0990E-02
1.3191E-03
-1.4779E-02
-3.0119E-02
-2.8117E-02
-7.2078E-03
6.3688E-03
-2.7776E-03
-1.1748E-02
-2.7394E-02
-3.0923E-02
-1.5688E-02
3.8372E-03
2.4315E-02
3.0054E-02
-4.5481E-04
-2.7484E-02
-2.0395E-02
5.7924E-03
2.8266E-02
4.6330E-02
4.3257E-02
1.2092E-02
-1.9545E-02
-1.5959E-02
-6.0310E-03
-6.7454E-03
6.0719E-03
1.9938E-02
3.8971E-02
3.4160E-02
9.5791E-03
-1.7590E-02
-1.0634E-02
1.6863E-02
3.4402E-02
4.6592E-02
3.1573E-02
-1.1933E-03
-8.2104E-03
-3.1682E-05
4.4177E-03
3.4915E-03
-5.7488E-03
-1.3219E-02
-7.3904E-03
1.5494E-02
3.1791E-02
2.6589E-02
1.6550E-02
6.4865E-03
9.1550E-04
2.5331E-03
6.3255E-03
6.9376E-03
1.1181E-02
3.3910E-02
3.9762E-02
1.8509E-02
5.0932E-03
-1.0291E-02
1.8664E-03
4.0198E-02
4.5595E-02
3.3594E-02
2.0320E-02
-3.7725E-03
-1.4701E-02
-1.3101E-02
-1.0305E-02
-1.0620E-03
-8.9568E-03
-9.6196E-03
2.1234E-02
3.6232E-02
2.1097E-02
5.9448E-03
1.1377E-03
-1.2634E-02
-2.2841E-02
-1.1326E-02
-5.3796E-03
6.1346E-04
2.1100E-02
2.1892E-02
1.7616E-02
1.8543E-02
1.5020E-02
1.0317E-02
-1.0091E-03
-1.0209E-02
7.2464E-05
9.0051E-03
8.5742E-03
1.0382E-02
9.8146E-03
5.6006E-03
-1.3908E-02
-1.7771E-02
5.7261E-03
1.3808E-02
1.2131E-02
2.4908E-02
1.2053E-02
-1.1026E-02
-2.6006E-02
-2.8439E-02
-1.8617E-02
8.5831E-03
2.1541E-02
7.6971E-03
-9.6695E-03
-1.8495E-02
-1.2030E-02
6.5749E-04
1.9535E-03
-5.2599E-03
9.1143E-03
1.4014E-02
1.0702E-02
1.4465E-02
1.5283E-02
1.3802E-02
-6.2297E-03
-2.1906E-02
-1.3732E-02
-1.9059E-04
2.1806E-02
4.4535E-02
3.0020E-02
9.3599E-03
-1.2358E-02
-3.3141E-02
-2.4202E-02
-5.9791E-03
1.1067E-02
4.2272E-03
-1.1817E-02
-5.5579E-03
2.5373E-03
-7.5990E-04
-1.9300E-02
-3.0795E-02
-1.6741E-02
-5.4255E-03
1.4505E-02
2.6247E-02
9.3311E-03
-2.6647E-03
-6.0346E-03
-1.7620E-02
-2.9811E-02
-3.4257E-02
-3.1009E-02
-2.0515E-02
-5.2791E-03
5.0603E-03
3.5908E-02
4.1561E-02
1.6713E-02
-1.4478E-02
-3.8264E-02
-3.6285E-02
-1.3469E-02
7.5682E-03
3.3958E-03
3.9910E-03
7.1495E-03
1.2594E-02
1.6411E-02
7.1823E-04
-1.0777E-02
-2.0074E-02
-1.8667E-02
-2.4198E-02
-3.0149E-02
-1.7855E-02
-1.2990E-02
-1.1335E-03
8.5987E-04
-1.5828E-02
-3.0978E-02
-2.1007E-02
8.6607E-03
1.5132E-02
-9.6642E-03
-1.6217E-02
-1.5779E-02
-4.5448E-03
1.7148E-02
1.1718E-02
2.1866E-03
7.7176E-03
1.9994E-02
2.7741E-02
1.4638E-02
-7.0243E-03
-3.9865E-03
1.6099E-02
2.0465E-02
2.3939E-02
2.1346E-02
6.8899E-03
-8.2902E-04
-3.1485E-03
-2.4178E-02
-3.3674E-02
-2.5394E-02
-3.5832E-02
-5.7340E-03
2.6806E-02
4.5727E-04
-2.1406E-02
-1.9718E-02
-1.4412E-02
-1.1884E-02
-1.6802E-02
-2.1390E-02
-5.2877E-03
2.6390E-02
4.1619E-02
3.8363E-02
3.5235E-02
1.5429E-02
-7.0594E-03
-1.4329E-02
-2.4434E-02
-2.1138E-02
-7.0425E-03
6.9528E-03
6.1787E-03
-1.9990E-02
-3.0173E-02
-2.4922E-02
-1.3915E-02
2.8964E-03
-1.4710E-03
-2.5965E-02
-2.6423E-02
-1.9635E-02
-3.1473E-02
-2.9613E-02
-1.7114E-02
7.1797E-04
2.4834E-02
2.0498E-02
-1.1645E-02
-2.9824E-02
-1.6452E-02
1.4492E-02
1.6047E-02
-1.2700E-02
-2.8106E-02
-1.6819E-02
1.2465E-02
2.7862E-02
4.3713E-04
-2.0787E-02
-2.0283E-02
8.7096E-03
3.1315E-02
1.6375E-02
-2.9392E-02
-6.2464E-02
-3.8839E-02
1.7375E-02
3.5924E-02
1.5062E-02
-2.1310E-02
-3.6300E-02
7.4021E-04
3.0519E-02
1.3610E-02
-1.5107E-02
-2.5136E-02
-1.3972E-02
9.8888E-03
2.4966E-02
1.2999E-02
-5.2461E-03
3.6740E-03
1.0485E-02
1.2337E-02
7.9136E-03
-7.7244E-03
-3.5577E-03
1.8970E-02
3.3289E-02
2.3396E-02
-2.0391E-02
-4.8550E-02
-3.7286E-02
-6.7281E-04
3.1101E-02
2.7402E-02
1.1000E-02
9.5764E-03
9.2574E-03
2.7274E-02
3.0724E-02
2.7391E-02
1.7513E-02
-5.8779E-03
-1.2635E-02
-1.1301E-03
8.2274E-03
1.3012E-02
1.7842E-02
2.1110E-02
2.9132E-02
2.3864E-02
1.1986E-02
1.6096E-03
-1.9448E-02
-1.9313E-02
1.9563E-03
2.6585E-02
3.4857E-02
1.1834E-02
-4.0412E-03
-2.2280E-02
-3.4159E-02
-1.4587E-02
3.9115E-03
6.8332E-03
9.5065E-03
1.9604E-02
1.5785E-02
-3.3294E-03
-1.4968E-02
-2.0781E-02
-1.2091E-02
6.8176E-03
2.5886E-02
3.1723E-02
2.1393E-02
-6.2294E-03
-3.3760E-02
-3.1773E-02
-1.5197E-02
-2.6955E-03
1.5623E-02
2.8431E-02
2.4402E-02
1.7159E-04
-2.0048E-02
-2.4015E-02
-2.1012E-02
-7.1257E-03
1.1819E-02
1.2178E-02
-6.0488E-03
-1.3779E-02
-1.7022E-02
-2.3256E-02
-1.2643E-02
1.7335E-03
9.3791E-03
1.7271E-03
-1.0849E-02
-2.1306E-02
-2.7080E-02
-2.8245E-02
-1.2127E-02
4.4134E-03
1.2437E-02
3.0750E-02
1.8472E-02
-7.5774E-03
-1.4925E-02
-1.8513E-02
-4.5316E-04
2.0382E-02
2.7027E-02
2.7453E-02
6.2224E-03
-8.8248E-03
-5.6565E-03
-1.6045E-03
1.6939E-03
1.5022E-02
1.1601E-02
5.8221E-03
1.1737E-02
1.6903E-02
1.8562E-02
1.6136E-02
4.8506E-03
2.6679E-03
1.8804E-03
3.3842E-03
2.1506E-02
1.2801E-02
3.7723E-03
1.5699E-02
1.8952E-02
2.1278E-02
1.9763E-02
-4.3848E-03
-3.2996E-02
-4.1368E-02
-3.0770E-02
-8.6838E-03
1.3127E-02
2.5398E-02
2.0451E-02
-1.3689E-02
-2.7462E-02
2.4812E-04
2.2679E-02
2.0652E-02
3.7485E-03
1.8929E-03
1.4570E-02
2.4698E-02
1.8869E-02
-1.0718E-03
-1.1592E-02
-8.7944E-04
3.1777E-02
5.5079E-02
3.9614E-02
2.9233E-03
-1.3509E-02
-1.1243E-02
-1.3980E-03
1.1689E-02
8.6134E-03
-1.2309E-03
-4.2927E-03
-3.5577E-04
4.8365E-03
9.2490E-03
1.1833E-02
1.1425E-02
1.9264E-02
2.2374E-02
3.8899E-03
-2.1343E-02
-2.5390E-02
-1.4013E-02
-4.2726E-03
-7.2354E-03
-2.0469E-02
-1.8512E-02
-6.6636E-03
5.2101E-03
3.0292E-02
3.5629E-02
2.7119E-02
2.1681E-02
1.8488E-02
4.1683E-03
-3.0856E-03
1.1522E-02
1.9559E-02
2.1911E-02
8.1594E-03
1.0929E-02
2.0335E-02
1.7260E-02
1.6740E-02
1.4520E-03
-3.3831E-03
4.5954E-03
9.4763E-03
2.0697E-02
1.8165E-02
3.0699E-03
1.2393E-02
1.6397E-02
-1.5474E-02
-2.7295E-02
-2.4345E-02
-2.7302E-02
-2.8121E-03
2.3144E-02
2.1048E-02
-4.3098E-03
-2.9271E-02
-2.5290E-02
-6.8064E-03
1.1412E-02
6.4168E-03
-1.3174E-02
-2.5766E-02
-3.2492E-02
-2.2634E-02
-8.6988E-03
-1.2653E-02
-7.6994E-03
5.3646E-03
9.1415E-03
-6.7560E-03
-3.6010E-02
-4.8973E-02
-2.8184E-02
-7.3247E-03
8.9926E-03
1.0142E-02
-9.8130E-03
-1.8055E-02
-1.1489E-02
-2.4414E-04
1.2935E-03
-2.2295E-03
-1.1341E-02
-6.2435E-03
1.1532E-02
1.3941E-02
6.7373E-03
6.8440E-03
-2.6008E-03
-7.6587E-03
-2.7347E-03
-2.9775E-03
-8.4766E-03
-6.9921E-04
-6.1853E-03
-2.2948E-02
-2.5014E-02
-2.7930E-02
-1.5487E-02
1.7356E-02
1.4060E-02
-4.6121E-03
5.7477E-03
1.2823E-02
5.6354E-03
-8.1104E-03
-2.0277E-02
-1.1756E-02
1.3229E-02
2.7840E-02
3.2336E-02
2.8624E-02
4.6331E-03
-1.4157E-02
-8.1242E-03
-7.6331E-03
-1.1901E-02
-2.2183E-02
-4.7194E-02
-5.1714E-02
-3.1050E-02
-7.1937E-03
1.5017E-02
2.2471E-02
2.9552E-02
3.1098E-02
1.4504E-02
4.0135E-03
8.1361E-03
1.4357E-02
2.5941E-02
2.4839E-02
6.6873E-03
-1.4231E-02
-2.8297E-02
-1.7923E-02
7.1644E-03
1.7285E-02
1.9523E-02
1.4967E-02
-4.6927E-03
-1.3656E-02
-3.2154E-03
1.4437E-02
3.1600E-02
3.1197E-02
1.9108E-02
4.8902E-03
-4.4423E-04
-3.3848E-03
-9.8132E-03
-4.0394E-03
-2.2501E-03
2.2230E-03
1.9207E-02
1.9801E-02
-5.8894E-04
-1.6296E-02
-2.8572E-02
-1.7318E-02
1.4618E-02
4.3510E-02
3.6508E-02
1.4520E-02
-9.1950E-03
-3.3789E-02
-2.9773E-02
-1.5589E-03
9.1734E-03
3.2556E-03
-6.3497E-03
-1.3638E-02
-1.2951E-02
-1.2319E-02
-1.2508E-02
-3.2242E-03
3.0969E-03
-4.0644E-04
-5.4938E-03
-9.5526E-03
-2.0939E-02
-3.0418E-02
-3.1231E-02
-2.1989E-02
-1.0966E-02
-1.0080E-02
-9.2691E-03
-2.5034E-02
-2.1336E-02
-4.6289E-03
-2.3226E-03
-1.9995E-02
-4.8798E-02
-5.2797E-02
-2.2930E-02
7.0863E-03
1.0104E-02
-3.9428E-03
-2.4649E-02
-4.1496E-02
-2.2746E-02
5.3114E-03
1.2644E-02
6.9699E-03
-2.5625E-03
-9.6351E-03
-7.6941E-03
-1.8680E-02
-3.0317E-02
-2.0015E-02
2.5023E-03
9.2470E-03
-1.7123E-03
-1.7179E-02
-2.1693E-02
-9.0425E-03
7.2715E-03
1.5223E-02
1.5252E-02
1.1137E-02
-5.5371E-04
-7.4933E-03
-6.2179E-03
-9.2484E-03
-1.4307E-02
-1.4679E-02
-1.0423E-02
9.0420E-03
2.8654E-02
2.8801E-02
1.7388E-02
1.4520E-02
2.3676E-02
2.3120E-02
5.2471E-03
-5.7824E-03
-1.2943E-02
-1.3373E-02
7.8688E-03
1.5068E-02
4.4783E-03
-7.2496E-03
-2.2294E-02
-1.2933E-02
6.9552E-03
9.7240E-03
1.0926E-02
1.1760E-02
1.7377E-02
2.0126E-02
1.4916E-02
-1.3385E-03
-1.7056E-02
-5.5032E-03
1.9640E-02
3.4463E-02
3.0428E-02
9.6044E-03
-3.6801E-03
2.2906E-03
2.3558E-03
4.8554E-03
9.7399E-03
2.2514E-02
3.7217E-02
3.1727E-02
9.8160E-03
-1.5298E-03
1.2859E-02
3.2255E-02
2.5932E-02
5.2261E-03
-3.7961E-03
6.7070E-04
7.9688E-03
7.0092E-03
-9.9145E-03
-3.7176E-02
-3.5464E-02
2.7610E-03
4.2262E-02
4.7744E-02
1.1695E-02
-1.7651E-02
-3.1027E-03
2.3997E-02
3.7020E-02
2.4084E-02
-4.1419E-03
-3.6959E-03
8.8791E-03
1.5312E-02
2.1291E-03
-1.2576E-02
-1.4298E-02
-6.5396E-03
-2.1609E-03
-2.3812E-02
-3.6782E-02
-1.7001E-02
1.7840E-02
3.0114E-02
4.0963E-04
-2.8353E-02
-3.3090E-02
-8.4973E-03
1.6254E-02
1.1225E-02
-4.5094E-03
-6.3964E-03
1.1887E-02
8.7055E-03
-1.9118E-02
-3.9651E-02
-2.4503E-02
1.4285E-02
3.1268E-02
1.6369E-02
-1.3732E-02
-2.8777E-02
-8.8383E-03
9.7713E-03
1.3665E-02
6.9661E-03
-1.6972E-02
-2.4686E-02
-8.2343E-03
2.7357E-03
8.0514E-04
-5.8214E-03
-2.1074E-03
4.0869E-03
8.7852E-03
1.3939E-03
-1.7839E-02
-2.7309E-02
-2.8336E-02
-1.8040E-02
-6.7000E-03
-5.1434E-03
-8.0079E-04
-7.1333E-04
-3.4522E-03
-9.8734E-03
-1.0920E-02
-4.1628E-03
-1.4428E-03
4.6163E-03
1.4068E-02
3.4621E-03
-1.5313E-02
-3.8872E-02
-5.2806E-02
-3.3965E-02
-5.8952E-03
9.7780E-03
6.7029E-03
2.4151E-03
1.9025E-02
4.4192E-02
4.2926E-02
-3.2871E-03
-4.8554E-02
-5.4947E-02
-1.3459E-02
4.5297E-02
4.3797E-02
5.8607E-03
-2.1453E-02
-7.8659E-03
3.0918E-02
3.2965E-02
-3.9148E-03
-3.5778E-02
-2.7041E-02
9.6241E-03
2.3052E-02
-5.2793E-03
-3.0155E-02
-4.0369E-03
3.6244E-02
3.6053E-02
-3.4197E-03
-4.2330E-02
-2.5750E-02
3.8487E-02
6.7586E-02
1.5804E-02
-4.7113E-02
-3.6576E-02
3.6014E-02
7.5280E-02
1.7519E-02
-5.6209E-02
-2.9642E-02
1.0365E-01
2.2179E-01
0.0000E+00
0.0000E+00
0.0000E+00