7.0010E+03
1.0000E-02
0.0000E+00
-1.1567E-04
4.4028E-05
-1.1566E-04
4.4448E-05
-1.1688E-04
4.5947E-05
-1.1715E-04
4.4725E-05
-1.1589E-04
4.3551E-05
-1.1525E-04
4.5138E-05
-1.1740E-04
4.5815E-05
-1.1881E-04
4.4055E-05
-1.1695E-04
4.4536E-05
-1.1539E-04
4.4585E-05
-1.1705E-04
4.6065E-05
-1.1579E-04
4.3533E-05
-1.1476E-04
4.2724E-05
-1.1447E-04
4.2019E-05
-1.1498E-04
4.3733E-05
-1.1376E-04
4.1659E-05
-1.1311E-04
4.3731E-05
-1.1610E-04
4.3915E-05
-1.1511E-04
4.3504E-05
-1.1504E-04
4.5766E-05
-1.1590E-04
4.5187E-05
-1.1715E-04
4.7630E-05
-1.1955E-04
4.8807E-05
-1.2025E-04
4.9343E-05
-1.1970E-04
5.0155E-05
-1.2041E-04
4.8570E-05
-1.2068E-04
5.0180E-05
-1.2328E-04
4.9617E-05
-1.2105E-04
4.9971E-05
-1.2015E-04
4.8004E-05
-1.1733E-04
4.6779E-05
-1.1743E-04
4.4427E-05
-1.1402E-04
4.2298E-05
-1.1499E-04
4.2578E-05
-1.1386E-04
4.3196E-05
-1.1399E-04
4.1693E-05
-1.1362E-04
4.2106E-05
-1.1337E-04
4.1831E-05
-1.1654E-04
4.5844E-05
-1.1688E-04
4.5126E-05
-1.1753E-04
4.6355E-05
-1.1979E-04
5.1230E-05
-1.2243E-04
5.1431E-05
-1.2121E-04
5.1762E-05
-1.2347E-04
5.4823E-05
-1.2366E-04
5.2626E-05
-1.2508E-04
5.6807E-05
-1.2661E-04
5.2838E-05
-1.2037E-04
5.0160E-05
-1.2027E-04
4.9396E-05
-1.1999E-04
4.9222E-05
-1.1769E-04
4.4882E-05
-1.1821E-04
4.5318E-05
-1.1280E-04
4.4125E-05
-1.1588E-04
4.4222E-05
-1.1456E-04
4.4700E-05
-1.1523E-04
4.3293E-05
-1.1545E-04
4.5320E-05
-1.1622E-04
4.7516E-05
-1.1779E-04
4.7472E-05
-1.1690E-04
4.8251E-05
-1.1947E-04
4.8769E-05
-1.2148E-04
5.5157E-05
-1.2550E-04
5.3459E-05
-1.2440E-04
5.4336E-05
-1.2660E-04
5.5099E-05
-1.2482E-04
5.5937E-05
-1.2734E-04
5.2953E-05
-1.2307E-04
5.0632E-05
-1.2199E-04
5.3623E-05
-1.2368E-04
5.0353E-05
-1.2217E-04
5.1232E-05
-1.2046E-04
4.8806E-05
-1.1811E-04
4.7479E-05
-1.1865E-04
4.6655E-05
-1.1796E-04
4.8981E-05
-1.1766E-04
4.5383E-05
-1.1534E-04
4.5593E-05
-1.1915E-04
4.9769E-05
-1.2069E-04
5.1565E-05
-1.2379E-04
5.3354E-05
-1.2358E-04
5.3952E-05
-1.2328E-04
5.3525E-05
-1.2489E-04
5.5033E-05
-1.2666E-04
5.1530E-05
-1.2171E-04
5.3682E-05
-1.2462E-04
5.4834E-05
-1.2257E-04
5.2705E-05
-1.2541E-04
5.0045E-05
-1.2144E-04
5.2813E-05
-1.1987E-04
5.3044E-05
-1.2502E-04
4.5282E-05
-1.2874E-04
4.0515E-05
-1.3428E-04
3.4690E-05
-1.3159E-04
5.0328E-05
-1.1610E-04
4.8747E-05
-1.4442E-04
1.2442E-05
-1.5420E-04
4.1351E-05
-1.0679E-04
8.0205E-05
-9.4860E-05
5.5698E-05
-1.3892E-04
2.9842E-05
-1.1020E-04
6.6580E-05
-1.5417E-04
-3.5654E-06
-1.3278E-04
9.9498E-05
-8.7580E-05
1.0213E-05
-1.5234E-04
2.8020E-05
-1.5420E-04
-3.3457E-05
-2.8246E-04
-5.2868E-05
-2.4190E-04
-6.9085E-05
-2.1596E-04
-8.2422E-05
-3.1337E-04
-1.2765E-04
-3.8311E-04
-2.8112E-04
-5.6934E-04
-4.1335E-04
-1.6858E-04
4.1809E-04
3.2617E-04
3.3957E-04
-9.8982E-05
2.5687E-04
5.8153E-05
-1.2186E-04
-3.4199E-04
1.6582E-04
7.8590E-04
8.1609E-04
3.2284E-04
7.5308E-04
1.0917E-03
2.0910E-04
-1.2765E-03
-1.1760E-03
-3.1460E-04
3.6113E-04
-7.1617E-04
-8.1453E-04
2.1756E-04
8.2110E-04
-8.7018E-05
8.2628E-04
-7.3215E-04
1.1572E-05
-1.5636E-03
-6.7983E-04
1.0281E-03
3.9123E-04
3.2870E-04
5.9919E-05
9.1679E-04
1.7806E-03
6.6649E-04
-1.6203E-03
-2.3377E-03
-2.8269E-04
1.4090E-03
1.4962E-03
-4.7413E-04
-2.0074E-04
5.7738E-04
9.0864E-04
8.1174E-04
7.9391E-04
-7.9375E-04
-2.3385E-03
-1.0214E-03
-3.4608E-04
7.5226E-04
1.9283E-04
9.1457E-04
3.8639E-03
1.2754E-03
-2.6599E-03
-2.9855E-03
-3.5030E-03
-2.1843E-03
9.5389E-04
1.2995E-03
2.5628E-05
-9.9011E-04
1.9564E-03
1.1709E-03
1.0174E-03
-4.0005E-04
-2.6889E-03
-2.8780E-03
-3.9308E-04
8.7524E-04
-6.7473E-04
9.1744E-04
3.9968E-03
1.3142E-03
1.2704E-03
-2.9779E-03
-2.4492E-03
-9.5502E-04
-1.7173E-03
-2.3154E-04
-1.6871E-04
3.1779E-03
5.8734E-03
2.1379E-03
-1.5258E-03
-2.4068E-03
2.6896E-03
1.6028E-03
-2.9352E-03
-5.4966E-03
-5.5322E-03
-4.8430E-04
4.6134E-03
3.8409E-03
-3.3305E-03
-4.0083E-03
3.7704E-03
4.0409E-03
-8.3827E-04
-3.7297E-03
-5.4551E-03
-2.4146E-03
2.4956E-03
4.8879E-03
6.2791E-03
8.5398E-03
4.5793E-03
-5.1962E-03
-9.5978E-03
-6.7884E-03
-2.8135E-03
-7.7230E-04
4.3582E-03
3.6685E-03
3.0112E-03
5.0228E-03
2.8877E-03
-3.8821E-04
-2.1441E-03
-8.2422E-03
-6.9460E-03
-3.1677E-03
2.0271E-03
5.7430E-03
2.4588E-03
6.4050E-04
5.5695E-04
-4.5725E-04
-1.3505E-03
1.7072E-03
3.8737E-03
-4.1711E-03
-1.1596E-02
-8.6836E-03
-2.5380E-03
4.4518E-03
4.3225E-03
3.1928E-03
4.3620E-03
8.3979E-03
5.7045E-03
-6.4480E-04
-2.1974E-03
-2.2056E-03
-1.0767E-03
-6.3157E-03
-4.0571E-03
-1.7088E-03
3.4073E-03
3.5690E-03
-7.2249E-04
-3.3380E-03
-3.8213E-03
-3.7232E-03
-1.8584E-03
2.2149E-03
6.1207E-03
6.9244E-03
2.2410E-03
-2.6881E-03
2.1652E-03
-4.2933E-04
-2.5357E-03
-2.8999E-03
-6.6018E-03
-1.5823E-03
2.4809E-03
7.3439E-03
1.4537E-03
-4.6323E-03
2.3457E-03
9.3444E-03
8.4827E-03
9.0361E-03
-1.3729E-05
-6.6633E-03
-2.9587E-03
-8.3248E-03
-8.9411E-03
-1.0218E-02
-5.7020E-03
4.2562E-03
-2.8197E-03
-7.8947E-03
-6.3999E-03
3.5789E-03
1.6497E-02
8.9299E-03
-5.1112E-03
-7.3044E-03
1.5847E-02
3.0143E-02
8.7392E-03
-4.2422E-03
-1.7118E-02
-1.5377E-03
7.6144E-03
-1.6491E-02
-3.2901E-02
-2.4212E-02
2.2359E-03
1.0848E-02
3.2257E-03
1.1451E-02
2.4016E-02
3.1305E-02
2.0881E-02
-2.3417E-02
-1.0420E-02
-6.6610E-03
1.5658E-03
-9.6882E-03
-4.5157E-02
-3.9135E-03
1.7653E-02
2.2227E-02
1.4225E-03
-1.0151E-02
2.3305E-02
2.3260E-02
2.2476E-02
1.1218E-02
-1.1996E-02
-8.0807E-03
-7.4715E-03
-3.2937E-02
-5.1003E-02
-3.6289E-02
-2.9869E-02
1.7324E-02
5.9438E-03
2.3740E-02
6.8423E-02
4.8341E-02
-3.3271E-03
-4.3018E-02
-5.6275E-03
7.7737E-03
-2.3627E-02
-4.3529E-02
-9.7576E-04
6.0629E-02
2.9277E-02
-2.5118E-02
-4.1227E-02
6.6017E-03
3.1159E-02
1.2004E-02
-2.5286E-02
1.1494E-02
3.8392E-02
6.2441E-03
-4.1883E-02
-7.6765E-02
-5.5305E-02
1.3478E-02
2.5015E-02
4.9766E-02
7.2454E-02
7.3038E-02
5.6077E-02
-3.3435E-02
-8.1783E-02
-7.5973E-02
-5.8433E-02
-3.1154E-02
3.8628E-03
4.4359E-02
4.7493E-02
3.8438E-02
9.5523E-03
-3.0116E-02
-7.2142E-02
-6.4628E-02
-3.3608E-02
3.4964E-02
1.3744E-01
1.2663E-01
5.0621E-02
-6.4618E-02
-9.6389E-02
-6.2670E-02
-1.0259E-01
-9.9154E-02
-2.4562E-02
8.9227E-02
1.1958E-01
9.2784E-02
6.6014E-02
1.5952E-03
-1.3872E-02
-7.8548E-03
-4.2188E-02
-7.0626E-02
-3.7359E-02
1.7268E-02
2.6749E-02
-1.2992E-02
-2.5888E-02
-4.6049E-03
-2.2085E-02
2.2545E-02
-1.7211E-02
-3.5882E-02
2.7697E-02
8.4216E-02
9.9515E-02
6.2890E-02
-7.3429E-03
-4.7239E-02
-4.0647E-02
-4.4794E-02
-8.7300E-02
-1.1067E-01
-3.3012E-02
1.4553E-02
8.6797E-02
6.3670E-02
4.9370E-03
1.3315E-02
5.5645E-02
4.3487E-02
-2.9428E-02
-4.0006E-02
-6.5669E-03
-1.7139E-02
1.1640E-02
3.8725E-02
-1.5562E-02
-2.1866E-03
4.7615E-02
3.7510E-02
2.1188E-02
-8.0673E-03
2.9685E-03
8.5860E-03
-2.7710E-02
-3.8711E-02
-5.9050E-02
-2.9409E-02
2.0767E-02
5.6061E-02
3.4721E-02
6.4070E-03
3.4055E-03
1.3027E-02
-6.6901E-03
-4.6292E-02
-7.4095E-02
-9.1888E-02
-1.5926E-02
6.1474E-02
8.3477E-02
1.0740E-01
8.2294E-02
-2.8863E-02
-1.0411E-01
-9.9496E-02
-7.3320E-02
-4.5155E-02
-3.6830E-02
5.5561E-02
1.0577E-01
3.6010E-02
2.4155E-02
1.0375E-02
-1.2216E-02
-3.9057E-02
-9.5752E-02
-1.0218E-01
-2.8217E-02
-2.7459E-04
8.0382E-02
1.1863E-01
3.2797E-02
-4.1517E-02
-4.2058E-02
2.0416E-02
-1.3668E-02
-1.1551E-01
-5.2355E-02
6.5573E-02
1.1907E-01
1.2067E-01
2.0130E-02
-4.0837E-02
-6.1749E-02
-4.6454E-02
-5.4121E-02
1.0199E-02
7.0823E-02
4.9866E-02
2.7866E-02
-5.5256E-02
-3.7734E-02
6.8911E-02
9.0483E-02
1.2183E-02
-5.0010E-02
4.5480E-02
2.6981E-02
-3.1384E-02
-7.8327E-02
-5.0394E-02
-4.2348E-02
1.8321E-02
6.1550E-02
2.6908E-02
-4.1625E-02
-4.5856E-02
2.2233E-02
5.0697E-02
-2.3531E-02
-3.7464E-02
-7.5837E-02
-1.6703E-02
1.2203E-01
1.6191E-01
4.4940E-02
-1.0969E-01
-1.0592E-01
-1.3231E-01
-2.5677E-03
1.5275E-01
9.8874E-02
-1.1134E-02
6.5280E-02
1.5983E-01
2.3533E-02
-2.1936E-01
-2.3315E-01
-1.2387E-01
2.0398E-03
3.8440E-02
1.3657E-01
9.6960E-02
5.0618E-02
-4.7849E-02
-9.4811E-02
1.5024E-02
-2.8768E-02
-6.6414E-02
4.5471E-02
1.4966E-01
1.2360E-01
6.8096E-02
4.0740E-02
-9.1191E-02
-1.5066E-01
2.1016E-02
1.6649E-01
1.0773E-01
-6.3511E-02
-1.3708E-01
-5.7327E-02
-7.4184E-02
-1.0193E-01
-2.5968E-02
7.4942E-02
1.7309E-02
9.8891E-02
7.6261E-02
-1.0500E-01
-1.8865E-02
6.8541E-02
3.2284E-02
-6.7652E-02
-1.7390E-03
9.3539E-02
3.8098E-02
-3.2368E-02
-5.8182E-02
-6.3442E-03
-6.3180E-02
-1.8966E-02
1.1945E-02
-1.0955E-02
4.3999E-03
1.2716E-04
1.8430E-02
5.2099E-02
2.5233E-02
8.0161E-02
-2.1346E-03
-1.0758E-01
-1.2227E-01
-5.9864E-02
-2.0496E-02
4.0794E-02
-1.6410E-03
-2.4713E-02
-1.8825E-02
6.0598E-02
1.1249E-01
-4.5062E-03
4.9663E-02
8.5745E-02
8.6930E-02
3.2983E-02
-5.5934E-02
-5.5934E-02
-8.4039E-02
-7.3502E-02
-7.5371E-02
-5.6535E-03
3.4987E-02
-1.3482E-01
-8.6124E-02
5.5656E-02
1.1285E-01
1.3832E-01
1.1601E-01
1.1164E-01
-8.2512E-02
-1.0630E-01
-3.5601E-02
-4.0730E-02
-9.8012E-02
-9.7001E-02
1.1539E-01
8.5488E-02
2.7514E-02
-7.3553E-02
-5.1259E-02
-2.8985E-02
-2.1803E-02
-2.3941E-03
7.8803E-02
5.3251E-02
1.3108E-02
3.4696E-02
3.2490E-02
-1.1511E-02
-6.9647E-02
-6.5816E-02
-5.0540E-02
-6.2411E-02
-4.9609E-03
1.0987E-01
1.3758E-01
1.2577E-01
1.9257E-02
-1.0560E-01
-1.4667E-01
-7.3102E-02
1.1052E-02
1.1366E-02
-3.0443E-02
-4.2780E-02
-6.5574E-03
3.6621E-02
4.2918E-02
2.7261E-02
7.4538E-02
2.8734E-02
-7.2744E-02
-5.9031E-02
-5.5640E-02
-3.2316E-02
5.4768E-02
1.1360E-01
7.6519E-02
5.2425E-02
2.1527E-02
-2.5051E-02
-1.9343E-02
-2.5650E-02
-7.6966E-02
-5.5907E-02
6.0142E-02
8.6236E-02
-8.4347E-03
-6.0211E-02
-1.1302E-01
-5.5738E-02
-2.4366E-02
3.9546E-02
1.7538E-01
1.0133E-01
-8.0937E-02
-1.0634E-01
-6.5813E-02
-3.5830E-03
2.9618E-02
3.1711E-02
-6.7949E-02
-4.8446E-02
5.3240E-02
7.8080E-02
5.0498E-02
-7.7734E-04
-5.9970E-02
-8.5318E-03
2.6232E-02
-1.6631E-02
9.3814E-03
5.6771E-02
6.7405E-02
-1.3499E-02
-3.1603E-02
-5.0603E-02
-3.0365E-02
5.0802E-02
3.8918E-02
7.2537E-03
3.4856E-02
2.9356E-02
-5.7429E-02
-1.1925E-01
-7.3399E-02
2.2615E-02
8.8060E-02
1.4664E-01
2.0392E-02
9.4820E-03
-6.2285E-02
-3.2245E-02
-1.6378E-02
-1.8550E-02
-4.1184E-02
-4.7871E-02
-9.7740E-03
-4.2450E-02
3.4486E-02
1.3135E-01
7.1552E-02
1.5613E-02
-8.4994E-02
-1.0038E-01
-3.3605E-02
-7.2301E-03
3.1115E-02
5.3038E-02
5.2204E-03
-3.5862E-02
-3.7766E-02
-4.6119E-02
-3.4942E-02
7.0885E-02
1.1375E-01
5.9202E-02
-1.8459E-02
-2.3864E-02
-4.9829E-02
-7.9402E-02
-4.4789E-02
-2.4906E-02
-7.9695E-03
1.0243E-02
9.5352E-02
8.8181E-02
8.4937E-02
5.1860E-02
-5.9681E-02
-6.8682E-02
-5.0157E-02
-6.3188E-02
-1.5623E-02
4.8812E-02
5.3081E-02
7.1502E-02
4.9230E-02
4.5997E-02
1.0313E-02
-7.4183E-02
-1.4020E-01
-8.1890E-02
6.9091E-03
4.3541E-02
2.7915E-02
3.9678E-03
-2.1346E-02
-1.8182E-02
3.8790E-02
8.2026E-02
-9.3163E-05
-1.5053E-01
-1.0177E-01
2.4035E-02
1.1959E-01
9.1261E-02
3.1582E-02
-6.8075E-02
-7.9962E-02
-3.0623E-02
2.7779E-02
4.3197E-02
1.0516E-02
2.2396E-02
-1.9137E-02
6.1094E-02
8.4731E-02
1.2826E-02
-3.9512E-02
-1.1683E-02
-2.9691E-02
-2.3041E-02
1.3360E-03
3.9564E-02
5.4005E-03
-4.1666E-02
-3.1244E-02
-3.0790E-02
4.3484E-02
3.4547E-02
-3.9790E-02
-7.5273E-02
-1.3445E-02
4.4468E-02
5.9052E-02
8.1740E-02
2.4172E-02
-5.1835E-02
-6.4080E-02
-6.5404E-02
1.1218E-02
5.3568E-02
1.1428E-02
3.0811E-02
6.5169E-02
2.7499E-02
-4.2210E-02
-1.1184E-01
-6.6017E-02
-7.9761E-04
4.8635E-02
4.4430E-02
4.0661E-02
4.7173E-03
-1.9180E-02
-1.5032E-02
1.2582E-02
1.5963E-02
1.9881E-02
-1.1944E-02
-1.7313E-02
-3.6742E-02
-6.9170E-02
2.4540E-02
5.2527E-02
7.9780E-03
-5.1155E-02
-1.6975E-02
6.0866E-02
-1.2297E-02
-2.2036E-02
3.2897E-02
2.8890E-02
2.9384E-03
-1.2373E-02
4.0588E-02
1.8099E-02
-6.7179E-03
1.3991E-02
2.0568E-02
2.9708E-02
-2.7297E-02
-7.4272E-02
-9.2879E-02
-2.1834E-02
4.4644E-02
4.9809E-02
6.0219E-03
-3.6719E-03
4.9511E-03
3.7778E-02
4.6881E-02
2.8920E-02
-5.4775E-02
-7.7250E-02
-2.8109E-02
5.5781E-02
1.1854E-01
1.3789E-02
-6.9982E-02
-2.9969E-02
-4.6298E-03
2.6357E-02
-7.5217E-03
1.4700E-03
-4.2491E-02
-3.7220E-02
-2.1426E-02
-2.4122E-02
-6.0481E-03
3.2680E-02
1.8399E-02
-3.8745E-02
-1.8199E-02
2.8969E-02
-1.2814E-03
-1.6475E-02
-2.9553E-02
-4.1226E-02
7.2706E-03
4.0213E-02
7.2954E-02
6.0696E-02
3.4633E-02
-4.8990E-02
-8.6766E-02
-4.5998E-02
-4.3130E-03
-1.8180E-02
-2.8639E-02
2.5760E-02
6.0270E-02
4.2576E-02
2.2201E-02
-2.2851E-02
-1.4446E-02
-2.8663E-02
-1.2883E-02
-3.5801E-03
-1.3752E-02
-7.4661E-03
-4.9305E-03
-1.7328E-02
-2.0354E-02
2.4100E-02
5.7438E-02
5.3565E-02
-2.6125E-03
-4.6805E-02
-5.3821E-02
-6.6744E-03
8.2724E-02
7.1564E-02
1.1666E-02
-9.0506E-02
-7.3253E-02
5.1562E-03
5.8851E-02
2.5742E-02
-2.2049E-02
1.7251E-02
-1.7587E-03
-4.1156E-02
1.7207E-03
6.4456E-02
1.1016E-02
-3.1696E-02
-1.3983E-02
-1.9694E-02
-3.4012E-02
-4.3363E-02
-3.0957E-02
3.4430E-02
5.3450E-02
-1.6043E-02
-1.6671E-02
1.6122E-02
5.0794E-02
3.8407E-02
-3.0960E-03
-2.2312E-02
9.2313E-04
1.4178E-02
1.8524E-02
-2.4528E-02
-1.7980E-02
1.6776E-02
-5.3619E-03
1.2972E-02
6.4675E-03
-6.0398E-02
-3.6722E-02
2.7695E-02
4.2152E-02
1.0808E-02
4.0068E-03
1.0609E-02
2.7802E-02
-2.6040E-02
-4.4122E-02
-4.4228E-02
-2.9304E-02
-4.9573E-03
2.6757E-02
8.8528E-02
-1.1957E-02
-3.3071E-02
8.0172E-02
2.8681E-02
-6.9233E-02
-8.0864E-02
-2.7860E-02
-9.0287E-03
7.2406E-03
2.2121E-02
2.5429E-02
2.8102E-02
2.3492E-02
-2.2974E-02
3.1664E-02
5.2415E-02
-2.5918E-02
-3.1191E-02
1.7408E-02
3.9326E-02
2.1001E-02
-2.6623E-02
-5.9320E-03
-3.4705E-02
-1.0333E-02
3.7163E-02
3.6702E-02
-1.1821E-02
-1.5107E-02
3.8595E-02
-1.4730E-02
-8.7841E-02
-7.5065E-02
3.2392E-02
8.4524E-02
2.3092E-02
-1.5899E-02
1.2837E-02
-2.7201E-02
-7.0788E-02
-3.8817E-02
5.0835E-02
3.1856E-02
3.0062E-02
2.1361E-02
-4.2714E-02
-5.6126E-02
3.5847E-03
1.0027E-02
1.0986E-02
1.9536E-02
2.2181E-02
-1.0489E-02
-1.6901E-02
3.1584E-02
2.0627E-02
-6.1330E-02
-6.1129E-02
-3.1424E-02
3.6450E-02
6.0301E-02
1.3916E-02
1.0013E-02
4.9134E-02
3.8670E-02
-2.8721E-02
-6.0567E-02
-4.1334E-02
5.5740E-03
3.6263E-02
3.9236E-02
-6.1119E-03
-1.5293E-02
-4.5941E-03
3.5690E-02
4.8395E-02
-2.0866E-02
-2.8127E-02
-5.6060E-02
-5.5071E-02
-1.0205E-02
4.8753E-02
4.0204E-02
-1.2876E-02
3.1656E-02
2.1934E-02
-2.0056E-02
-3.7925E-02
1.7231E-02
-1.3344E-03
-2.7502E-02
-9.1257E-03
-9.5264E-03
1.4235E-02
2.7762E-02
-4.7908E-02
-3.2182E-02
1.2411E-02
1.2856E-02
1.2470E-02
-2.0055E-02
-2.6968E-02
2.0355E-02
4.6148E-02
1.2031E-02
-2.0773E-02
-3.5035E-02
-3.6634E-03
3.7540E-02
4.8784E-02
3.9174E-02
-1.9801E-02
-5.7158E-02
-1.5240E-02
5.0074E-02
4.6664E-02
-6.6783E-02
-8.6782E-03
4.3204E-02
2.1964E-02
1.4328E-02
-5.8874E-03
-3.7797E-02
-5.9592E-03
6.6684E-02
3.6156E-02
-4.5900E-02
-6.9281E-02
-5.2458E-02
-3.3833E-03
3.5723E-02
2.9004E-02
7.0002E-03
-3.6675E-02
-2.3921E-02
1.4263E-02
2.2449E-03
-3.2949E-02
-4.4786E-02
-6.1602E-03
3.1205E-02
1.8378E-02
7.4684E-03
1.9617E-02
2.0588E-02
3.9272E-02
1.4054E-02
-1.2999E-02
-9.5794E-02
-5.7763E-02
-8.5811E-03
4.1834E-02
4.4354E-02
5.9600E-02
4.2171E-02
-5.2564E-03
1.0005E-02
5.0756E-03
-7.2017E-02
-2.6223E-02
2.5325E-03
-1.4858E-02
8.1778E-03
2.6336E-02
6.0491E-03
-1.7428E-02
-2.8775E-02
-2.4371E-02
3.8353E-02
6.7588E-02
-1.5922E-02
-6.1999E-02
-3.1249E-02
3.8574E-02
8.3929E-02
3.8088E-02
-6.0302E-02
-8.3674E-02
-3.9027E-02
1.9864E-02
4.2794E-02
-2.0282E-02
-4.6322E-02
5.3771E-02
4.7315E-02
5.2755E-02
4.7448E-02
1.3313E-02
-3.7334E-02
-6.6632E-02
1.4989E-02
-1.1090E-02
-9.5521E-02
-3.3245E-02
1.4556E-02
3.8302E-02
1.9764E-02
6.7566E-02
-1.0437E-02
-5.0774E-02
-4.2136E-04
8.1601E-03
-1.2244E-02
-7.8819E-03
2.2608E-02
1.8494E-03
4.7236E-02
6.3452E-02
-5.9373E-03
-3.4141E-02
-2.6877E-02
-2.9674E-02
-3.9534E-02
-1.8118E-02
-5.7277E-03
1.9974E-02
3.7779E-02
1.1782E-02
1.9007E-02
9.2892E-04
-1.4198E-02
-9.9090E-03
3.2986E-02
1.3504E-03
-1.9064E-02
-2.0962E-02
-4.6582E-03
3.1231E-02
1.9110E-03
-2.9478E-02
-5.9690E-04
7.1601E-03
-1.1936E-02
-4.3985E-02
-2.2933E-02
2.7419E-02
3.7711E-02
1.8515E-02
-1.3178E-02
2.0576E-02
3.2103E-02
2.8805E-03
-1.4236E-02
-6.9019E-03
-3.2558E-02
-1.8873E-02
4.1342E-02
3.9986E-02
1.9302E-02
-2.0193E-02
-5.5447E-02
-2.4116E-02
3.4753E-02
5.1103E-02
-1.3822E-02
-7.2072E-02
-4.5377E-02
2.1331E-02
4.7766E-02
3.1752E-02
-1.5625E-03
-6.8279E-02
-5.7493E-02
1.1115E-02
3.7312E-02
2.0265E-02
-3.4101E-03
-5.7938E-03
1.0122E-02
2.0390E-02
1.7739E-02
2.0862E-02
-7.1868E-03
-1.4737E-02
1.8582E-02
-5.3433E-02
-3.8979E-02
2.9685E-02
3.3965E-02
3.5093E-02
-9.4286E-03
1.6420E-02
4.6576E-02
1.0760E-02
-4.1116E-02
-2.2097E-02
1.0010E-02
-4.8017E-03
-1.2660E-02
5.9690E-04
-9.5533E-03
-1.5064E-02
1.7996E-02
3.8646E-02
1.1748E-02
-1.7001E-02
-3.8431E-02
-3.6139E-02
-4.5294E-03
-2.7821E-03
-2.6658E-03
-8.6769E-03
3.0153E-02
4.5814E-02
4.8427E-03
-3.0028E-02
-7.6920E-03
-1.9522E-03
-1.5968E-03
-1.3950E-02
-6.9102E-03
-2.0571E-03
-1.0142E-03
6.9938E-03
5.1265E-02
6.7917E-02
4.6418E-05
-6.0237E-02
-6.3957E-02
-4.1791E-02
-4.6846E-03
7.6718E-03
1.9483E-02
4.3310E-02
1.7627E-02
6.2226E-03
9.5563E-03
6.2753E-03
-7.2690E-03
-1.5228E-02
4.5581E-03
-5.1328E-03
-2.1252E-02
-2.6555E-03
1.2875E-02
-3.0177E-02
-2.8706E-02
-4.9880E-03
-5.7787E-03
1.9653E-02
1.7560E-02
2.1018E-02
3.2680E-02
-9.2467E-03
-4.0590E-02
-1.5383E-02
1.0763E-02
5.5898E-04
6.8614E-04
1.3697E-02
1.9673E-02
6.6827E-03
1.2430E-02
-1.4038E-02
-3.6783E-02
-1.3141E-02
8.2974E-03
3.2038E-03
-7.3200E-03
9.2892E-03
1.2669E-02
2.5876E-02
2.4245E-02
-2.2557E-02
-3.4783E-02
-2.0845E-02
-4.4574E-03
9.5045E-03
4.7203E-03
-2.0404E-03
-7.1232E-03
1.6545E-03
2.2309E-02
1.6274E-02
4.4254E-04
1.2152E-02
9.0352E-05
-5.9101E-03
-9.4634E-03
1.0525E-02
3.5117E-03
-2.1894E-03
6.2763E-03
-1.7406E-03
-1.2350E-02
-2.7384E-02
-2.5318E-02
-4.4882E-04
3.0691E-02
4.3594E-02
9.4559E-04
-4.4974E-02
-5.2278E-02
-1.8874E-02
7.6312E-03
1.4985E-02
4.1119E-03
-5.0596E-03
-7.6191E-03
1.8044E-02
1.2298E-02
9.0764E-03
5.3394E-03
-8.5691E-03
7.8781E-03
2.0973E-02
3.2892E-02
9.6111E-03
-3.4052E-02
-2.4047E-02
8.5342E-03
1.0196E-02
1.4400E-02
1.7381E-03
-3.8753E-03
-9.0037E-03
5.6527E-03
2.5621E-02
3.1013E-02
3.2218E-03
-5.0238E-02
-5.8355E-02
-3.5516E-03
2.2985E-02
2.6406E-03
3.7778E-03
1.5490E-02
2.1697E-02
1.8247E-02
1.4908E-02
1.8276E-03
-2.0975E-02
-3.0500E-02
-2.7354E-02
-3.3314E-03
2.1290E-02
5.9428E-03
1.0838E-02
8.8970E-03
-1.1230E-02
-1.2248E-02
-2.7253E-02
-1.7381E-03
7.0170E-03
1.5580E-02
1.6681E-02
1.3540E-02
1.6012E-02
1.3509E-02
-1.0567E-02
-2.7628E-02
-7.1974E-03
5.9468E-03
5.4654E-03
1.3947E-03
-1.5598E-02
-1.9670E-02
9.1248E-03
2.5932E-02
1.9507E-02
3.0848E-03
-5.5036E-03
-2.8226E-02
-1.9911E-02
4.5316E-03
6.4319E-03
1.6151E-02
1.6711E-02
-4.1531E-03
-2.0104E-02
-1.6983E-02
-4.2515E-03
1.4717E-03
-1.2447E-02
-8.8095E-03
1.7019E-02
1.8213E-02
8.2409E-03
7.3987E-03
-1.9611E-02
-2.1203E-02
-5.7508E-03
-1.4065E-02
-1.6910E-02
-3.3692E-03
1.7456E-02
4.4020E-02
6.6921E-02
2.8682E-02
-3.6380E-02
-5.9437E-02
-3.1218E-02
2.3925E-03
1.9054E-02
3.0330E-02
-4.7504E-03
-1.0811E-02
1.9155E-02
3.1153E-02
1.8725E-02
-1.6741E-02
-2.7223E-02
-1.5385E-02
-2.6586E-03
-9.8357E-03
-1.5618E-02
1.6597E-02
2.3381E-02
9.7514E-03
5.7196E-03
-1.0396E-02
-3.7659E-02
-2.1715E-02
5.1707E-03
-2.8197E-03
1.2021E-02
2.6944E-02
1.8202E-02
-3.3251E-03
-4.0910E-03
-1.4890E-02
-1.7075E-02
-6.7058E-04
-9.7187E-04
-1.1058E-02
8.5921E-03
1.7578E-02
2.2904E-02
1.5303E-02
-2.3622E-02
-3.2140E-02
-1.3867E-02
-6.8653E-03
-7.5920E-03
3.1816E-03
8.5436E-03
2.9189E-02
3.4806E-02
1.0708E-02
-2.5452E-02
-2.7609E-02
-9.3158E-03
4.5135E-03
9.4437E-03
1.7454E-02
3.3849E-03
4.9419E-04
1.9227E-02
1.3594E-02
-2.3013E-03
-1.7303E-02
-2.3095E-02
-9.5595E-03
-6.2436E-05
-2.8078E-03
-1.8292E-02
-8.6066E-03
1.3278E-02
2.4350E-02
2.3976E-02
-6.5129E-03
-2.0353E-02
-3.1907E-02
-3.0962E-02
-6.2070E-03
1.2926E-02
1.3227E-02
7.8767E-03
7.0379E-03
-1.1801E-03
-1.4550E-02
3.0119E-03
5.1625E-03
1.4370E-02
1.4235E-02
1.1480E-02
2.7176E-03
1.1680E-03
1.5734E-02
-5.1903E-04
5.7464E-03
1.2803E-02
8.3866E-03
4.7226E-03
9.0486E-03
-6.5633E-03
-2.8095E-02
-1.9335E-02
-5.3253E-03
4.3051E-03
-4.4954E-03
1.1160E-02
3.9638E-03
-1.3010E-02
7.6067E-03
1.6405E-02
-1.2527E-03
-1.1230E-02
-9.0319E-04
2.6086E-04
-8.9037E-03
-7.3610E-03
-1.1818E-02
-1.9794E-02
-8.1585E-04
1.2009E-02
3.6396E-03
-4.7441E-03
1.8791E-02
3.0740E-02
2.7831E-02
1.4350E-03
-3.3209E-02
-4.1912E-02
-2.1203E-02
-5.1380E-03
1.2099E-02
1.5465E-02
6.9781E-03
-5.8709E-04
-3.2100E-03
-1.4276E-03
1.7286E-03
9.7024E-03
4.1606E-03
-4.8615E-03
1.3115E-03
1.4060E-02
1.7309E-02
8.1493E-03
1.4638E-03
-1.5604E-02
-1.3051E-02
-8.9394E-03
-6.8144E-03
-8.1336E-03
-3.1535E-03
2.8645E-03
6.8643E-04
1.4959E-03
6.1399E-03
9.7047E-03
1.2017E-02
1.4963E-02
4.3146E-03
-1.7390E-03
-6.1187E-03
-1.5274E-02
-2.8410E-03
-1.2069E-04
1.3098E-03
6.0553E-03
1.2925E-02
8.2585E-03
4.9203E-03
-5.4165E-04
-2.7689E-02
-3.1088E-02
-1.3834E-02
9.9765E-03
1.2761E-02
8.2068E-03
4.5639E-03
6.1864E-03
2.7770E-03
-2.5167E-03
-1.2714E-02
-8.6305E-03
3.3922E-03
-1.0907E-02
-1.1417E-02
-9.7216E-03
-1.5710E-03
3.9086E-03
8.7818E-03
1.3633E-02
-2.4719E-03
-1.7368E-02
-1.7992E-02
9.8818E-04
1.4504E-02
1.3520E-02
1.3069E-02
1.1751E-02
6.6913E-03
-4.7039E-04
6.1026E-03
2.6844E-03
-2.2203E-02
-2.8271E-02
-1.5749E-02
-5.4587E-03
1.0654E-02
1.7774E-02
8.4349E-03
5.4871E-03
1.3620E-02
1.1951E-02
2.3829E-02
2.1885E-03
-1.9032E-02
-2.1500E-02
-9.6417E-03
8.1078E-03
1.6459E-03
-5.7271E-04
-6.2679E-03
-2.1739E-03
-2.8903E-04
1.2067E-03
-6.7476E-03
-1.5785E-02
-2.6713E-03
3.7420E-03
1.7708E-02
2.1249E-02
6.0968E-03
-2.9841E-03
-1.2973E-02
-1.1424E-02
-4.3222E-03
1.5983E-02
1.5577E-02
3.9413E-03
-6.4557E-03
-9.5654E-04
2.6413E-03
3.8912E-03
2.5429E-03
4.7947E-03
-2.5443E-03
-1.3377E-02
-5.6587E-03
-8.2134E-03
-1.0727E-02
1.1509E-02
1.0295E-02
-7.8845E-05
6.2688E-03
-3.0123E-03
-9.5654E-03
-1.0784E-02
3.8592E-03
1.0157E-02
-5.0926E-04
-9.6134E-03
-1.2236E-02
-5.9749E-03
1.3146E-02
2.4268E-02
9.9642E-03
-1.2486E-02
-1.9688E-02
-4.4774E-03
4.5013E-03
1.4533E-02
3.0862E-03
-1.4045E-02
-5.2566E-03
1.9760E-02
8.2001E-03
2.9920E-04
1.3242E-02
-4.7759E-03
-7.6210E-03
-2.7825E-03
6.7463E-03
1.5693E-02
1.2251E-02
-7.9205E-03
-1.8217E-02
-1.2511E-02
-4.1320E-03
-2.1283E-02
-1.1532E-02
2.0431E-04
1.4701E-02
2.6848E-02
2.2733E-02
1.0146E-02
9.0352E-04
-4.0547E-03
-1.3196E-03
-1.0805E-02
-4.8752E-03
-2.6838E-03
-5.1669E-03
-2.7236E-03
-1.0693E-02
1.0275E-02
2.0195E-02
5.7078E-03
-1.0901E-02
-2.1398E-02
-1.2343E-02
-6.8313E-03
-3.6533E-03
2.4330E-03
1.9024E-03
3.2874E-03
1.1921E-02
-1.9376E-03
-5.4589E-03
6.8863E-03
1.1566E-02
6.1311E-03
3.7569E-03
-3.3869E-03
-8.9421E-03
-1.3075E-02
-1.4167E-02
-2.5817E-03
1.2080E-02
2.2169E-02
2.0398E-02
-1.1446E-02
-3.5252E-02
-1.6598E-02
6.9085E-03
2.2710E-02
1.2911E-02
-1.0640E-02
-2.3638E-02
-1.6240E-02
1.1507E-02
2.1142E-02
-9.2846E-03
-9.2490E-03
2.3046E-04
3.3719E-03
7.6783E-03
6.0729E-03
1.1502E-02
3.5932E-03
-2.4173E-03
-4.6849E-03
-5.4358E-03
-3.9835E-03
-2.9484E-04
2.9260E-03
1.2977E-02
8.8007E-03
1.3370E-04
3.5284E-03
-9.7792E-03
-1.6603E-02
-1.4368E-02
-7.4645E-03
5.9007E-03
1.6638E-02
3.1158E-02
2.9472E-02
1.0548E-02
-1.5190E-02
-2.6772E-02
-2.3952E-02
-3.1177E-03
7.3292E-03
1.2693E-02
7.1862E-03
-9.5648E-04
1.8097E-03
1.0616E-03
-1.2519E-02
-1.7042E-02
-1.0630E-02
7.9303E-04
1.3650E-02
2.5385E-02
4.6667E-03
-5.0451E-03
-5.6076E-03
-6.4447E-03
-5.8555E-03
4.8281E-04
-2.6498E-03
-6.2519E-03
-6.9621E-03
-2.3696E-03
7.2471E-03
4.0145E-04
-7.7992E-03
1.3810E-02
1.5343E-02
1.3797E-02
-6.4637E-03
-1.6909E-02
-9.6748E-03
-6.7507E-03
-1.1395E-03
7.4499E-03
2.6615E-03
-1.3909E-02
-7.5774E-03
1.3963E-02
1.3869E-02
-2.4063E-03
2.0744E-03
1.0458E-02
1.1263E-02
3.4940E-03
-6.1952E-03
-1.8420E-02
-2.7176E-02
-1.5754E-02
3.0757E-03
2.6020E-03
3.8485E-03
7.2496E-03
1.8041E-03
-1.9237E-03
7.1937E-03
1.1571E-02
3.2576E-03
2.3902E-03
-6.3330E-03
-1.1800E-03
6.0863E-03
1.1383E-02
7.7661E-03
-7.0428E-03
-1.7029E-02
-2.7314E-02
-1.9825E-02
6.9431E-03
2.2387E-02
2.7315E-02
1.1591E-02
-5.6352E-03
-1.5635E-02
-9.4530E-03
3.2709E-03
8.5600E-03
1.1824E-02
-5.3087E-04
-1.8050E-02
-4.0422E-03
4.6372E-03
8.1270E-03
1.2627E-02
8.8920E-03
4.1708E-03
-2.4958E-03
-1.1242E-02
-6.7199E-03
8.5606E-03
7.4887E-03
-1.3119E-02
-1.4401E-02
-4.9784E-03
2.4427E-03
9.3627E-03
2.4754E-03
2.7021E-03
-1.2301E-03
-1.2686E-02
-3.3308E-03
5.7147E-03
1.4797E-02
9.5376E-03
-1.0757E-02
-9.7237E-03
-2.2309E-03
1.7307E-03
1.1546E-02
9.8743E-03
9.9508E-04
-7.6709E-03
-3.2536E-03
-8.8714E-03
-1.0060E-02
3.9162E-03
1.3384E-02
2.3345E-02
2.0232E-02
-5.0197E-03
-1.6357E-02
-2.2194E-02
-6.4647E-03
4.2843E-03
1.0936E-02
3.8386E-03
8.7295E-03
8.4040E-03
1.8038E-03
-7.4400E-04
-4.9154E-03
-9.4075E-03
-1.3964E-02
-1.8864E-02
-9.9395E-03
1.2057E-02
1.5017E-02
-3.3522E-03
-5.6081E-03
-3.5843E-03
1.3386E-03
8.4387E-03
2.0938E-02
1.6563E-02
8.6887E-04
-3.4928E-03
-1.6767E-02
-3.8250E-02
-2.9648E-02
1.5825E-02
1.2081E-02
2.3517E-02
2.4472E-02
-1.2100E-02
-2.1808E-02
-1.8039E-02
-1.3923E-02
-1.3773E-02
1.2935E-02
2.5187E-02
9.7762E-03
-1.1565E-03
-1.7999E-02
-1.4587E-02
4.9693E-03
1.5249E-02
1.3618E-02
5.0916E-03
5.2798E-03
6.8717E-03
1.0202E-02
3.7399E-03
8.3386E-03
1.1255E-02
-2.4137E-03
-2.0205E-02
-8.4870E-03
3.1877E-03
5.6999E-03
8.6178E-03
7.4795E-03
-9.2692E-03
-1.4023E-02
-8.3813E-03
1.0546E-03
-2.0145E-03
-3.0963E-03
1.3546E-02
1.0519E-02
8.7227E-03
6.5038E-03
8.4631E-03
-4.0936E-03
-1.3746E-03
-1.1182E-02
-1.5434E-02
-8.6762E-03
7.4627E-04
-1.7034E-02
2.1590E-03
1.5376E-02
7.1955E-03
1.3584E-03
6.0635E-04
-4.3653E-03
-1.8037E-02
-1.6295E-02
6.2112E-03
1.8116E-02
1.0920E-02
3.6220E-03
3.3506E-04
1.4675E-02
-3.2555E-03
-2.3273E-02
-1.1307E-02
-9.1402E-03
1.2760E-02
3.0870E-02
2.5666E-02
-9.0421E-03
-1.8957E-02
-1.0827E-02
-9.1872E-03
-5.2629E-05
-3.0291E-03
-3.4832E-03
-8.2180E-04
6.1059E-03
1.1778E-02
7.1785E-03
-6.5850E-03
-7.0525E-03
-3.8742E-03
-1.0687E-02
-2.1390E-02
4.0630E-03
1.4145E-02
1.7202E-02
-1.2900E-03
5.3001E-03
1.6817E-03
-5.2392E-03
-1.0381E-02
-1.1787E-02
4.6032E-03
1.0401E-02
8.3313E-03
1.3233E-02
9.3248E-03
-4.5691E-03
-1.0386E-02
-6.0359E-03
-7.1005E-03
-2.8181E-03
1.4862E-02
5.6051E-03
-7.0471E-03
4.2894E-03
5.2456E-03
-1.6567E-03
-2.0100E-03
1.5355E-02
1.1329E-02
-2.6870E-04
-1.0016E-02
-1.9825E-02
-8.5991E-03
-3.1698E-03
-6.9699E-03
-1.3358E-02
4.3865E-03
1.2645E-02
1.1562E-02
-1.5409E-03
-1.6010E-02
-1.6397E-02
5.9778E-03
1.5070E-02
1.4116E-02
1.3951E-02
-1.7342E-03
-1.1413E-02
-4.0064E-03
5.4261E-03
3.0945E-03
-1.7413E-03
-3.8249E-03
1.1694E-02
-3.9025E-03
-1.0899E-02
-4.4896E-03
9.3240E-03
1.1700E-02
-5.8279E-03
-1.1931E-02
-1.0361E-02
-2.9245E-03
1.1045E-02
-2.4680E-04
-1.2800E-02
8.0088E-05
1.8711E-02
7.0258E-03
7.8662E-04
1.9570E-03
-1.1030E-02
1.4743E-04
3.4794E-03
1.7749E-03
-4.9393E-04
-7.4029E-03
-1.0643E-02
9.7253E-03
2.9269E-02
2.4366E-02
-1.3639E-02
-3.1730E-02
-1.8423E-02
-1.2474E-02
-4.3296E-03
2.2004E-02
1.7442E-02
3.9172E-03
-1.9577E-03
1.0887E-02
1.1974E-02
-2.7400E-03
-8.0303E-03
3.1924E-03
-3.3235E-03
-8.0225E-03
-2.4837E-03
-1.3289E-03
-7.1778E-03
-1.8844E-03
6.1942E-03
7.0380E-03
-1.3375E-02
-1.2043E-02
1.1699E-02
3.8362E-02
3.1492E-03
-2.1751E-02
-2.0322E-02
1.4630E-02
-3.2068E-04
-2.9277E-02
-2.1739E-02
-1.4905E-02
1.7126E-03
1.6393E-03
-3.6255E-03
2.7093E-02
3.8232E-02
1.3718E-02
-1.5855E-02
-1.6488E-02
-1.0067E-02
1.4194E-02
1.2653E-02
-2.3121E-03
-9.2179E-03
7.5393E-03
1.8364E-02
6.9295E-03
-1.5216E-02
-4.3775E-03
-1.3782E-02
-4.9013E-02
6.7339E-04
4.5334E-02
4.1641E-02
3.0781E-02
2.2696E-02
-1.9332E-02
-3.1987E-02
-2.0805E-02
-9.6091E-03
-5.1062E-03
-5.2034E-03
-5.2124E-03
9.9466E-03
1.2129E-02
-1.1571E-02
-5.7641E-03
9.4713E-03
1.2902E-03
-1.0126E-02
-2.9765E-02
-8.2945E-03
9.1784E-03
-1.4528E-02
5.8055E-03
5.4777E-03
-1.4283E-02
-2.4155E-02
7.6394E-04
1.5354E-02
1.1403E-02
2.3096E-02
1.8322E-02
-7.6341E-03
1.6176E-02
3.7382E-02
2.3501E-02
9.3294E-04
-1.7076E-02
-3.5781E-02
-3.4149E-02
-2.3047E-02
3.7040E-03
3.7390E-02
2.9436E-02
1.6055E-02
2.0725E-03
-2.6586E-02
2.7315E-03
1.1058E-02
4.6039E-03
8.8335E-03
-1.1003E-02
-5.3526E-02
-4.8444E-02
1.0981E-02
3.2745E-02
3.3809E-02
-1.9496E-03
-1.7485E-02
-6.4070E-04
-2.4896E-02
-2.1372E-02
-1.4082E-02
1.3814E-02
1.1385E-02
1.8144E-02
8.0470E-03
-9.8652E-03
-5.0668E-03
3.5203E-02
7.3202E-03
-2.0694E-02
4.4437E-03
1.4973E-02
-7.4468E-03
-2.5699E-02
3.3357E-02
1.1152E-02
-2.3329E-02
-6.8918E-03
1.8275E-02
2.8994E-02
2.3597E-02
-1.5187E-02
-3.8618E-02
-1.3295E-02
1.8831E-02
-6.7871E-03
-1.8800E-02
2.1301E-02
1.1830E-02
1.3105E-03
1.7844E-02
-3.6481E-04
-3.8393E-03
-2.6609E-02
-1.9586E-02
-9.8882E-03
1.1367E-02
3.4370E-03
-1.5017E-03
5.6211E-02
3.1537E-02
-1.4186E-02
-4.0302E-02
-1.4871E-02
1.7691E-02
2.6048E-02
-8.1444E-04
-5.9462E-02
-7.4384E-02
-1.4841E-02
2.8417E-02
2.0417E-02
-2.1376E-02
-5.6554E-02
-2.9301E-02
2.2832E-02
6.3053E-02
6.1448E-02
2.5013E-02
-7.0956E-03
1.0654E-02
3.7467E-02
-4.1809E-03
-4.2089E-02
-2.5127E-02
-1.8873E-02
-8.3880E-03
8.3795E-03
1.0092E-02
1.2711E-02
1.2911E-02
5.0552E-02
3.8668E-02
-2.9851E-02
-5.8644E-02
-3.9664E-02
-8.3497E-03
1.9740E-02
1.2937E-02
5.2737E-03
-7.6883E-03
2.1796E-02
3.6462E-02
-6.1785E-03
-2.9380E-02
-2.0499E-02
-1.7358E-02
-5.4700E-03
-3.3787E-03
1.6746E-02
4.2147E-02
2.4449E-02
3.1653E-03
-2.0106E-02
-1.9732E-02
6.0974E-03
-6.8581E-04
-1.6416E-02
-3.7334E-02
-3.5763E-02
1.8221E-02
2.5405E-02
2.5734E-02
1.2868E-02
-2.2111E-02
-5.7691E-02
-2.8619E-02
2.9338E-02
4.1103E-02
2.4416E-02
8.1094E-03
-1.2931E-02
-5.0043E-02
-2.8238E-02
2.9243E-03
1.1100E-02
2.6782E-02
2.7917E-02
2.6156E-02
1.9846E-02
4.6748E-03
-3.2948E-02
-1.5918E-02
-1.7450E-02
-4.2428E-02
-8.6281E-03
1.1961E-02
1.4597E-02
-3.5271E-04
-3.8844E-03
-9.0832E-03
7.0666E-03
2.8649E-02
3.9998E-03
-3.5035E-02
-2.0587E-02
-2.5133E-02
-8.8521E-04
2.0581E-02
3.3169E-02
2.2101E-02
9.9786E-03
1.4116E-02
-4.4876E-03
-9.6592E-03
1.6917E-02
3.3209E-03
-1.3630E-02
-1.3542E-02
-1.5822E-02
1.3402E-02
2.0632E-02
2.9938E-02
1.2538E-02
-8.4291E-03
1.4380E-03
7.4596E-04
-2.9635E-02
-5.2135E-02
-2.4036E-02
2.0692E-02
2.9911E-02
-1.0303E-02
-1.9518E-02
-1.2963E-02
8.6413E-03
2.0555E-02
5.4973E-03
-5.9139E-03
-1.2239E-02
-1.1605E-02
1.6021E-02
5.8383E-02
1.8144E-02
3.4614E-03
-2.4972E-02
-2.9719E-02
9.9073E-03
2.0434E-02
1.3743E-02
-3.0135E-02
-5.0716E-02
-2.2576E-02
2.9055E-02
1.8300E-02
-9.5833E-03
1.8044E-04
8.7843E-03
1.2706E-02
2.3670E-02
8.7191E-03
-4.1698E-03
1.3349E-02
-2.6847E-03
2.8155E-03
7.2556E-03
2.1215E-03
-1.0286E-02
-2.8516E-02
-2.5228E-02
-2.6707E-04
3.3030E-02
1.8190E-02
5.6977E-03
-2.4465E-02
2.7620E-02
1.8216E-02
-7.7126E-03
-4.0904E-02
-4.8597E-02
-2.4092E-02
2.0802E-02
5.1737E-02
1.4477E-02
-1.4576E-03
-8.1792E-03
-2.4467E-02
9.7372E-03
1.4583E-02
1.4056E-05
2.7220E-03
2.7825E-03
3.6611E-03
-1.0448E-02
5.0766E-04
-1.0610E-02
-1.2891E-02
4.8066E-03
3.0083E-02
5.2083E-03
-3.7853E-02
-3.1423E-02
3.3094E-03
-1.8774E-02
6.3243E-03
1.5837E-02
7.5257E-03
2.3136E-02
8.9907E-03
1.9463E-03
-3.2027E-02
-4.3996E-02
-1.3649E-02
-4.2430E-04
5.2773E-03
-5.9281E-03
-4.6255E-04
7.0837E-03
2.4113E-02
6.0377E-02
2.3517E-02
-3.5369E-02
-7.5099E-03
1.9180E-02
1.2653E-02
-1.6400E-02
-1.1356E-02
-1.5540E-02
3.0332E-03
3.5837E-02
1.4796E-02
-6.2668E-03
3.7837E-03
-3.7592E-02
-3.3210E-02
-1.3184E-02
-2.1125E-02
-8.0534E-03
3.1907E-02
1.7791E-02
-9.2706E-03
2.7532E-02
6.1287E-02
3.4873E-02
-3.0960E-03
-2.9646E-02
-4.9697E-02
-2.9974E-02
4.2031E-03
2.3914E-02
2.7276E-02
7.3128E-03
-8.5351E-03
-1.6350E-02
-1.8781E-02
-1.1719E-02
-1.6390E-03
-1.4139E-02
-6.8199E-03
5.2019E-03
1.9586E-02
2.9727E-02
2.2334E-02
-3.9946E-04
-4.0254E-02
-2.5497E-02
-1.0904E-02
-1.4107E-02
2.3441E-03
-2.3340E-04
1.8293E-02
2.8659E-02
2.4613E-02
1.1217E-02
-6.1694E-03
-1.7425E-02
-2.8786E-03
-3.0763E-03
-9.6902E-03
4.9457E-03
-3.7909E-03
-1.2130E-02
1.4301E-03
2.6210E-02
5.6910E-03
4.6399E-03
1.1125E-02
-1.9423E-02
-4.8640E-02
-4.9763E-02
-7.0817E-03
2.1428E-02
2.5957E-02
1.5088E-02
2.3100E-02
1.0095E-02
-2.9894E-02
-3.1352E-02
-9.3448E-03
-1.3566E-03
-1.7714E-03
-1.4428E-02
-8.4170E-03
5.2106E-03
4.5450E-02
4.8131E-02
2.1776E-02
-8.1863E-03
-1.6073E-02
-1.3052E-02
2.1226E-03
-2.5537E-03
-2.0325E-02
-7.3991E-03
1.1091E-02
2.8935E-02
1.4777E-02
-5.0512E-03
-1.7511E-02
-2.4884E-02
6.1340E-03
1.3731E-02
1.8023E-02
3.6915E-03
-3.3539E-03
-2.9459E-03
1.4199E-02
9.4291E-03
8.8780E-03
2.0456E-02
8.2418E-03
-6.7463E-03
-1.2616E-02
9.9390E-03
-1.5725E-03
-3.9807E-02
-9.7226E-03
1.7271E-02
1.9033E-02
2.2251E-02
1.0578E-02
-2.4199E-02
-3.2813E-02
-1.5525E-02
-1.6337E-02
-2.6066E-02
-2.5081E-02
-3.3875E-03
-4.3345E-04
6.1517E-03
1.1707E-02
-5.4058E-03
-1.8440E-03
2.0666E-03
1.9415E-02
3.4089E-02
1.6212E-02
-1.4659E-02
-1.4991E-02
-1.0981E-02
-1.4706E-02
-1.3074E-02
-8.2147E-04
1.7272E-02
-3.0750E-03
-1.1745E-02
1.6296E-02
1.9857E-02
-1.3746E-03
9.3514E-04
1.5731E-02
1.4432E-02
3.3941E-03
-1.4653E-02
-3.8372E-02
-7.4778E-03
3.5801E-02
1.9061E-02
1.2616E-02
7.1794E-03
-2.6116E-02
-3.2164E-02
2.4592E-03
8.9074E-03
1.9112E-02
1.8367E-02
2.0261E-03
2.6782E-04
1.4545E-02
1.8104E-02
-1.2778E-03
-2.3408E-03
3.0930E-03
-2.1213E-02
-2.2167E-02
-9.4956E-03
-3.5731E-03
1.4435E-03
-1.7384E-02
-1.4335E-02
-7.6186E-03
1.5767E-02
2.6297E-02
3.0388E-02
3.8291E-03
-1.3250E-02
-2.7942E-02
-2.2376E-02
8.8426E-03
4.5803E-03
8.0553E-03
7.8901E-03
1.8599E-02
1.9455E-02
6.0523E-03
-1.4714E-02
-2.2416E-02
-3.3383E-02
-2.1608E-02
1.0904E-02
2.5332E-02
2.3136E-02
2.7243E-02
2.1957E-02
-2.2202E-02
-3.6557E-02
-2.0639E-02
1.4758E-02
1.2915E-02
-7.9483E-03
3.0785E-03
1.0864E-02
5.1660E-03
-1.7862E-02
-3.2711E-02
-1.2473E-02
2.3359E-03
6.6293E-04
-3.1054E-03
6.3096E-03
3.8620E-02
3.0289E-02
6.8964E-03
-2.6380E-02
-2.7969E-02
-1.0234E-02
-1.0482E-02
-7.8963E-04
1.8716E-02
1.4501E-02
-1.0590E-02
-6.3736E-03
4.6690E-03
9.5397E-03
1.4994E-02
7.4707E-03
9.1288E-03
-1.5580E-03
-1.8581E-02
-8.1241E-03
-3.5513E-03
-1.2929E-02
-1.4288E-03
1.1600E-02
4.1907E-04
2.3939E-03
9.3678E-03
9.8230E-04
-1.7133E-02
8.6871E-03
2.2686E-02
1.5168E-03
-1.1124E-02
-2.1830E-04
9.1844E-03
5.3485E-03
1.1889E-02
1.7380E-02
8.2634E-03
-7.1000E-04
-1.8506E-02
-2.8668E-02
-1.7435E-02
-8.5243E-03
-1.5347E-02
5.7421E-03
8.0529E-03
-2.0650E-02
-3.2128E-02
1.2226E-04
2.0501E-02
9.5396E-03
1.0617E-02
8.8816E-03
1.4346E-02
1.3657E-02
4.5125E-03
-6.7411E-03
7.1124E-03
1.8656E-02
1.2160E-03
-1.5343E-02
-1.4319E-02
1.1997E-03
1.0146E-02
2.0174E-02
-8.5906E-04
-1.7906E-02
-1.4460E-02
-1.4817E-02
-1.0323E-02
-1.5259E-03
5.8699E-03
7.6511E-03
1.3585E-02
-1.0988E-02
-9.5975E-03
1.1247E-02
2.0603E-02
3.9076E-03
1.0853E-04
8.5498E-03
1.4159E-02
2.0603E-02
1.1480E-03
-2.3112E-02
-4.3680E-02
-2.0324E-02
-6.7488E-03
1.8826E-02
1.4396E-02
-7.9632E-03
-1.5685E-02
-1.5065E-02
-1.1810E-02
9.4922E-03
-9.2183E-05
9.6223E-03
1.7873E-02
2.6251E-02
3.8082E-02
1.0947E-02
-2.1460E-02
-4.9691E-02
-3.0252E-02
-1.3773E-03
2.5178E-02
3.1570E-02
2.3699E-02
1.7792E-02
-7.8254E-03
-8.0545E-03
-3.5275E-03
-5.5483E-03
2.1202E-03
1.0712E-02
1.0037E-02
-8.9535E-04
-1.5651E-02
-4.8536E-03
1.5050E-03
-1.8165E-03
-2.1394E-02
-2.6945E-02
-1.5711E-02
-2.1202E-03
-9.0058E-03
-8.8901E-03
4.4898E-03
5.3976E-03
1.2129E-02
9.7975E-03
7.2049E-03
1.3004E-02
6.5343E-03
8.5422E-04
-2.3865E-02
-9.8335E-03
5.3698E-03
1.4712E-02
4.0302E-02
3.5476E-02
2.5805E-02
3.2842E-03
-1.7039E-02
-1.9959E-02
-2.4078E-02
-1.8692E-02
1.2634E-03
1.2711E-02
-1.1758E-03
-6.0316E-03
-8.9150E-03
-1.4523E-02
-2.0265E-02
-2.2814E-02
-3.0304E-02
-6.2831E-03
1.1386E-02
1.9844E-02
3.4201E-02
2.8512E-02
-8.5181E-03
-3.0049E-02
-1.4042E-02
-1.6079E-02
-1.2742E-02
4.1325E-03
1.2176E-02
2.8281E-02
3.9812E-02
1.8966E-02
-1.7717E-04
-2.2432E-02
-2.9791E-02
-2.8004E-02
3.5150E-03
1.0938E-02
-3.2045E-03
-5.0047E-03
-1.6318E-02
-7.8839E-03
3.5886E-02
5.6340E-02
1.4189E-02
-9.3856E-03
-8.2608E-03
-1.8325E-02
2.9268E-03
1.5026E-02
-2.9414E-02
-4.6926E-02
-2.2745E-03
3.0506E-02
3.4219E-02
8.4898E-03
-2.3888E-02
-2.7381E-02
-1.2628E-03
1.0667E-02
-4.5879E-03
-5.9517E-03
-9.8880E-03
5.0030E-03
3.3540E-02
4.6859E-02
2.6339E-02
9.8825E-03
2.0306E-02
1.1187E-02
-2.1071E-02
-3.3996E-02
-2.4674E-02
-8.3356E-03
-1.8379E-02
-3.5421E-03
1.2050E-02
3.2096E-03
-1.1979E-02
-2.0200E-02
-2.3510E-02
-1.2402E-02
1.8220E-02
2.2175E-02
3.2118E-03
-5.3881E-03
-6.7999E-03
-7.1269E-03
3.2308E-02
4.8528E-02
1.6929E-02
-1.8479E-03
3.9236E-03
-1.2023E-02
-1.4261E-02
-1.1196E-03
-8.0634E-03
-2.4743E-02
-2.7377E-02
-4.3340E-03
3.2052E-02
2.0816E-02
-1.6875E-02
-2.4021E-02
-9.2154E-03
2.2467E-02
2.0650E-02
-4.5821E-03
-1.6869E-02
5.6264E-03
2.6357E-02
-3.9684E-03
-4.3972E-02
-2.4209E-02
8.1023E-03
-4.5840E-03
1.0072E-02
2.3171E-02
-1.5583E-02
-3.4997E-02
-4.4130E-03
2.2155E-02
6.9179E-03
-2.1950E-02
-3.5546E-02
-2.7217E-02
5.1321E-03
1.8012E-02
3.1438E-02
5.2043E-02
4.3902E-02
1.2305E-02
-9.3640E-03
-1.0544E-02
-7.6354E-03
-1.0992E-02
-2.1041E-02
-2.5142E-02
-1.5779E-02
2.1790E-03
2.1716E-02
2.6438E-02
3.7537E-02
1.5590E-02
-9.8181E-03
2.2438E-03
1.0084E-02
-6.3119E-03
-2.2137E-02
-1.0774E-02
-1.2124E-03
-2.1336E-03
-1.1856E-02
-8.3571E-03
1.8013E-02
2.6758E-02
7.0069E-03
-8.5037E-03
-8.0670E-03
-7.5090E-03
-1.5505E-02
-6.7815E-03
3.1120E-04
1.5973E-02
1.1708E-02
3.1107E-03
5.1825E-03
6.2122E-03
1.4856E-02
3.7191E-03
-9.1656E-03
-3.4213E-02
-6.7470E-03
2.5593E-03
-2.7974E-02
-3.3875E-02
-4.2233E-02
-7.4573E-03
2.1186E-02
2.2802E-02
-6.1667E-03
6.2946E-03
9.5308E-03
5.6820E-03
1.2064E-02
1.0652E-02
-1.4429E-03
-1.1093E-02
-6.6398E-03
3.9877E-03
-1.4779E-03
3.8504E-03
8.9273E-03
-5.8912E-03
-5.6349E-04
1.3767E-02
6.6773E-03
-4.3014E-03
2.1019E-03
1.0686E-02
-2.0861E-03
3.3532E-03
1.0559E-02
8.3576E-03
4.9798E-03
8.7897E-03
2.5974E-02
7.7564E-03
-6.5299E-03
-8.8159E-03
-1.3259E-02
-1.8620E-02
-2.6636E-02
-7.4034E-03
1.1977E-02
1.8283E-02
-6.0187E-04
3.1617E-03
-1.3981E-02
-2.2676E-02
-1.3273E-02
-2.1326E-02
4.1970E-03
3.4646E-02
1.4453E-02
-1.3810E-02
8.8428E-03
3.2604E-02
1.3880E-02
-9.1388E-03
-1.0407E-02
-5.0847E-03
9.7256E-03
1.4325E-02
5.7107E-03
1.6420E-03
-1.5706E-02
-1.3073E-02
-1.1912E-03
4.1861E-03
-2.5968E-03
1.1605E-04
-9.4041E-03
-9.0418E-03
-7.8156E-03
-8.8534E-03
-2.5018E-02
-2.5998E-02
7.0506E-03
2.6340E-02
4.4509E-02
1.2695E-02
-9.6010E-03
8.1222E-03
-1.8905E-02
-5.4157E-02
-3.6598E-02
-2.3948E-03
2.2219E-02
4.5195E-02
3.6038E-02
3.0505E-02
4.7772E-03
-1.3933E-02
-1.9344E-02
-2.4297E-02
-1.2498E-02
-4.6774E-03
7.7178E-04
1.2040E-02
8.8976E-03
-1.5622E-02
-2.2274E-02
4.2822E-04
2.3679E-02
3.5763E-02
3.9209E-02
2.8007E-02
4.2133E-03
3.2594E-03
-1.9997E-02
-5.6799E-02
-5.5752E-02
-2.7870E-02
1.7182E-02
2.2266E-02
3.5431E-02
2.5770E-02
7.2288E-04
-1.4180E-02
-4.4465E-03
-4.1372E-03
1.0129E-02
9.6220E-03
-9.3503E-03
-1.2401E-02
8.8672E-03
4.0874E-03
-1.3570E-02
-1.0799E-02
3.8269E-04
3.1897E-03
-1.0877E-02
-6.5476E-03
-9.4546E-03
4.4253E-03
1.1730E-02
2.0559E-03
-1.1814E-03
2.3162E-02
8.2601E-03
-1.0263E-02
-1.8332E-02
-3.0358E-02
-1.0228E-02
1.3478E-02
8.9662E-03
-8.5449E-03
2.6295E-02
2.9107E-02
-1.6645E-02
-3.4350E-02
-2.3166E-02
9.5190E-04
1.0795E-02
2.5019E-02
1.8828E-02
-4.4264E-03
-1.9872E-02
-9.6239E-03
1.7415E-02
2.4742E-03
-2.0784E-03
-9.7962E-03
-1.8816E-02
9.5533E-03
2.8148E-02
1.7768E-02
8.7894E-03
4.4457E-03
-1.3859E-02
-2.6958E-02
-2.9331E-02
-1.8362E-02
2.1280E-03
2.4717E-02
1.9803E-02
-1.8119E-03
-4.2669E-03
1.7090E-03
1.5019E-02
1.7291E-02
-9.4484E-03
-2.8008E-02
-1.0850E-02
-5.1197E-03
-4.2930E-03
-5.8121E-04
2.1561E-02
3.4366E-02
2.1819E-02
2.3869E-02
1.3049E-02
-2.0545E-02
-2.6735E-02
-1.9169E-02
-9.1714E-03
2.5157E-03
3.2522E-03
2.5940E-03
-5.4352E-03
9.8462E-03
2.5205E-03
-7.5690E-03
4.6121E-03
9.0436E-03
1.2437E-02
9.7674E-03
-1.2927E-02
-1.6684E-02
-5.7238E-04
1.6201E-02
1.6589E-02
1.8427E-02
2.1086E-02
1.6002E-02
-2.1441E-03
-2.1052E-03
-7.5609E-04
-3.0158E-02
-3.8958E-02
-1.2924E-02
-4.5706E-03
6.1007E-03
2.6192E-02
9.5599E-03
-2.8394E-02
-2.8345E-02
-1.7099E-02
-1.5721E-02
1.3767E-02
3.1192E-02
5.1541E-03
-1.1107E-02
1.4030E-02
1.1219E-02
-1.9805E-02
-2.0053E-02
1.4919E-03
7.1360E-03
-5.9396E-04
1.0971E-02
1.0415E-02
-2.7278E-02
-3.9637E-02
-4.3694E-03
1.6431E-02
3.4639E-02
3.4580E-02
2.5283E-02
1.5735E-02
-6.4953E-04
-6.3580E-03
-2.2011E-02
-2.0141E-02
-9.9992E-03
-2.2739E-02
-2.6930E-02
-4.3515E-03
1.1840E-02
-7.0847E-03
5.8588E-03
1.5534E-02
-8.4488E-03
-9.8988E-03
4.6428E-03
-1.5985E-03
-4.5696E-03
-9.4235E-03
-3.2192E-03
1.6106E-02
2.6960E-02
2.5340E-02
1.9438E-02
9.0466E-03
-2.2323E-03
-1.1681E-02
-1.0018E-02
1.4622E-02
4.8847E-03
-9.3654E-04
-3.1966E-03
7.8747E-04
2.3366E-02
1.6468E-02
-1.7000E-02
-2.6686E-02
-2.0545E-02
-1.4913E-02
5.3868E-03
1.3351E-02
7.1360E-03
-3.6850E-03
-3.1231E-02
-3.5926E-02
-1.8639E-02
1.2977E-02
3.0758E-02
3.4221E-02
1.7421E-02
5.7424E-03
-1.0726E-02
-1.9007E-02
-3.5244E-02
-6.0991E-03
2.3654E-02
1.9251E-02
2.9069E-02
1.5765E-02
-1.4233E-02
-1.5268E-02
3.6834E-04
6.3082E-03
1.3544E-02
1.6031E-02
9.5618E-03
-9.5955E-03
-2.8554E-02
-3.7009E-02
-1.7202E-02
-2.2879E-03
3.9426E-03
3.3158E-03
1.7800E-02
2.1887E-02
2.4130E-02
1.3182E-02
-1.3424E-02
-3.2391E-02
-1.8259E-02
6.7513E-03
1.0149E-02
1.3468E-02
6.2909E-03
1.8275E-03
-5.0302E-03
1.0343E-03
-4.2204E-03
-2.8442E-02
-3.3119E-02
-1.4550E-03
1.3357E-02
1.2891E-02
3.7167E-04
-1.0649E-02
-2.1508E-02
-1.7140E-02
-3.6562E-03
2.1780E-02
1.9546E-02
1.8453E-03
2.3683E-03
3.4181E-03
2.0973E-02
3.0090E-02
9.1493E-03
-7.9321E-03
-1.7768E-02
-2.2012E-02
-1.6778E-02
-2.5458E-03
4.2924E-03
-5.7840E-03
6.1900E-03
1.7215E-02
2.9329E-02
2.3733E-02
5.0132E-03
-3.3708E-02
-4.6734E-02
-2.3025E-02
6.4809E-03
5.8820E-03
1.4269E-02
1.8939E-02
1.1236E-02
2.3196E-03
-1.2075E-03
-6.5082E-03
3.5211E-03
-3.5682E-03
-3.9283E-03
9.2860E-03
2.1358E-02
1.7381E-03
-5.7247E-03
-1.5556E-02
-2.6080E-02
-1.8994E-02
-7.6883E-03
1.8409E-02
1.2146E-02
1.4109E-02
7.0739E-04
-2.0042E-02
-1.9089E-02
-5.5574E-03
-7.6302E-03
-1.5357E-03
1.0569E-02
2.3001E-02
2.9700E-02
1.8017E-02
-5.5682E-03
-2.2368E-02
-2.1137E-02
-7.7381E-03
4.2204E-03
2.2129E-02
1.4669E-02
5.0652E-03
4.3868E-04
-6.2360E-03
-5.6807E-04
-1.4865E-02
-1.3885E-02
9.5582E-04
3.3393E-02
3.4327E-02
1.7830E-02
-1.9816E-03
-1.4490E-02
-3.0858E-02
-2.5130E-02
-9.3524E-03
-1.4150E-02
-1.3484E-02
6.6737E-03
3.1056E-02
1.6418E-02
-1.2122E-02
-3.1756E-02
-3.0610E-02
-9.8527E-03
1.0989E-02
1.9589E-02
1.0633E-02
8.3030E-05
3.6647E-03
-7.4893E-03
-4.9945E-03
6.6427E-03
2.7699E-02
3.4471E-02
4.9488E-03
-1.1830E-02
-4.5610E-03
8.5687E-03
1.3524E-02
-9.3130E-04
-2.9552E-02
-3.2104E-02
-1.2688E-02
1.9075E-02
2.7510E-02
1.6381E-02
-4.9511E-03
-7.4786E-03
2.5648E-03
5.6856E-03
6.5015E-03
8.0071E-03
1.3480E-02
1.6585E-02
1.3121E-02
-2.8495E-03
-2.9651E-02
-3.8759E-02
-2.6676E-02
1.1013E-03
7.6864E-03
9.5102E-03
9.7896E-03
9.6586E-03
1.1518E-02
3.9838E-03
-1.6606E-03
6.2919E-03
6.3916E-03
-7.1759E-03
-1.1861E-02
-1.3965E-02
2.3516E-03
2.9309E-03
3.0597E-04
6.8810E-04
-3.7886E-03
-1.3774E-02
-1.2127E-02
3.2605E-03
-7.7299E-03
-2.2688E-02
-1.9661E-02
-3.5987E-03
5.6248E-03
2.8675E-02
3.0275E-02
8.6687E-03
-2.8576E-03
-1.0014E-02
7.5558E-03
1.5043E-02
-1.4270E-02
-3.3461E-02
-2.2212E-02
-3.7553E-03
1.0233E-02
1.3295E-02
6.9634E-03
2.2304E-03
7.6302E-03
1.3148E-02
5.1318E-03
1.0820E-02
8.5321E-03
7.0229E-03
2.0783E-02
3.1188E-03
-2.6280E-02
-2.3078E-02
-6.8469E-03
1.3623E-02
4.0792E-03
-5.4545E-03
-3.2625E-03
-8.5995E-03
4.2326E-03
1.4015E-02
2.8232E-03
-2.1779E-02
-1.7121E-02
2.4608E-03
1.4413E-02
9.1078E-03
3.9733E-03
-2.7171E-03
9.4252E-04
-1.0970E-02
-1.3426E-02
2.7078E-03
4.2139E-03
1.5360E-03
5.2585E-03
-2.6501E-03
-1.0523E-02
-1.5912E-02
-6.1877E-03
3.3382E-03
2.7168E-03
2.2107E-03
3.0793E-04
4.0779E-03
3.6611E-03
7.5389E-03
7.0662E-03
-5.2962E-04
-6.1396E-03
-9.1176E-03
-8.2572E-03
5.8278E-03
6.0393E-03
4.9376E-03
1.3785E-02
1.5215E-02
4.7592E-03
6.1893E-03
-1.3046E-02
-2.5585E-02
-2.2005E-02
-5.4675E-03
1.1749E-02
1.2328E-02
1.0825E-02
2.7996E-03
4.0403E-04
2.2376E-03
-6.6419E-03
-3.6402E-03
-1.0480E-03
-1.0122E-02
-1.2729E-02
-7.8829E-03
7.6230E-04
-2.6638E-03
8.0847E-03
1.7662E-02
8.9495E-03
-1.7855E-03
-4.6720E-03
3.8004E-03
6.2782E-03
-8.7678E-03
-2.4508E-02
-1.5242E-02
2.6566E-03
1.1658E-02
1.8568E-02
8.1340E-03
-3.1198E-03
-2.3752E-03
-3.5360E-03
-1.7511E-03
1.0045E-03
-4.0900E-03
6.0550E-03
-3.2895E-03
-1.5978E-03
5.8101E-03
-1.2389E-03
5.6849E-03
1.1882E-02
5.7501E-03
-6.6983E-03
-7.7194E-03
2.7225E-03
7.2654E-04
-1.5085E-03
3.5350E-03
9.6728E-03
3.8321E-03
-2.8079E-03
2.8851E-03
-2.9159E-03
-1.0624E-02
-1.4118E-02
-7.6770E-03
-7.2906E-03
-3.6160E-03
-1.1062E-03
6.4061E-03
1.6990E-02
6.8712E-04
-9.9426E-03
-1.3767E-03
1.3194E-02
1.4776E-02
-3.7420E-03
-1.0281E-02
-9.3038E-03
8.7141E-03
8.5587E-03
-7.7848E-04
1.0990E-03
4.5985E-03
7.7692E-03
5.9820E-03
-4.5732E-04
-9.0886E-03
-7.6081E-03
-9.0132E-03
-1.4576E-02
-3.7566E-03
1.5601E-02
2.3440E-02
1.2568E-02
-4.0472E-03
-2.1648E-02
-1.5531E-02
4.9497E-04
6.8122E-03
1.8445E-03
4.2221E-03
5.0185E-03
7.0082E-03
1.7264E-02
4.8370E-03
-1.5389E-02
-7.6890E-03
-4.2267E-04
6.4773E-03
7.3523E-03
-2.2853E-03
-6.3230E-03
1.8744E-03
-2.1225E-03
-9.5986E-03
2.6824E-03
8.7209E-03
1.0244E-02
3.0087E-03
-1.1157E-03
-2.0869E-03
-2.7066E-03
-2.9521E-03
-4.4027E-03
-1.8825E-02
-1.0392E-02
-4.5103E-03
-1.6318E-03
3.6053E-03
1.0411E-02
1.0117E-02
6.6332E-03
-9.1463E-04
-1.3749E-03
9.0898E-03
7.0631E-03
1.4635E-03
-6.1043E-03
-1.1819E-02
-1.4844E-02
-1.2677E-02
6.7013E-04
2.0666E-03
7.9375E-03
8.5326E-03
1.9051E-03
9.7864E-04
-5.5942E-03
-8.5236E-04
4.9131E-04
-5.5263E-03
5.9830E-03
9.3279E-03
1.5839E-02
1.3706E-02
-6.2864E-03
-2.4217E-02
-2.1508E-02
-1.5304E-02
-6.2469E-03
1.0307E-02
9.5747E-03
1.1424E-02
1.7054E-02
1.1872E-02
-3.7646E-03
-2.8465E-03
5.0079E-04
-3.0224E-03
-1.7012E-02
-1.1041E-02
-2.0398E-04
5.4988E-03
1.6823E-02
1.0701E-02
-7.8718E-03
-1.5862E-02
-1.4587E-02
-5.1685E-03
3.5821E-03
1.3331E-02
1.6320E-02
1.0558E-02
2.8011E-03
5.8134E-03
-4.1221E-03
-7.4227E-03
-1.0641E-02
-1.1299E-02
-7.0586E-03
6.3787E-03
5.1236E-04
-4.1746E-03
2.4272E-03
-2.9685E-04
1.5904E-03
-5.6052E-03
-1.1933E-02
-1.0582E-02
4.3953E-03
1.5960E-02
1.2258E-02
2.0630E-03
2.0327E-03
-5.8359E-03
6.7121E-03
4.3861E-03
-4.6586E-03
-3.1550E-03
-3.8576E-03
-6.5293E-04
-3.2382E-04
-1.4152E-03
-6.0940E-03
-9.1200E-03
-2.8155E-03
1.9711E-03
-1.2585E-03
3.2378E-03
1.3900E-02
1.5370E-02
3.2305E-03
-8.3051E-03
-4.8367E-03
2.0597E-03
-6.6977E-03
-1.1671E-02
-3.9992E-03
1.0967E-03
3.6554E-03
1.1996E-02
8.2143E-03
-1.9574E-03
-1.2005E-02
-4.4257E-03
8.2124E-04
9.3735E-04
2.0453E-03
-2.5292E-03
5.8333E-03
1.2860E-02
5.1479E-03
4.7461E-03
6.7927E-04
-4.7617E-03
-8.3180E-03
-1.1382E-03
3.4232E-03
1.4089E-03
-1.0317E-03
-4.8343E-03
-7.7279E-03
-9.7334E-03
-5.1643E-03
9.7805E-04
5.1393E-03
1.5551E-02
1.3395E-02
1.3052E-02
2.7495E-03
-7.2605E-03
-6.9552E-03
-1.0139E-02
-6.0241E-03
5.6423E-03
7.1045E-03
-1.5436E-03
-7.4640E-03
-1.8622E-03
3.2937E-04
1.5439E-03
5.1668E-03
-1.1074E-02
-1.0247E-02
1.4759E-04
8.7868E-03
-3.3473E-03
-4.5952E-03
7.9663E-04
-2.0692E-03
-2.9132E-03
-1.9692E-04
7.4832E-03
5.0331E-03
4.7512E-03
-3.6383E-04
-1.1018E-02
-1.2075E-02
2.9355E-04
1.6610E-02
3.1390E-03
-8.2336E-03
-4.1580E-03
-3.6873E-04
8.3422E-04
1.0477E-03
2.1604E-03
-1.7469E-03
1.8564E-03
-5.9028E-03
-7.4544E-03
6.4206E-03
1.4150E-02
1.2807E-02
9.6249E-03
8.2741E-03
1.2208E-03
2.5046E-03
6.5139E-03
-3.9652E-03
-9.3499E-03
-1.3463E-02
-6.2644E-03
-1.7050E-03
1.9483E-04
-1.1121E-02
-1.2255E-02
3.0126E-03
1.3959E-02
1.3876E-02
2.9606E-04
-8.2538E-03
-8.0981E-03
1.6818E-03
-3.5503E-03
-1.6189E-02
-1.4104E-02
-8.8342E-03
-3.8043E-03
7.5448E-03
2.0679E-02
1.5111E-02
9.6553E-03
1.3948E-02
8.3014E-03
3.9789E-03
-2.7661E-03
-1.8269E-02
-1.8865E-02
-1.2469E-02
-3.1862E-03
-3.4846E-03
1.8848E-03
7.8375E-03
1.1397E-02
1.7897E-02
1.7865E-02
-1.9617E-03
-1.0523E-02
-1.1809E-02
-9.9639E-03
-1.2476E-03
8.3314E-03
7.1658E-03
6.9923E-03
5.9992E-03
2.1084E-04
-8.8293E-04
-8.6514E-03
-1.3690E-02
-7.3698E-03
4.8677E-03
7.7776E-03
4.9272E-03
6.3310E-03
3.1250E-03
9.1136E-04
-4.8876E-03
-4.7245E-03
-9.1611E-03
-1.3595E-02
-7.1355E-03
4.9164E-04
6.2426E-03
1.1258E-03
-5.3708E-03
-7.9590E-03
-5.1145E-03
6.0080E-03
1.2515E-02
5.0956E-03
2.6418E-03
7.2337E-03
4.3086E-03
-9.7302E-04
5.5463E-03
1.4185E-02
1.2282E-02
1.9012E-03
-1.1254E-02
-7.6577E-03
4.8314E-03
3.6912E-03
-3.8560E-03
-7.1356E-03
-4.1515E-03
3.6869E-03
6.1215E-03
-2.8564E-03
-1.4251E-02
-1.6600E-02
-1.1727E-02
-1.2601E-02
-1.0099E-02
-3.6415E-03
4.1136E-03
1.8202E-02
2.6383E-02
1.3180E-02
-2.6118E-03
-2.0277E-03
1.2641E-03
2.2346E-03
-5.2420E-03
-1.0657E-02
-1.0077E-02
-1.0889E-03
2.7648E-03
-7.4573E-04
-4.4444E-03
2.5724E-03
5.4134E-03
8.6351E-03
-3.7857E-03
-1.1310E-02
-6.5195E-03
-4.4023E-03
-6.8440E-03
-6.1025E-03
4.7850E-03
9.1511E-03
9.1152E-03
2.4245E-03
-6.3775E-03
-1.6324E-02
-1.3543E-03
1.5890E-02
9.7562E-03
1.1981E-02
7.2881E-03
2.7903E-03
-2.7139E-03
-5.6613E-03
5.8709E-04
6.8143E-03
1.1906E-02
3.8867E-03
-7.6778E-03
-1.4525E-03
-6.6783E-04
3.9429E-03
6.7283E-03
-2.4275E-03
-7.7785E-03
-7.4727E-04
4.1943E-03
-9.2065E-03
-1.9113E-02
-1.3165E-02
-2.8050E-03
-3.6203E-03
1.7883E-03
2.9154E-03
-1.8646E-03
5.8540E-03
5.0786E-03
3.9416E-03
3.6454E-03
6.1128E-06
1.1726E-02
1.2282E-02
4.9144E-03
-1.9316E-03
-5.8817E-03
-5.0818E-03
-4.1319E-04
-7.7323E-03
-1.3626E-02
-7.3815E-03
7.2529E-03
1.1620E-02
2.0443E-03
5.0452E-03
1.6178E-03
-4.7821E-03
-4.9435E-03
-3.7635E-03
-1.5275E-03
-1.6849E-03
5.6335E-03
3.3912E-03
-8.3427E-03
-5.2643E-03
4.7307E-03
6.9436E-03
1.2323E-02
1.2505E-02
1.2742E-03
-1.1255E-02
-1.3564E-02
-8.2570E-03
-1.8035E-03
5.9362E-03
-3.6427E-03
-9.6853E-03
-5.5818E-03
6.9950E-03
1.3643E-02
9.3569E-03
1.7375E-03
-5.6734E-03
-1.9303E-03
3.4885E-03
-3.7952E-03
-7.5409E-03
-1.0896E-03
5.8626E-03
5.1636E-03
-3.9968E-03
-1.2532E-02
-1.4384E-02
3.8190E-03
8.5723E-03
5.0971E-03
8.5514E-03
5.8342E-03
2.3748E-03
-8.0797E-03
-1.6383E-02
-2.1754E-02
-1.4974E-02
2.4893E-03
1.7990E-02
2.0273E-02
1.7415E-02
1.0018E-02
4.2920E-03
3.1332E-03
4.7667E-03
1.1382E-03
-7.0845E-03
-7.3808E-03
-3.4294E-03
5.2361E-03
6.7343E-03
1.9478E-03
-1.0540E-02
-5.6993E-03
-2.1503E-03
-6.0670E-05
-2.0627E-04
-3.8129E-03
-3.3015E-03
7.8334E-03
9.6166E-03
-6.9972E-03
-1.5116E-02
-1.3723E-02
-8.1006E-03
-3.7099E-03
-1.7103E-03
3.9493E-03
1.3009E-02
1.2715E-02
5.8034E-03
2.6510E-03
-5.0122E-04
-4.1319E-04
4.2646E-03
5.4286E-03
-3.3343E-04
-4.1815E-03
-3.4588E-03
-5.0341E-05
-1.4619E-03
-6.6909E-03
-6.5558E-03
1.8983E-03
5.8111E-03
-1.3319E-03
-4.8877E-03
-1.0661E-03
9.4232E-03
5.1129E-03
2.4811E-04
-4.0755E-03
-3.9297E-03
7.1627E-03
1.0526E-03
-8.2856E-03
-1.1426E-02
-4.9890E-03
7.0272E-03
9.3164E-03
-4.5039E-03
-7.5671E-03
-1.0415E-02
-2.4092E-03
5.8308E-03
1.1844E-02
9.1598E-03
-4.0273E-04
-4.8664E-03
-4.8049E-03
-7.2660E-03
-1.1884E-02
-9.2303E-03
-5.9876E-03
2.1575E-04
1.0376E-02
1.4930E-02
3.9043E-03
-4.5071E-04
-2.9533E-03
5.2006E-03
9.9364E-03
-3.3473E-04
2.2226E-03
5.6165E-03
8.1016E-03
3.3454E-03
7.3550E-04
4.1819E-03
-5.9112E-03
-1.3847E-02
-9.6181E-03
-6.2021E-04
-3.9736E-03
-6.3200E-03
2.3877E-04
6.3451E-03
5.5207E-03
1.1466E-03
-3.9138E-04
-2.1398E-03
-6.0891E-03
-1.6190E-03
-3.8791E-03
-1.2036E-03
-3.4176E-04
7.8963E-03
1.2176E-02
7.6094E-03
-1.7544E-03
2.6571E-04
-7.9007E-03
-8.3672E-03
1.2126E-03
6.0737E-03
2.6982E-03
-4.2166E-03
-4.9974E-03
3.2828E-03
7.9867E-03
1.1540E-03
-4.7479E-03
-1.0928E-02
-7.7694E-03
-3.9198E-03
4.8368E-03
6.3155E-03
-1.9731E-03
-6.7562E-03
9.4490E-03
2.0395E-02
7.0467E-04
-1.2105E-02
-1.0025E-02
4.3554E-03
1.3586E-02
1.0207E-02
-3.4770E-03
-5.9057E-03
-2.2562E-03
7.0265E-03
7.8277E-03
2.4399E-03
-1.1650E-03
6.5417E-03
1.6252E-02
6.7172E-03
1.9679E-03
9.1529E-05
-6.2256E-03
-8.2948E-03
-8.3187E-03
-1.0855E-02
-1.4141E-02
-6.2961E-03
1.8533E-03
-8.8344E-04
-5.5283E-03
-1.2425E-02
-5.2962E-03
5.6082E-03
1.5044E-02
1.2477E-02
6.3436E-03
-6.0402E-04
-5.3785E-03
-2.0708E-03
-3.2098E-03
-1.2041E-02
-4.5325E-03
4.0861E-04
-2.8439E-05
8.5991E-04
-5.4731E-03
-2.4657E-03
5.1815E-03
1.4670E-02
8.1899E-03
-4.7807E-03
-7.3567E-03
-4.2273E-03
6.4338E-03
1.1557E-02
8.7580E-03
3.6906E-04
1.7358E-03
1.3628E-03
-1.6864E-03
-4.1450E-03
-3.9917E-03
4.1384E-03
9.0605E-03
-1.4246E-03
-5.5665E-03
-9.8832E-03
-1.1565E-02
-1.0154E-02
-3.9977E-03
1.7874E-03
3.8707E-03
8.8114E-03
4.9462E-03
7.9717E-03
3.9821E-03
3.0371E-03
1.0958E-03
-4.7008E-03
-8.1768E-03
-1.2917E-02
-5.9080E-03
5.3703E-03
1.0451E-02
1.5230E-02
1.2783E-02
1.6701E-03
-1.3593E-02
-2.3598E-02
-1.6158E-02
2.6125E-03
1.0524E-02
6.3191E-03
-1.9678E-03
2.1281E-03
8.7869E-03
2.4422E-03
-6.0049E-03
-5.8469E-03
-4.7467E-03
-2.9583E-03
-3.8020E-03
-3.3026E-03
-2.1333E-03
2.1771E-04
7.9263E-03
4.0927E-03
-3.0600E-03
-5.5640E-03
-7.6394E-04
1.0054E-02
4.4473E-03
1.1629E-03
-7.5619E-04
-1.0472E-02
-6.0121E-03
1.8274E-03
5.8654E-03
6.2108E-03
4.4808E-03
7.4988E-04
-5.3654E-03
-4.6169E-03
-2.8064E-03
3.6559E-04
6.7776E-03
1.1221E-02
2.5955E-05
-2.4323E-03
-4.6266E-03
-3.9474E-03
2.1852E-03
1.4624E-03
3.5215E-03
5.2943E-03
3.5523E-03
6.1752E-03
1.4637E-03
-5.5073E-03
-1.6717E-02
-1.8100E-02
-2.4504E-03
7.4995E-03
4.0258E-03
-7.8561E-04
4.2426E-03
6.6872E-03
1.8239E-03
-5.8557E-03
-1.1589E-02
-2.5307E-03
7.0493E-03
9.3275E-03
3.9996E-03
2.7097E-03
2.9999E-03
-4.7529E-03
-4.9046E-04
1.6194E-03
-7.6093E-03
-3.1094E-04
1.5187E-03
-3.4203E-03
-5.8358E-03
-3.3733E-04
1.4222E-02
1.6014E-02
1.5097E-03
-1.1671E-02
-7.9071E-03
-1.9975E-03
1.7608E-03
-6.2673E-03
-9.6112E-03
1.3880E-03
8.7780E-03
5.6577E-03
-9.1972E-03
-3.2131E-03
3.0356E-03
8.0017E-03
1.2100E-02
3.4844E-03
1.9532E-04
3.0321E-03
6.6409E-03
1.1560E-02
-1.0575E-03
-1.4399E-02
-1.2891E-02
-8.9824E-03
6.9585E-04
3.4605E-03
3.1209E-03
1.8014E-03
-9.5782E-03
-1.0075E-03
3.7618E-03
-3.8330E-03
-3.3145E-03
1.8674E-03
9.1922E-04
4.3393E-03
1.0564E-02
9.2673E-03
4.0240E-03
3.3833E-04
-3.5872E-03
-9.5147E-03
-8.8433E-03
-9.0627E-04
-1.6863E-03
-2.0959E-03
1.7793E-03
6.5471E-03
-4.0248E-03
-8.5115E-03
-7.7499E-03
-6.7241E-03
-5.0651E-03
3.6906E-04
9.7543E-04
-4.3685E-03
1.0043E-02
1.0168E-02
1.6671E-03
1.1431E-03
-9.7020E-04
-2.3497E-03
4.8846E-03
1.6166E-02
1.4921E-02
7.7879E-03
1.1467E-03
-2.5203E-04
4.9360E-04
-5.4862E-03
-1.3724E-02
-1.0915E-02
-7.2099E-03
-5.8710E-03
3.1617E-04
1.0646E-02
9.9335E-03
6.5945E-03
1.8106E-03
-6.2859E-03
-8.1784E-03
-5.5642E-03
2.8240E-03
-4.2152E-03
-5.0384E-03
-5.9745E-03
3.4774E-03
8.8241E-03
1.0738E-02
5.7815E-03
-6.4630E-03
-6.4134E-03
-6.5214E-04
3.6033E-03
-1.1944E-03
-9.4500E-03
-3.5011E-03
-9.5889E-04
-4.2301E-03
-6.2365E-03
-4.0548E-03
-4.4744E-03
-2.1254E-03
3.8251E-03
5.3430E-03
5.1581E-03
7.7937E-03
2.3401E-03
-7.6518E-03
-6.0999E-03
2.9616E-04
4.8836E-03
1.0968E-02
1.2301E-02
2.2270E-03
1.1923E-02
1.3373E-02
6.0334E-03
-5.7859E-05
-3.2025E-03
-8.6400E-03
-1.2759E-02
-8.1634E-03
-7.7984E-03
-4.7961E-03
-2.7491E-03
-1.6883E-03
-6.3711E-05
7.9911E-03
8.8018E-03
1.6400E-03
-9.8887E-03
-1.4611E-02
-9.1587E-03
8.0251E-04
2.4128E-03
3.4567E-03
5.0493E-03
1.2490E-03
1.3759E-03
3.8462E-03
1.8450E-03
-7.9322E-03
-1.0910E-02
1.4723E-03
6.3311E-03
8.9749E-03
7.0057E-03
-2.3382E-04
1.6360E-03
5.1564E-03
-4.3999E-03
-6.6946E-03
-5.1221E-03
-7.7186E-04
7.1431E-03
-2.3209E-05
-5.9864E-03
-1.0805E-02
-4.7589E-03
4.2894E-03
1.2943E-02
1.3436E-02
5.3611E-03
3.7887E-03
6.7408E-04
-1.2550E-02
-8.8498E-03
-1.7522E-03
1.0483E-03
3.4642E-03
7.5032E-03
7.4368E-03
2.8094E-03
2.6524E-03
3.5078E-03
8.6756E-04
-1.4360E-03
-3.6892E-03
-8.3604E-03
-1.1366E-02
-9.3595E-03
-2.0704E-03
5.0484E-03
8.6910E-03
-2.2421E-03
-3.4568E-03
1.5331E-03
-1.0530E-03
-6.5410E-04
-1.8296E-03
-2.1548E-03
-3.6092E-03
-1.4099E-03
6.4212E-03
7.5303E-03
6.6209E-03
4.5193E-03
-5.9908E-03
-1.0217E-02
-4.0561E-03
-6.9467E-04
9.2349E-04
1.3101E-02
9.0153E-03
-5.1769E-03
-1.4446E-02
-1.0392E-02
8.0349E-04
1.0358E-02
8.0937E-03
2.2716E-03
-5.2560E-04
5.0327E-03
8.6197E-03
-8.9213E-04
-8.7021E-03
-1.0270E-02
-4.5859E-05
-2.1661E-03
-5.3729E-03
3.4091E-03
3.1774E-03
1.9567E-03
-3.0636E-03
-2.4648E-03
3.6550E-03
1.0259E-02
1.2201E-02
7.6726E-03
3.6808E-04
-4.0798E-03
-7.4825E-03
-8.9613E-03
-1.0414E-02
-7.6873E-03
1.4354E-03
1.2628E-03
-6.6237E-04
1.4860E-03
1.7349E-03
3.8751E-03
4.0321E-03
2.7931E-03
-5.0690E-03
-3.4954E-03
7.1217E-03
2.4003E-03
-3.4447E-03
-2.2426E-03
-1.0170E-02
-1.6099E-03
3.9491E-03
2.6900E-03
2.0839E-03
-5.3100E-03
-1.4257E-02
-5.8722E-03
5.1718E-03
1.1987E-02
1.1225E-02
6.2926E-03
-2.7273E-03
-2.6018E-03
-6.7215E-03
-3.9470E-03
1.5645E-03
-1.5275E-03
-5.5669E-03
3.1787E-03
1.5203E-02
1.1559E-02
-7.4219E-03
-8.6142E-03
-4.9181E-03
-5.2216E-03
2.7645E-03
-8.5932E-04
-8.6691E-05
6.4139E-03
9.5235E-03
6.8371E-03
1.6393E-03
-1.3195E-03
-6.3832E-03
-8.0817E-03
-4.4648E-03
-4.6970E-03
1.8306E-04
6.3931E-03
1.1752E-03
-3.6827E-03
-3.3346E-03
3.6640E-03
1.3060E-03
-8.0918E-04
-1.9898E-03
-8.8904E-04
2.1346E-04
3.4809E-03
4.8053E-07
2.8077E-03
5.5048E-03
3.2359E-04
2.4357E-03
-2.0928E-03
-2.8216E-03
-4.3367E-03
-8.8193E-03
-5.2518E-03
-4.6132E-03
-3.4455E-03
4.2299E-03
9.0188E-03
6.0198E-03
6.8235E-03
8.9297E-03
5.0921E-03
-7.6457E-03
-5.7791E-03
-5.4481E-03
-4.3874E-04
6.0084E-03
-2.0202E-04
-1.1787E-03
-3.0651E-03
-1.7100E-03
-1.1332E-03
1.0116E-03
4.9814E-03
-2.6053E-05
-1.7781E-03
1.1947E-03
8.1901E-03
7.8337E-03
7.9797E-03
1.4105E-03
-5.4228E-03
-6.9790E-03
-2.2561E-03
-3.8042E-03
-3.4915E-03
4.9274E-03
6.6857E-03
8.3228E-03
-1.9286E-04
-6.2336E-03
-5.3642E-03
-6.0816E-03
-2.3994E-04
1.2967E-03
1.1285E-03
-7.6126E-04
-5.6356E-03
-2.6062E-03
-7.8689E-04
-4.1408E-03
-2.1559E-03
9.7671E-04
1.2267E-03
2.8912E-03
-3.3434E-04
9.2771E-04
-5.7713E-03
-2.6810E-03
-5.4643E-04
-5.0795E-04
4.9994E-04
-1.4255E-03
-4.4349E-03
-3.8395E-03
-5.5669E-04
2.6046E-03
-2.5268E-03
-8.4063E-04
1.1866E-02
1.9021E-02
1.3009E-02
-6.8749E-03
-1.7655E-02
-6.7679E-03
-2.8184E-03
-5.7467E-03
-1.4500E-03
4.4331E-03
1.4102E-02
1.1406E-02
6.0416E-03
1.0362E-03
-9.5925E-03
-8.2137E-03
-1.1075E-03
4.7164E-03
2.9235E-03
6.3161E-04
2.6008E-03
-1.7134E-03
-1.8626E-03
-4.4236E-03
-6.0946E-03
-3.2168E-03
3.9652E-03
1.1419E-02
2.9023E-03
-1.1336E-02
-8.8404E-03
8.6033E-04
7.6857E-03
2.4361E-03
6.7077E-04
3.7054E-03
3.0738E-03
1.7934E-03
5.1996E-04
-5.7173E-03
-5.9203E-03
-3.9312E-03
-1.7489E-03
2.0380E-03
-4.3687E-03
1.8231E-03
9.0970E-03
7.4016E-03
2.3124E-03
-5.5436E-03
-1.1165E-02
-9.2203E-03
-3.3187E-03
-3.4845E-03
-3.7922E-03
4.1449E-03
6.0930E-03
1.1181E-02
1.0468E-02
5.9228E-03
3.2192E-03
-5.2749E-03
-6.5154E-03
-4.5359E-03
-5.5928E-03
-1.7429E-03
1.7177E-03
9.6651E-04
1.5961E-03
-1.6367E-03
4.4854E-03
9.0942E-03
4.1890E-03
-4.6690E-03
-5.0187E-03
1.0402E-03
3.6466E-04
-5.4243E-03
-8.2404E-03
1.1804E-03
-2.3695E-03
-2.3819E-03
-2.1184E-03
3.2993E-03
1.3862E-02
1.1541E-02
1.0124E-03
-3.2212E-03
4.8147E-03
5.1279E-03
-3.4879E-04
-6.4615E-03
-6.1607E-03
-3.1185E-04
3.6467E-03
-3.0405E-03
-9.9217E-03
-9.7474E-03
-3.4761E-04
1.7694E-03
-3.4360E-03
-5.7540E-03
1.9120E-03
3.6139E-03
9.3879E-03
1.6583E-02
-1.9793E-04
-1.0013E-02
-4.8881E-03
3.3382E-03
-6.8347E-04
-5.5063E-03
-1.1725E-02
-7.8037E-03
-6.1717E-04
8.6069E-03
4.8344E-03
2.9762E-03
5.1455E-03
5.3978E-03
4.0285E-03
1.5045E-03
2.7418E-03
-3.5762E-03
-9.2271E-03
-5.4002E-04
5.3008E-03
6.1024E-03
3.3441E-03
-1.6370E-03
-4.2999E-03
-3.0135E-03
1.1324E-03
-5.7693E-03
-8.1182E-03
-5.2248E-03
1.2541E-03
5.4880E-03
9.4402E-03
1.6788E-03
-4.8921E-03
-9.4557E-03
-5.8358E-03
-3.4412E-03
1.0882E-03
-1.7227E-04
9.4896E-04
4.6101E-03
6.6775E-03
5.4631E-03
6.0455E-03
8.7938E-03
1.4931E-03
-5.6162E-03
-5.7474E-03
-1.3687E-03
-4.4442E-04
1.7165E-03
2.2161E-03
-1.8739E-03
3.1377E-03
2.8832E-03
-2.0881E-03
-4.2782E-03
-1.1431E-02
-7.2511E-03
1.7596E-03
1.0588E-02
9.0103E-03
4.6770E-03
5.6749E-03
5.8706E-03
4.4146E-03
-4.7074E-03
-1.0054E-02
-3.2378E-03
6.0974E-04
-1.6956E-03
-7.4353E-03
-6.1733E-03
-3.8813E-03
5.4320E-03
1.2881E-02
2.4840E-03
-4.6811E-03
-3.8322E-03
-6.6129E-03
-6.5889E-03
-2.3024E-03
-1.2788E-03
3.3501E-03
-8.4108E-05
4.6225E-04
-1.5682E-03
4.3267E-04
3.3477E-03
-4.3967E-03
-4.8909E-03
-1.0558E-04
1.7297E-03
3.7409E-03
6.4784E-03
9.7736E-03
5.5250E-03
4.1423E-05
-6.4075E-03
-3.7176E-03
1.1328E-03
3.0067E-03
-9.7086E-05
3.5002E-03
1.0614E-02
1.0559E-02
1.8747E-03
-1.0032E-02
-8.3329E-03
-3.1669E-03
-1.9937E-03
3.1568E-03
3.8260E-03
-2.0153E-04
1.7949E-03
3.7537E-03
3.8543E-03
-4.3623E-03
-1.0603E-02
-6.4378E-03
-3.5294E-03
-3.3870E-03
-5.0571E-03
-1.5423E-03
4.9465E-03
4.0779E-05
5.7604E-05
2.9529E-03
2.5498E-03
1.6396E-03
-1.7890E-03
3.2888E-03
8.8947E-03
5.3011E-03
5.1059E-03
5.1256E-04
-5.3466E-03
-5.4507E-03
-4.3360E-03
-3.0124E-03
-2.0728E-04
2.3750E-03
6.5830E-03
-6.2213E-04
-7.5711E-03
-1.0409E-02
-2.9812E-04
1.0054E-02
6.7022E-03
-7.5791E-03
-1.2519E-02
-4.2559E-03
3.0909E-03
3.4978E-03
6.7534E-04
1.0393E-03
7.7151E-03
7.6578E-03
-1.6880E-03
-5.8683E-03
-2.5981E-03
4.1127E-03
3.4959E-03
-2.6136E-03
-9.6109E-03
-6.2143E-03
2.2082E-03
8.8753E-03
3.6757E-03
4.6013E-03
3.4394E-03
-6.7945E-03
-6.9168E-03
-5.8772E-03
-2.3180E-03
4.5838E-03
2.7908E-03
3.5925E-04
3.7768E-03
4.9063E-03
5.6310E-04
-5.2022E-03
-2.1348E-03
-1.8863E-03
-3.7253E-03
-2.1003E-03
-3.9200E-03
-2.6543E-03
9.4451E-03
1.3550E-02
7.9755E-03
3.9968E-03
-2.7406E-03
-3.4953E-03
-3.1429E-04
-3.1814E-03
-1.5270E-03
2.6231E-04
2.5206E-03
9.6603E-03
4.3752E-03
-1.0785E-02
-1.3015E-02
-6.3282E-04
5.2504E-03
-7.1023E-04
-9.6975E-03
-5.6810E-04
7.0420E-03
1.1641E-02
8.2944E-03
1.2924E-03
3.6814E-04
-1.5591E-03
-1.7028E-03
-4.1707E-03
-4.1801E-03
-4.7677E-04
2.9640E-03
1.2881E-03
-3.5714E-03
-3.0401E-06
2.7846E-03
5.6686E-04
-2.2645E-03
-3.4823E-03
-4.1917E-03
-3.3799E-03
-1.7793E-03
1.0677E-03
2.8864E-05
2.8986E-03
4.4516E-03
-1.8711E-04
-7.5737E-04
9.4309E-04
6.3342E-03
7.8826E-03
2.7665E-03
-5.2098E-03
-5.1329E-03
3.7105E-04
3.1357E-03
5.9951E-03
5.7032E-03
2.5170E-04
2.7099E-03
-2.4059E-04
-5.2252E-03
-6.2971E-03
-9.4020E-03
-7.4567E-03
-4.6305E-03
1.0431E-03
1.8804E-03
-1.3801E-03
-4.6767E-03
-2.7802E-03
-2.0797E-03
-7.4748E-03
-1.8568E-03
5.2668E-03
6.0133E-03
1.8495E-03
-7.2724E-03
-8.0804E-03
-5.5921E-03
-4.3247E-03
3.3467E-03
5.6127E-03
3.7429E-04
1.3559E-03
1.3203E-03
3.8573E-03
5.6279E-03
2.9652E-03
-2.3235E-03
-8.7055E-03
-8.0758E-03
-5.5300E-03
4.4784E-05
6.6666E-03
3.1254E-03
3.5144E-03
-6.5541E-04
-1.0503E-03
5.4051E-03
9.3696E-03
4.2041E-03
-1.8888E-03
-2.9412E-03
-3.0508E-03
-8.5760E-03
-6.1049E-03
-1.9610E-03
1.1725E-03
5.0112E-03
5.4303E-03
7.2356E-03
1.3886E-03
-9.9157E-03
-1.4673E-02
-9.1872E-03
-7.2337E-03
-6.7198E-03
-3.7269E-03
-1.8927E-03
-1.0078E-03
7.4289E-03
1.1666E-02
8.8440E-03
5.6996E-03
-1.5609E-03
-1.0111E-02
-1.2096E-02
-1.0567E-02
-7.8921E-03
3.0924E-04
1.1684E-02
1.3387E-02
1.1713E-02
9.9183E-03
3.1336E-03
-1.2177E-03
-7.9172E-04
-3.3146E-04
2.1718E-03
8.2332E-03
4.8347E-03
-2.1313E-04
2.1423E-03
4.5940E-03
5.1867E-03
6.1053E-03
1.5158E-03
-4.7088E-03
-2.4454E-03
-6.5124E-03
-7.4225E-03
7.5005E-04
3.3994E-03
9.8750E-04
6.0363E-03
5.8755E-03
2.3958E-03
-1.1355E-03
-3.4852E-03
-4.8202E-03
-7.7526E-03
-1.4019E-02
-1.0599E-02
3.2477E-03
1.4242E-02
1.7665E-02
1.4677E-02
8.5687E-03
2.1983E-03
-2.5170E-03
-3.4418E-03
-7.8854E-03
-7.7254E-03
1.0062E-03
8.7933E-03
1.3351E-02
1.2263E-02
7.9993E-03
2.9302E-03
-4.5794E-03
-7.9905E-03
-3.8687E-03
-5.3871E-04
-1.8796E-04
-1.2356E-03
5.2224E-03
9.1424E-03
4.4019E-03
-4.6526E-03
-1.8209E-02
-1.4605E-02
-1.0499E-02
-7.0872E-03
-3.8464E-03
7.4900E-04
5.4011E-03
4.6601E-03
2.5699E-03
-3.4951E-04
-3.4136E-03
-3.0196E-03
-3.8926E-03
-6.6525E-03
-8.7985E-03
-6.6873E-03
-4.0013E-03
1.7142E-03
7.2635E-03
2.0882E-03
-3.4990E-03
-4.4558E-03
-7.6394E-03
-6.2828E-03
-7.8432E-03
-3.3395E-03
2.2444E-03
3.5101E-03
7.2543E-03
1.0454E-02
9.5497E-03
8.5619E-03
5.6167E-03
-2.0801E-03
-8.0791E-03
-1.0254E-02
-3.9154E-03
6.6519E-03
1.0093E-02
1.1360E-02
6.9849E-03
2.4383E-03
-1.1212E-04
-1.6233E-03
-4.6389E-03
-6.8657E-03
-5.4881E-03
-1.4350E-04
7.3390E-03
9.9757E-03
6.6084E-03
1.8296E-03
-2.4860E-03
-6.8604E-03
-4.7811E-03
-4.8474E-03
-4.3660E-03
-2.0557E-03
-5.6328E-03
-1.0237E-02
-9.0070E-03
1.3141E-03
1.1765E-02
1.2702E-02
9.0111E-03
1.3588E-03
-5.2647E-03
-1.1303E-02
-7.2385E-03
-5.6187E-04
1.2128E-03
2.7839E-03
8.0806E-04
-5.6375E-04
-3.0489E-03
-5.4173E-03
-5.3689E-03
-5.1191E-03
-5.1063E-03
-2.1307E-03
-2.0898E-03
-4.6647E-03
-2.0852E-03
-8.7312E-04
-1.7047E-03
4.4055E-03
7.4696E-03
5.7954E-03
1.7257E-03
4.0459E-03
3.5393E-03
1.8353E-03
1.5771E-03
-2.0815E-03
-1.9312E-03
-5.6386E-03
-7.3544E-03
-3.1925E-03
6.2055E-03
7.9892E-03
2.6478E-03
2.2057E-03
2.0111E-03
3.8976E-03
6.5124E-03
4.3971E-03
2.0712E-03
6.3402E-03
1.0214E-02
9.0156E-04
-7.9191E-03
-2.6236E-03
-1.0657E-03
-1.8197E-03
-5.7106E-03
-6.7018E-03
-2.3904E-03
2.2966E-03
5.7531E-03
3.3169E-03
-2.2513E-03
1.3673E-03
4.2251E-03
-2.6192E-03
-6.6440E-03
-6.9873E-03
-3.7298E-03
-1.1104E-03
-2.3637E-03
1.2875E-03
5.2081E-03
6.6462E-03
-5.8850E-04
-5.2522E-03
-5.2868E-03
1.5448E-03
9.3898E-03
1.3034E-02
1.2544E-02
1.7171E-03
-3.7765E-03
-4.3872E-03
-6.5378E-03
-4.5944E-03
-2.8553E-03
-1.1923E-03
4.4400E-03
6.9062E-03
5.5990E-03
1.2461E-03
5.3414E-04
-2.2170E-03
-3.7370E-03
-4.1009E-03
-2.3581E-03
-9.2019E-04
3.3254E-03
6.8604E-03
3.1257E-03
2.5723E-03
4.3038E-03
3.8337E-03
-3.3146E-04
-6.2939E-03
-5.8922E-03
-7.9973E-03
-1.1301E-02
-7.8456E-03
4.7562E-05
2.9764E-03
8.3003E-03
1.3652E-02
6.9604E-03
4.3715E-03
1.4187E-04
-1.1098E-03
-2.9721E-03
1.5501E-03
-5.5015E-04
-2.3690E-03
-1.3422E-03
-4.7366E-04
4.3672E-04
1.2497E-03
3.3231E-03
-1.3344E-03
-2.0038E-03
5.5179E-04
3.5373E-03
2.0865E-03
1.5128E-03
3.6696E-03
6.2478E-03
1.5534E-03
-6.1893E-03
-9.6864E-03
-7.7893E-03
-4.7429E-03
-3.5448E-03
-4.3331E-03
-6.8571E-03
-4.3552E-03
2.6777E-03
3.5259E-03
-5.2433E-04
-8.5655E-04
-3.1867E-03
1.8110E-04
5.2727E-03
2.2117E-03
-5.7122E-03
-8.5481E-03
-1.3256E-03
6.6856E-03
8.7443E-03
2.4350E-04
-8.5720E-03
-3.5581E-03
4.9276E-03
9.8926E-03
3.4688E-03
3.2764E-04
-2.2031E-03
-3.7824E-03
-1.9245E-03
2.3346E-04
6.0610E-04
-4.8281E-04
3.7377E-03
1.2857E-03
-2.1762E-03
-1.5198E-03
-1.4777E-03
3.9792E-04
3.0109E-03
7.0123E-04
-3.7789E-03
-4.7141E-03
-2.3552E-03
2.8890E-04
2.1276E-03
-3.8363E-03
-7.0232E-04
3.9209E-03
1.0249E-03
-1.2992E-03
-2.4292E-03
-2.0496E-04
3.3702E-04
-6.0599E-03
-1.0034E-02
-6.4475E-03
3.7138E-03
1.4958E-02
1.0855E-02
3.6765E-03
-9.2050E-03
-7.7734E-03
-8.9241E-05
5.8621E-03
7.5815E-03
2.5641E-03
-6.3392E-03
-2.7718E-03
3.8328E-03
2.5433E-03
1.5400E-03
1.3546E-03
-2.7213E-03
-1.5215E-03
3.5925E-03
3.1920E-03
1.8011E-03
-1.9099E-03
1.4675E-03
-1.6205E-03
-1.3763E-03
-4.9560E-04
4.3293E-03
7.2468E-03
5.2765E-03
3.9235E-03
1.4613E-03
1.7557E-04
-6.7799E-03
-3.6991E-03
-1.0760E-03
-2.6591E-03
-5.7958E-03
-2.2243E-03
3.1512E-03
1.0970E-03
3.8783E-03
2.1509E-03
-1.7770E-03
-1.4441E-03
1.3690E-03
3.3046E-03
-1.9253E-03
-2.2229E-03
-2.5867E-03
-3.3982E-03
-1.5803E-03
3.2936E-03
6.8589E-03
2.7234E-03
-4.8142E-04
-3.2444E-03
-3.0488E-03
-7.2027E-03
-9.5097E-03
-4.9800E-03
-3.0061E-03
-3.1564E-03
3.2424E-03
5.0534E-03
3.0316E-03
-9.0058E-04
-4.4359E-04
7.4400E-04
-5.1554E-03
-7.1817E-03
-5.6777E-03
-7.5773E-04
5.2237E-03
9.9583E-03
1.0837E-02
9.6705E-03
4.1865E-03
3.9899E-03
5.5233E-03
3.2548E-04
-5.4786E-03
-1.0738E-02
-9.8897E-03
-3.1536E-03
4.9661E-03
1.3072E-02
9.2679E-03
-1.6082E-03
-9.0460E-03
-1.1096E-02
-3.9058E-03
3.6173E-03
6.4147E-03
-2.9449E-03
-4.5638E-03
-2.1586E-03
1.6524E-03
2.6608E-03
4.5352E-03
5.1596E-03
4.2506E-03
5.8758E-03
-1.7388E-03
-9.0486E-03
-4.6867E-03
-3.7329E-03
-2.4067E-03
-4.5706E-04
1.8973E-03
2.2971E-03
6.9189E-03
4.4468E-03
-7.1761E-03
-3.0613E-03
-3.0314E-03
-4.5575E-04
1.6975E-03
-3.0247E-04
-1.5668E-04
6.0625E-03
4.0861E-03
-1.8646E-04
-1.5106E-04
2.3989E-04
4.4913E-03
6.2129E-03
1.2678E-03
-2.0338E-03
-3.3840E-03
-3.7174E-03
2.3933E-03
2.9718E-03
2.9755E-04
-8.9966E-03
-8.7108E-03
-3.9045E-03
2.9417E-03
5.1903E-03
1.3102E-03
-3.6314E-03
-3.5889E-03
-6.2370E-04
-2.4517E-05
-1.3040E-03
1.8853E-03
5.6382E-03
2.0980E-03
-3.2599E-03
-8.9231E-03
-4.7655E-03
2.4453E-03
4.0452E-03
1.5292E-03
8.6560E-04
2.7991E-03
6.4484E-03
5.5816E-03
6.8651E-03
3.4258E-05
-5.3516E-03
-3.4440E-03
-3.6201E-03
1.4402E-03
8.3614E-03
6.4530E-03
6.9208E-03
3.7340E-03
1.9888E-03
2.8413E-03
2.0398E-03
2.6798E-03
-2.6638E-03
-5.2907E-03
-5.3809E-03
-5.2878E-03
-4.7842E-03
-1.8398E-03
-3.4582E-04
1.9385E-03
2.9708E-03
1.3128E-03
-2.8134E-03
-5.7774E-03
-3.3756E-03
-4.7955E-03
-2.0434E-03
3.3056E-03
5.2276E-03
6.4299E-05
-3.7805E-03
-5.6995E-03
-3.2995E-03
5.4940E-04
-7.5642E-04
-2.5883E-03
-1.5135E-04
8.9383E-03
9.9018E-03
7.9198E-03
2.8308E-03
-4.4807E-03
-2.9294E-03
3.0040E-03
2.0731E-03
4.9426E-04
-8.4877E-04
-4.3054E-03
-1.1274E-03
1.0996E-03
-2.5920E-03
-1.1963E-03
2.7644E-03
3.7859E-03
-4.9912E-03
-3.1718E-03
1.2990E-03
5.7539E-04
-1.3703E-03
1.6251E-03
9.8017E-04
-4.0855E-03
-6.0999E-03
-5.5586E-03
-8.8293E-05
6.0409E-04
-1.9367E-03
-1.2277E-03
-1.2503E-03
3.1251E-03
3.9537E-03
3.9817E-03
-3.4032E-03
-6.1029E-03
-2.1789E-03
1.3017E-03
3.3541E-03
-1.2834E-03
-2.5237E-03
3.0968E-03
1.0147E-02
8.0653E-03
1.1842E-03
-3.1058E-03
-8.0967E-03
-4.8309E-03
-3.4516E-04
8.0743E-04
3.8400E-03
5.9469E-03
5.2310E-03
3.1834E-03
-2.6419E-03
-5.5471E-03
-8.6325E-03
-9.8815E-03
-4.0364E-03
4.5673E-03
-8.6200E-04
-5.7120E-03
-5.5140E-03
-2.0499E-03
-1.4761E-03
-7.0837E-04
9.6890E-04
-1.0892E-03
6.0769E-04
3.2509E-03
4.4479E-03
7.4495E-03
4.2675E-03
3.9262E-03
2.8716E-03
1.1458E-03
-1.3076E-06
1.1040E-03
2.3226E-03
-6.2221E-03
-1.0103E-02
-8.0472E-03
-1.8325E-04
7.9537E-03
1.1038E-02
1.2579E-02
1.0980E-02
3.3522E-03
-4.3502E-03
-1.3337E-02
-9.1327E-03
-6.5080E-03
2.9766E-03
8.3775E-03
8.9922E-03
5.2306E-03
-3.2420E-03
-8.5093E-03
-5.8766E-03
-6.1694E-04
7.7162E-03
8.8734E-03
4.0796E-03
-5.3871E-04
-5.1218E-03
-2.3286E-03
1.7459E-03
5.5604E-04
-7.4210E-04
-3.7821E-03
-1.8698E-04
3.7190E-03
2.5072E-04
-3.2980E-03
-5.9915E-03
-2.9071E-03
6.2632E-05
1.5908E-03
4.5910E-03
8.1136E-03
1.2232E-03
-4.8141E-03
-8.7943E-03
-4.2186E-03
-4.3601E-03
-9.7308E-03
-3.3234E-03
1.3877E-03
3.0881E-03
7.3351E-03
8.0767E-03
2.5562E-04
-5.0167E-03
-7.0589E-03
-8.2615E-03
-6.7196E-03
9.7511E-04
7.0859E-03
1.1814E-02
6.5043E-03
2.7119E-04
-2.6742E-03
-3.6253E-03
-2.1990E-03
-2.3843E-03
2.9649E-03
6.1452E-03
2.0807E-03
-2.2398E-03
-4.1714E-03
-6.0361E-03
-3.0765E-03
-4.0904E-03
-1.4648E-03
7.2833E-03
1.1042E-02
9.1040E-03
7.8906E-03
-1.1369E-04
-1.2672E-02
-8.1019E-03
2.4196E-03
-1.7563E-03
-8.7011E-03
-7.0687E-03
-2.4517E-05
4.3548E-03
1.9649E-03
-2.8451E-03
-1.4141E-03
2.7678E-03
3.2535E-03
2.7362E-03
9.6399E-04
9.5484E-04
8.3883E-04
3.3398E-04
1.3385E-03
4.1492E-03
3.0119E-03
-2.2059E-03
-2.4999E-03
1.1366E-03
-5.6368E-03
-1.0083E-02
-5.1387E-03
-4.7078E-03
-3.2277E-03
5.4684E-03
4.2241E-03
3.5239E-04
-1.7425E-03
-7.4978E-04
-4.2375E-04
2.6805E-05
-3.4441E-03
-1.1090E-02
-6.3848E-03
4.2420E-03
7.5892E-03
7.8924E-03
1.1644E-03
-3.1363E-03
6.5999E-04
4.5389E-03
5.2930E-03
6.3646E-03
4.0328E-04
3.9002E-03
6.8180E-04
-6.8254E-05
2.4174E-03
-1.1794E-04
-1.9831E-03
-5.2488E-03
-4.8653E-03
-2.2686E-03
2.6213E-03
3.3957E-03
-1.8360E-03
2.9749E-03
1.0304E-02
6.9458E-03
8.7953E-04
-6.2432E-03
2.1130E-03
4.2705E-03
1.1503E-03
-2.6030E-03
-3.2011E-03
-6.2955E-04
3.3163E-03
6.7208E-03
-6.1478E-04
-9.5003E-03
-7.7124E-03
1.7613E-03
3.5422E-03
1.1843E-03
5.6322E-03
1.0939E-02
8.6583E-03
2.0581E-03
-6.6898E-03
-6.8650E-03
-7.3452E-04
-5.3041E-03
-4.4153E-03
-8.9241E-05
7.5511E-04
2.2451E-03
3.7005E-03
-9.6759E-05
-1.3952E-03
-6.9929E-03
-1.6413E-03
8.3598E-03
9.8737E-03
2.7651E-03
-3.5324E-03
-5.1880E-03
-5.5225E-03
-1.9175E-03
6.4759E-03
-3.1921E-04
-3.3320E-03
5.2466E-04
1.7930E-03
1.8685E-03
2.2948E-04
-5.1799E-03
-4.5108E-03
-1.7828E-04
2.1973E-04
1.7672E-03
5.4032E-03
2.6148E-03
8.1820E-04
5.3703E-03
2.5275E-03
-2.6844E-03
-6.7948E-03
-8.9884E-03
-7.6996E-03
-1.2946E-03
7.8185E-04
6.0823E-03
5.2584E-03
1.5877E-03
-2.1763E-03
-6.6471E-03
-9.0198E-03
-8.2797E-03
-6.1435E-03
-2.9453E-03
-1.3370E-04
1.9698E-03
6.3945E-03
9.4770E-03
1.0745E-02
2.2752E-03
-4.7231E-03
-7.5445E-03
-4.4068E-03
4.2284E-03
8.0561E-03
8.1304E-03
1.4628E-04
6.6162E-04
1.6331E-03
2.2794E-03
-4.2908E-03
-2.1678E-03
6.3743E-04
2.4910E-03
-1.9009E-03
-9.5378E-03
-7.4671E-03
-1.9770E-03
-1.7202E-03
-2.2291E-03
-4.8739E-03
-6.7012E-03
-1.0474E-03
1.2065E-02
1.3899E-02
2.1739E-03
-5.3413E-03
-3.1393E-03
-3.0930E-04
-4.8246E-03
-2.4998E-03
-1.7552E-03
4.7528E-03
4.3718E-03
-3.7112E-03
-8.0331E-03
-5.9271E-03
-2.4745E-03
-7.8094E-04
4.5820E-03
7.6738E-03
4.9395E-03
6.7552E-03
1.4036E-03
-4.0113E-03
-3.7488E-03
-3.1949E-03
-4.8929E-03
-7.7667E-03
-2.7576E-03
6.2799E-03
7.7848E-03
7.6144E-03
-1.2572E-03
-1.0263E-02
-9.4616E-03
-3.6928E-03
-2.5007E-04
1.9626E-03
6.3098E-03
6.5222E-03
1.5459E-03
2.7687E-04
-3.4843E-03
-4.6330E-03
1.0840E-03
-1.2118E-03
2.9449E-03
1.1221E-02
5.8898E-03
-3.7157E-04
1.2075E-03
4.5589E-03
5.0874E-03
-3.6482E-03
-1.1825E-02
-7.5536E-03
-2.0986E-03
5.3598E-03
1.0281E-02
7.1351E-03
-6.9773E-04
-3.8296E-03
-2.1010E-03
-3.3163E-03
-3.0841E-03
-4.9033E-05
-4.9598E-03
-3.0526E-03
3.3885E-03
9.3081E-03
4.7652E-03
-5.7452E-03
-9.9262E-03
-4.9334E-04
9.3650E-03
8.2860E-03
5.1988E-03
-1.7596E-03
-6.3237E-03
-7.1014E-03
-1.6054E-03
3.0389E-03
2.7834E-03
-7.8740E-04
4.9376E-03
5.7050E-03
4.5902E-03
4.6831E-03
-3.4321E-03
-5.6127E-03
-1.7174E-03
1.3439E-03
-2.1299E-03
-2.8272E-03
-1.9000E-03
2.9202E-03
2.1906E-03
-3.3753E-03
-8.8839E-03
-5.3227E-03
1.4513E-03
1.5170E-03
1.9890E-03
1.4799E-03
2.2154E-03
1.2412E-03
-1.1399E-03
-1.1775E-04
-2.0406E-03
-2.1226E-03
-1.6916E-04
3.1432E-03
4.3607E-03
5.6705E-03
-4.6701E-03
-4.8791E-03
-1.6690E-03
5.0454E-03
7.0506E-03
1.2422E-03
3.6541E-03
2.7297E-03
-7.0225E-04
-5.6786E-03
-1.3644E-02
-1.0967E-02
-1.6912E-03
1.3880E-02
1.8609E-02
8.3369E-03
-6.0703E-04
-1.4128E-03
-5.6837E-03
-8.2125E-03
-8.4510E-03
-1.3627E-03
-4.6049E-04
5.5355E-04
-2.4407E-03
2.4579E-03
7.7605E-03
5.7929E-03
4.8581E-03
-4.9699E-03
-8.2627E-03
-5.3142E-03
8.3778E-04
-5.2060E-04
-2.6643E-03
-2.0320E-03
1.2568E-03
1.1732E-02
1.0945E-02
5.2560E-03
-3.0142E-03
-4.2263E-03
-2.9904E-03
-1.4210E-03
2.7373E-03
-9.6975E-04
-1.5477E-03
2.6891E-03
-2.0976E-03
-7.2486E-03
-1.8968E-03
1.7591E-03
9.7380E-04
-5.7837E-03
-9.6079E-03
-8.4051E-03
-4.1665E-04
1.1834E-02
6.2237E-03
-4.4914E-04
1.3656E-04
-1.2484E-03
1.1305E-04
-5.5116E-03
-5.5076E-03
-3.6763E-03
-1.7292E-04
-6.7071E-04
7.7507E-03
1.7797E-02
1.3373E-02
5.3609E-03
-1.0815E-03
-6.2140E-03
-1.6410E-03
3.6340E-03
-9.9916E-03
-5.5962E-03
7.6168E-03
5.2355E-03
1.9899E-03
1.6737E-04
-3.8618E-03
-6.4548E-03
-7.8401E-03
-1.0421E-02
-9.8423E-03
-2.4232E-03
3.3054E-03
7.2130E-03
1.1307E-02
7.7168E-03
1.6379E-03
1.1650E-03
-1.9597E-03
-4.6117E-03
-5.9951E-04
3.3996E-03
5.6786E-03
1.1137E-03
-1.1944E-03
-1.3309E-03
2.9595E-03
9.2835E-03
6.1550E-03
-4.8785E-03
-7.8048E-03
-2.1587E-03
-3.9553E-05
3.8185E-03
-2.0558E-03
-1.1607E-02
-6.8056E-03
1.2380E-03
2.8019E-03
2.8147E-03
-2.1594E-03
-3.8013E-03
-1.8014E-03
3.3737E-03
8.1640E-03
6.5189E-03
2.9820E-03
-3.7220E-03
-1.3683E-02
-9.0577E-03
-3.9986E-03
3.8962E-03
1.0058E-02
1.2298E-02
4.6822E-03
-5.2429E-03
-8.7661E-03
-4.7685E-03
-6.1235E-04
1.0201E-03
-2.0008E-03
-3.8641E-03
4.4521E-03
6.8875E-03
2.4324E-04
-2.9250E-04
-1.3436E-03
-3.3776E-03
-2.2929E-03
8.9241E-05
2.3536E-03
-1.6182E-03
-1.1024E-03
-1.9849E-03
-6.0501E-04
4.4348E-03
5.0042E-03
2.3931E-03
1.9306E-03
1.4511E-04
1.2966E-03
-6.9567E-03
-1.0980E-02
-6.3227E-03
1.8501E-03
4.2648E-03
-1.1801E-04
-5.2793E-03
-2.4507E-03
2.3604E-03
7.6257E-03
2.6964E-03
7.0925E-04
4.0763E-04
-6.5954E-03
-5.8385E-03
-2.7202E-03
-1.1242E-03
1.9613E-05
5.9080E-03
6.8961E-03
5.2918E-03
3.1658E-03
-4.7608E-04
-4.4668E-03
-8.7158E-03
-6.5244E-03
9.7321E-04
3.7696E-03
1.0435E-02
1.0193E-02
5.2355E-03
8.6537E-04
-5.7242E-03
-4.6583E-03
-5.6813E-03
-4.8908E-03
2.4383E-03
1.0478E-02
8.2491E-03
-2.4269E-03
-5.0732E-03
-2.6205E-03
1.3174E-03
1.1121E-03
1.0370E-03
1.1344E-03
1.6585E-03
4.8437E-04
-2.9605E-03
-6.0142E-03
-5.0756E-03
-5.1660E-03
-5.1119E-05
4.3381E-03
4.5241E-03
2.0859E-03
2.8872E-03
5.1861E-03
3.8587E-03
2.5592E-03
-2.1006E-03
-6.9990E-03
-4.7195E-03
1.8935E-03
5.5204E-03
3.1100E-03
1.1134E-03
-2.7644E-03
-4.2335E-04
5.8958E-04
3.5490E-04
-2.1334E-03
-3.5187E-03
-6.7869E-03
-7.0077E-03
1.2389E-03
3.2904E-03
4.8276E-03
-7.2827E-04
-5.0165E-03
1.7786E-03
6.4067E-03
6.4195E-03
1.7675E-03
-5.4894E-03
-5.0080E-03
-4.8167E-03
-3.5968E-03
-3.0479E-03
-2.0780E-03
-8.0951E-04
4.0885E-03
2.7864E-03
-2.7789E-03
-9.8916E-04
1.6769E-03
4.3729E-03
5.2081E-03
1.6265E-03
-4.8476E-03
-3.7965E-03
-4.0781E-03
1.5119E-03
-4.2652E-04
-2.4336E-03
3.7004E-04
1.7294E-03
8.1264E-03
1.2316E-02
5.7688E-03
-1.7314E-03
-3.9018E-03
-5.0192E-03
-6.9334E-03
-1.7534E-03
3.9922E-03
3.8390E-03
-5.0744E-03
-6.9735E-03
1.1512E-03
5.8616E-03
1.5055E-03
-4.4737E-03
-6.9122E-03
-3.7677E-03
-1.4952E-03
4.9262E-04
2.2023E-03
3.8136E-03
4.5441E-03
7.4475E-03
2.8595E-03
-6.6566E-03
-9.3490E-03
-1.5093E-03
3.4543E-03
4.3864E-03
4.0322E-03
3.7168E-03
2.8351E-04
-2.0611E-03
-5.7444E-03
-4.1849E-03
1.2340E-03
2.7250E-03
-8.7649E-04
-9.7030E-04
5.1102E-03
7.5514E-03
9.2645E-03
8.3824E-03
-1.2762E-03
-1.0511E-02
-1.1535E-02
-5.3753E-03
2.0202E-04
1.4007E-03
-5.8641E-03
-4.5457E-03
-3.4023E-03
1.6422E-03
6.6988E-03
5.1844E-04
-7.7368E-03
-5.2757E-03
9.4640E-03
8.6230E-03
3.0891E-04
-8.7963E-03
-7.1045E-03
4.3036E-03
8.7584E-03
6.3096E-03
-4.2972E-03
-7.6978E-03
-8.0271E-04
5.8673E-03
8.8708E-03
2.6191E-03
-1.5321E-03
2.7536E-03
2.0443E-03
-8.4222E-03
-5.5816E-03
-2.5906E-03
-1.5507E-03
5.0723E-03
6.8771E-03
4.5545E-04
2.3535E-03
6.7189E-03
8.1825E-03
5.1799E-03
-2.4870E-03
-8.0976E-03
-6.2200E-03
-3.7821E-04
3.3356E-03
3.1489E-03
3.0776E-03
-9.6694E-04
-1.1180E-03
1.7524E-03
2.1867E-03
-1.3988E-03
-3.0966E-03
-2.4716E-03
7.0526E-04
-1.7450E-03
-2.8789E-03
-3.0939E-03
-5.8237E-03
-3.2951E-03
-2.3416E-03
-1.5929E-03
-1.8606E-03
1.2130E-03
3.2774E-03
5.8012E-03
1.5498E-03
-2.2496E-03
9.6926E-04
6.4981E-03
5.5005E-03
-1.8889E-03
-7.1906E-03
-7.0772E-03
-7.2210E-04
5.6677E-03
4.8419E-03
7.1229E-05
-2.6332E-03
-6.5963E-03
-1.3180E-03
4.0411E-03
-2.8537E-03
-6.9447E-03
1.1532E-03
3.5610E-03
3.6013E-03
3.1334E-03
-3.6821E-04
1.3868E-03
2.6559E-03
8.7933E-05
-4.3770E-03
-4.2091E-03
8.5976E-04
5.1375E-03
6.3310E-03
5.0207E-04
-7.0183E-04
1.5094E-03
-2.1202E-03
-4.4334E-03
-2.9504E-03
-7.5258E-03
-6.9440E-03
-4.8888E-03
-1.6837E-03
1.0797E-03
1.9288E-03
4.7031E-03
7.9765E-03
2.1829E-03
-1.2722E-03
-1.3680E-03
-2.9016E-03
-3.0339E-03
-1.7204E-04
1.7750E-03
8.0415E-04
-1.0034E-03
3.2304E-03
5.7983E-03
2.8954E-03
1.2051E-03
-3.1736E-03
-9.8795E-03
-4.4437E-03
-1.6611E-03
-1.2128E-03
6.2207E-04
1.0235E-03
-2.9845E-04
4.9099E-05
9.2464E-03
8.4180E-03
4.3175E-03
-1.1454E-03
-5.0131E-03
-4.4539E-03
4.1242E-04
-2.5807E-03
-5.1100E-03
-2.6919E-03
3.8857E-03
7.2588E-03
8.5140E-03
3.0844E-03
-4.6463E-03
-2.6990E-03
2.1930E-03
-3.2865E-04
-1.4001E-03
-2.3820E-03
-1.3087E-03
1.6727E-03
2.7496E-03
8.2471E-04
3.0519E-03
7.0595E-03
3.7465E-03
-3.4850E-03
-5.2931E-03
-3.4418E-03
3.3810E-03
8.9636E-03
2.0516E-03
-9.4438E-04
-3.4238E-03
1.0179E-03
-1.7390E-03
-1.5305E-03
2.2112E-03
1.2821E-03
1.7639E-03
-2.2261E-03
-1.8819E-03
-8.0709E-04
-2.7093E-03
-1.9371E-03
1.4751E-03
-6.5639E-05
-6.3972E-03
-8.4615E-04
4.0132E-03
4.3630E-03
2.5850E-03
4.3019E-04
-4.3169E-03
-1.1163E-03
-9.7086E-04
-3.5018E-03
-1.0971E-03
2.6472E-03
-1.5706E-04
-1.6902E-03
-1.4727E-03
6.8219E-04
2.3894E-03
7.1033E-04
-2.4073E-03
-3.4597E-03
-4.5797E-04
-1.8266E-03
-2.5462E-03
-5.0285E-04
2.5015E-03
3.6688E-03
1.0391E-03
-3.4180E-03
-4.0462E-03
-1.4566E-03
-2.0630E-03
-2.8860E-03
1.9508E-03
4.3807E-03
4.0796E-04
-1.6894E-03
-4.1188E-04
4.3693E-03
4.3721E-03
5.6061E-03
3.5456E-03
-1.7154E-03
-1.9360E-03
-5.0090E-03
-6.9484E-03
-4.7601E-03
-4.3304E-03
1.0084E-03
4.3012E-03
4.8151E-03
1.0233E-03
-1.5332E-03
-1.1850E-03
-2.0881E-03
-1.1700E-03
-7.3942E-04
-1.0725E-03
-1.5730E-03
-2.3693E-03
-9.1431E-04
2.1169E-03
8.3553E-04
-1.1153E-03
-1.8453E-03
-4.6843E-04
2.6710E-03
1.1415E-03
-2.5950E-03
-5.9154E-04
4.4812E-03
4.8722E-03
6.2861E-04
-4.2961E-03
-1.5451E-03
1.1280E-03
8.6246E-04
4.3259E-04
3.1770E-03
6.0752E-04
-2.6988E-03
-2.5170E-05
1.5857E-03
-1.6040E-03
-1.4141E-03
-4.1018E-04
-1.2029E-05
-1.4009E-03
2.8042E-03
5.9657E-03
2.7622E-03
1.5596E-03
-1.6538E-03
-1.1758E-03
3.5584E-03
2.1185E-03
-1.6936E-03
-2.6350E-03
1.5002E-03
6.2621E-04
-1.9594E-04
1.7738E-03
9.7540E-04
3.5555E-03
-1.3849E-03
-2.7046E-03
-1.9921E-03
1.4130E-03
4.1057E-03
-8.8802E-04
-2.6908E-03
-3.1451E-03
1.8361E-03
2.0169E-03
-3.5215E-03
-3.9553E-03
1.9329E-03
6.0436E-03
2.0625E-03
-8.4429E-04
-4.1480E-03
-3.1760E-03
-1.0613E-03
-5.3051E-04
-1.2037E-03
4.9381E-03
4.3830E-03
1.0282E-03
5.5646E-04
-1.6381E-03
-7.8100E-04
1.5735E-03
1.8831E-03
1.3883E-03
-3.7651E-04
-4.5428E-04
-2.8550E-03
-3.0177E-03
-1.5351E-04
3.8785E-04
3.8219E-03
2.9345E-03
3.9279E-03
2.1117E-03
-2.9551E-04
-3.1424E-03
-1.6068E-03
2.5095E-04
1.1036E-03
2.0839E-03
2.2948E-03
-1.3622E-03
-1.3150E-03
-2.2662E-03
-4.7333E-03
-2.7535E-03
-1.4329E-03
-1.9052E-03
-1.8295E-03
-2.3759E-03
-2.9940E-04
1.2023E-03
4.1765E-03
8.6877E-04
-3.1375E-03
-2.4230E-03
-5.6881E-04
3.8655E-03
3.1328E-03
-2.0316E-04
-2.6061E-03
-2.4890E-03
3.8512E-03
4.6653E-03
1.8218E-03
-3.3122E-03
-5.7727E-03
-1.3968E-03
4.4849E-03
6.2995E-03
6.8455E-04
-3.9837E-03
-5.3965E-03
-3.7807E-03
1.6577E-03
-4.3617E-04
-2.6725E-03
-1.1767E-03
2.4092E-03
2.5123E-03
3.4957E-04
-3.4042E-03
-5.7090E-03
-2.9424E-03
9.4333E-04
6.2814E-03
8.3592E-03
1.5638E-03
-2.6342E-03