7.0010E+03
1.0000E-02
-9.6102E-08
-1.1528E-04
4.4679E-05
-1.1499E-04
4.3478E-05
-1.1628E-04
4.5432E-05
-1.1646E-04
4.5510E-05
-1.1622E-04
4.4406E-05
-1.1419E-04
4.4700E-05
-1.1604E-04
4.6156E-05
-1.1788E-04
4.4680E-05
-1.1652E-04
4.4462E-05
-1.1538E-04
4.5283E-05
-1.1747E-04
4.6355E-05
-1.1581E-04
4.3910E-05
-1.1520E-04
4.4192E-05
-1.1451E-04
4.1775E-05
-1.1403E-04
4.3969E-05
-1.1444E-04
4.2493E-05
-1.1318E-04
4.3048E-05
-1.1570E-04
4.4916E-05
-1.1532E-04
4.3483E-05
-1.1526E-04
4.5845E-05
-1.1602E-04
4.5567E-05
-1.1798E-04
4.7880E-05
-1.1901E-04
4.9337E-05
-1.2163E-04
4.9269E-05
-1.1848E-04
4.9366E-05
-1.2030E-04
4.9777E-05
-1.2159E-04
5.0566E-05
-1.2210E-04
5.0302E-05
-1.2128E-04
4.8732E-05
-1.1889E-04
4.7443E-05
-1.1769E-04
4.6419E-05
-1.1730E-04
4.5047E-05
-1.1572E-04
4.4315E-05
-1.1639E-04
4.2287E-05
-1.1346E-04
4.2878E-05
-1.1421E-04
4.2269E-05
-1.1335E-04
4.1666E-05
-1.1321E-04
4.2881E-05
-1.1679E-04
4.6385E-05
-1.1735E-04
4.5957E-05
-1.1671E-04
4.5765E-05
-1.1888E-04
5.1020E-05
-1.2254E-04
5.1417E-05
-1.2222E-04
5.2342E-05
-1.2370E-04
5.4377E-05
-1.2380E-04
5.1982E-05
-1.2423E-04
5.5237E-05
-1.2599E-04
5.2751E-05
-1.2136E-04
5.0877E-05
-1.2087E-04
4.9495E-05
-1.2071E-04
4.9203E-05
-1.1832E-04
4.5555E-05
-1.1684E-04
4.4172E-05
-1.1254E-04
4.3373E-05
-1.1514E-04
4.3450E-05
-1.1424E-04
4.4019E-05
-1.1490E-04
4.4011E-05
-1.1615E-04
4.4916E-05
-1.1693E-04
4.7504E-05
-1.1861E-04
4.7244E-05
-1.1734E-04
4.6997E-05
-1.2043E-04
5.0517E-05
-1.2225E-04
5.3688E-05
-1.2486E-04
5.3682E-05
-1.2489E-04
5.3939E-05
-1.2600E-04
5.3692E-05
-1.2482E-04
5.5521E-05
-1.2636E-04
5.3228E-05
-1.2451E-04
5.1898E-05
-1.2315E-04
5.4059E-05
-1.2315E-04
4.9980E-05
-1.2164E-04
5.1963E-05
-1.2084E-04
4.9420E-05
-1.1881E-04
4.7468E-05
-1.1947E-04
4.6737E-05
-1.1717E-04
4.6849E-05
-1.1749E-04
4.4934E-05
-1.1730E-04
4.6834E-05
-1.1921E-04
4.9002E-05
-1.2086E-04
5.1088E-05
-1.2278E-04
5.0846E-05
-1.2328E-04
5.3035E-05
-1.2430E-04
5.4006E-05
-1.2471E-04
5.4903E-05
-1.2730E-04
5.2698E-05
-1.2245E-04
5.2727E-05
-1.2478E-04
5.4057E-05
-1.2456E-04
5.3527E-05
-1.2520E-04
4.9346E-05
-1.2295E-04
5.1997E-05
-1.2169E-04
5.2223E-05
-1.2705E-04
4.5045E-05
-1.2929E-04
3.7455E-05
-1.4087E-04
3.9836E-05
-1.4514E-04
-8.9208E-06
-2.0445E-04
-9.8491E-06
-1.3860E-04
9.0377E-05
-2.7870E-05
2.0502E-04
4.4568E-05
1.2969E-04
-1.9881E-04
-1.3184E-04
-2.8912E-04
-2.2065E-06
-8.7933E-05
4.5823E-05
-2.7619E-04
-2.4211E-04
-5.4845E-04
-4.4442E-04
-4.4195E-04
2.1384E-04
5.4100E-04
6.5536E-04
-2.4971E-04
-8.0841E-04
-9.6782E-04
-9.5050E-05
1.9198E-04
1.0379E-04
-6.7347E-04
-6.2951E-04
-2.3482E-04
5.1495E-04
-2.1738E-05
-7.8514E-04
-1.5002E-03
-1.0197E-03
-5.4079E-04
-5.0927E-04
-1.5901E-03
-1.4635E-03
-2.7807E-04
1.5071E-03
1.2155E-03
-4.3493E-04
-1.8313E-03
-6.3231E-04
1.1276E-03
1.4657E-03
8.2441E-05
-3.7425E-04
8.1624E-05
4.1679E-04
-5.7140E-05
-2.0343E-04
-4.0391E-04
7.6260E-05
5.7330E-04
9.8844E-04
-2.1843E-04
-2.4099E-03
-3.4999E-03
1.2490E-04
1.7065E-03
1.4656E-03
-8.0490E-04
-5.6088E-04
1.3045E-03
2.5276E-03
1.5299E-03
-1.9650E-04
-9.0744E-05
8.6831E-04
2.2934E-04
-1.2180E-03
-2.7999E-03
-2.2005E-03
-1.2209E-04
1.8360E-03
1.2407E-03
6.3805E-04
-6.2370E-04
7.3180E-04
3.4130E-03
5.1272E-03
2.0640E-03
-2.2393E-03
-3.0013E-03
-2.6635E-03
-2.0700E-03
-1.1524E-03
1.8966E-04
1.9180E-03
1.5463E-03
2.5479E-04
-1.3359E-03
-3.2741E-03
-2.5306E-03
-1.8214E-04
1.6498E-03
2.8381E-03
3.8583E-03
5.8289E-03
4.5723E-03
1.7073E-03
-3.2713E-03
-5.8386E-03
-4.0157E-03
-1.5817E-03
-4.4414E-04
2.0387E-03
5.4943E-03
3.5343E-03
-2.0642E-03
-2.0960E-03
-3.2572E-03
-2.4886E-03
-3.0876E-03
-4.1825E-03
-4.7396E-03
-1.3826E-03
4.4345E-03
9.1143E-03
9.2391E-03
4.1103E-03
-1.0822E-03
-2.9164E-03
-3.3198E-03
-4.3757E-03
-5.0547E-03
-4.1228E-03
2.6926E-04
7.1941E-03
7.2465E-03
-1.2539E-03
-7.8407E-03
-5.3519E-03
-1.5291E-03
8.6838E-04
-1.5498E-03
-4.7029E-03
-1.8516E-03
6.8040E-03
1.3777E-02
9.5778E-03
-1.4877E-03
-9.1470E-03
-8.4350E-03
2.5013E-04
6.1393E-03
2.8704E-03
-1.8281E-03
-1.9034E-03
-1.4023E-03
4.0058E-03
7.1899E-03
1.9211E-03
-4.0523E-03
-5.3415E-03
-4.9558E-03
-2.7327E-03
-3.8677E-03
-4.0476E-03
-3.9652E-04
4.1314E-03
5.7871E-03
4.3496E-03
-3.7962E-04
-3.6445E-03
-6.8692E-04
4.1732E-03
4.4682E-03
2.9950E-03
-3.6154E-04
-6.0086E-03
-9.6917E-03
-6.1180E-03
4.2797E-03
1.1516E-02
9.3892E-03
-1.6678E-03
-8.9840E-03
-7.6741E-03
-9.0548E-04
5.5323E-03
5.0783E-03
3.1590E-03
-5.2926E-04
1.3311E-03
3.4338E-04
-2.1255E-03
-1.1765E-03
-8.7443E-04
-1.4027E-03
-1.5658E-03
-2.5984E-03
-2.3529E-03
1.3618E-04
2.2173E-03
2.3747E-03
4.4851E-03
-1.3076E-03
-6.8766E-03
-8.9153E-03
-1.4481E-03
8.1997E-03
1.0259E-02
7.8591E-03
-4.5892E-03
-1.5869E-02
-1.0635E-02
-2.5105E-04
1.1893E-02
1.6471E-02
7.4371E-03
7.8653E-04
-2.8985E-03
-5.6492E-03
8.7279E-05
-2.8573E-03
-6.1865E-03
-6.2460E-03
-3.0848E-03
8.0768E-03
9.1686E-03
1.0876E-04
-1.1015E-02
-5.4624E-03
1.9094E-03
5.8166E-03
8.6851E-03
7.5413E-04
-8.1601E-03
4.2014E-03
1.6268E-03
7.8322E-04
-8.3961E-03
-1.3512E-02
-1.0156E-02
1.6485E-03
1.0082E-02
8.1719E-04
-5.4934E-03
1.1028E-03
6.4815E-03
2.2809E-02
1.1353E-03
-1.6994E-02
-1.0480E-02
-7.7646E-03
1.4771E-02
4.1704E-03
-4.0802E-03
-4.8939E-03
-5.5009E-03
1.8718E-02
4.9974E-03
1.7458E-03
-8.4259E-03
-1.5187E-02
6.9006E-04
1.4980E-02
-4.6703E-03
-3.9455E-03
1.0322E-02
5.0083E-03
5.7107E-03
-2.2498E-02
-2.1369E-02
5.6022E-03
6.9428E-03
-5.8134E-03
-1.0951E-03
1.4245E-02
1.4896E-02
3.9220E-03
-1.6322E-02
4.6516E-04
6.5884E-03
-1.3341E-02
-1.2798E-02
1.3653E-02
1.9413E-02
-1.1405E-03
-1.6172E-02
-1.4774E-02
7.2197E-03
5.5276E-03
-7.0693E-03
6.1622E-03
1.4409E-02
8.2638E-03
-3.0695E-04
-1.6916E-02
-9.6203E-03
9.0679E-03
-1.3692E-02
-7.8301E-03
-1.0774E-02
2.8439E-04
3.9147E-02
2.6179E-02
-8.1653E-03
-1.4579E-02
1.6737E-03
-1.9025E-03
-1.6570E-02
-1.2351E-02
1.0264E-03
1.6476E-02
6.2731E-03
1.0480E-03
-6.0670E-03
-5.1648E-04
-1.9927E-02
-8.8950E-03
5.2498E-03
4.1874E-03
2.2626E-02
6.2006E-03
-5.9277E-03
1.2085E-02
9.5190E-03
-9.7511E-03
-4.2290E-02
-2.9058E-02
-5.3767E-03
1.2353E-02
4.1328E-02
1.9178E-02
1.6207E-02
7.9352E-03
-9.3464E-03
-3.3151E-02
-3.4914E-02
1.1217E-02
2.6106E-02
1.0285E-02
9.1630E-03
-9.1931E-03
-2.7818E-02
-7.7708E-03
-4.6908E-03
2.9878E-03
2.8971E-02
2.6535E-02
-5.4590E-03
4.0763E-03
1.0725E-03
-1.5119E-02
-2.2962E-02
4.1123E-03
-1.4109E-02
-2.1970E-02
-3.1708E-03
5.0798E-03
3.2596E-02
2.6159E-02
1.0998E-02
-1.4177E-02
-5.0504E-03
9.6589E-03
-1.2126E-02
-9.3193E-03
-4.2786E-03
-2.4374E-02
1.1572E-03
1.2536E-02
-9.0247E-03
9.7017E-03
2.1885E-02
2.2273E-02
1.4235E-02
-1.0414E-02
-3.2391E-02
-2.0071E-02
-1.3820E-02
8.6331E-04
-4.0400E-03
8.8312E-03
1.5901E-02
1.7307E-02
1.0346E-02
-4.2803E-03
6.6100E-03
1.8610E-02
-2.0457E-02
-3.7651E-02
-1.6027E-02
-4.1548E-03
2.8463E-02
2.8112E-03
-5.5113E-03
1.1974E-02
1.7812E-02
3.1839E-04
-1.0219E-02
-1.6605E-02
-7.7178E-03
-9.2248E-03
-2.9471E-02
-5.6669E-03
1.9208E-02
1.8296E-02
3.2386E-02
2.7982E-03
-2.1096E-02
2.1052E-03
-2.3137E-02
-5.8372E-02
-1.0219E-02
4.4130E-04
3.9677E-02
6.5520E-02
3.5510E-02
-9.5036E-03
-4.9407E-02
-1.7377E-02
4.0325E-02
-3.3745E-02
-3.4319E-02
-3.2555E-02
9.3065E-03
6.1209E-02
2.3479E-02
-3.1453E-02
1.2487E-02
4.2610E-02
-1.6843E-02
-1.2380E-02
-2.5160E-02
4.7510E-03
5.1765E-03
4.4529E-03
-2.8784E-02
7.0543E-03
3.5055E-02
1.6031E-02
-3.1449E-02
-3.2754E-03
2.2987E-02
3.3117E-02
2.0397E-02
-2.7776E-02
-4.3759E-02
-1.1533E-02
1.5766E-02
2.3815E-02
-2.8356E-02
-3.7680E-04
1.0968E-02
9.5687E-03
-2.2504E-02
7.8159E-03
9.3817E-04
-4.7048E-02
-3.3320E-02
5.7931E-02
2.9498E-02
-1.9505E-02
2.8599E-02
-3.3111E-02
-3.9046E-02
1.9188E-02
4.5718E-02
-4.4839E-02
-3.8736E-02
2.6109E-02
1.0171E-01
3.6579E-03
-5.2773E-02
-4.7732E-02
-1.0460E-03
2.3302E-02
3.2884E-02
1.0202E-03
3.2997E-02
-1.8016E-02
-9.2552E-02
4.8007E-04
1.1139E-02
1.2968E-02
4.3495E-02
6.0520E-02
-4.7327E-02
-6.7019E-02
4.4610E-02
3.8951E-02
-5.9664E-02
-7.0474E-02
1.8280E-02
1.1660E-01
4.5124E-02
-8.5632E-02
-2.1496E-02
-2.8341E-03
-8.0699E-03
7.1615E-03
4.1226E-02
-1.0095E-01
-5.8807E-03
7.4790E-02
-1.2047E-02
-8.7606E-04
1.3412E-02
8.4434E-02
-1.4654E-02
-3.5749E-02
-2.1431E-02
1.1309E-02
1.9672E-02
-1.2917E-02
7.0634E-03
-3.0041E-02
5.1362E-02
3.8305E-02
-5.5365E-03
-4.6051E-02
-6.6832E-02
3.8105E-03
3.0508E-02
-2.3922E-02
4.1237E-02
7.1729E-02
3.6717E-02
-2.7459E-03
-2.6936E-02
-4.0495E-02
-4.8955E-03
-8.7573E-03
2.3242E-02
-3.7926E-02
-2.3161E-02
4.7261E-02
-4.1763E-02
3.9292E-03
-2.5569E-02
-1.8273E-03
1.8198E-02
1.8829E-03
2.7697E-02
-1.1987E-02
3.9030E-04
-3.5678E-02
1.3253E-02
9.7012E-02
-5.4584E-02
-4.0907E-02
2.1209E-02
4.5960E-02
1.5488E-02
-2.6788E-02
5.5875E-02
2.5420E-02
-3.6270E-02
-4.9395E-02
-2.3124E-02
2.0267E-04
-4.6764E-02
-1.0755E-03
1.7178E-02
7.8355E-02
2.8050E-02
-2.8283E-02
-1.4762E-02
-1.6871E-02
8.4023E-03
2.6170E-02
1.8883E-02
4.5960E-03
-3.1842E-03
3.6647E-03
-5.7794E-03
-2.3204E-02
-2.4352E-02
7.9205E-03
1.0758E-02
1.5552E-02
-6.7914E-03
-2.4111E-02
7.6361E-03
8.3098E-03
6.9202E-03
-8.1428E-03
6.6979E-03
1.0754E-02
-2.1500E-02
-1.9989E-02
-3.1084E-02
-2.0253E-02
3.9158E-02
4.5661E-02
-8.7475E-03
2.3608E-03
3.0339E-03
-1.5635E-02
2.7168E-02
-6.4430E-03
-6.6178E-02
-3.6424E-02
9.9175E-03
1.6537E-02
1.8809E-02
8.3618E-03
-2.1112E-02
-1.0886E-02
4.1377E-02
2.1192E-02
-6.6633E-03
-1.4491E-02
2.9747E-04
1.5252E-02
3.2537E-02
-1.4936E-02
3.2460E-03
6.9300E-04
-5.0439E-03
5.4001E-02
4.1400E-02
-7.8497E-02
-4.0286E-02
-1.5789E-02
6.4158E-03
2.2511E-02
2.6233E-02
-4.1704E-02
-6.4402E-02
-8.2970E-04
3.2130E-02
8.5275E-02
5.1461E-02
-6.4291E-02
-3.7744E-02
-1.2184E-02
-1.0984E-02
-2.3100E-02
2.2401E-02
2.6913E-02
3.4366E-03
4.0109E-02
-6.6329E-03
-6.6100E-02
-1.6092E-02
3.1905E-02
1.0982E-02
1.5341E-02
8.8476E-03
1.8102E-02
-5.2956E-03
1.1441E-04
-3.5404E-02
-2.9159E-02
4.5771E-02
-6.0213E-03
3.3595E-02
-1.9036E-02
-3.9168E-02
-1.2686E-02
1.5155E-02
1.3077E-03
-1.2075E-02
1.1552E-02
-2.6282E-02
9.9891E-03
2.5631E-02
2.0035E-02
2.6576E-02
-1.9206E-02
-4.4920E-02
4.6091E-03
2.7943E-02
2.0587E-02
1.9710E-02
-1.2741E-02
-1.9164E-02
4.2136E-03
-1.3487E-02
-4.2199E-02
-7.7728E-03
3.1998E-02
2.7381E-02
-2.3515E-02
-1.0158E-03
1.2857E-02
-1.4909E-02
-6.2338E-03
2.8864E-03
-1.5109E-02
-6.3465E-03
2.3625E-02
-3.4716E-03
1.0728E-02
5.8274E-02
4.8347E-03
2.1866E-03
-1.9071E-02
-4.8897E-02
-2.9413E-02
-4.8386E-03
9.4615E-03
1.9058E-02
3.6056E-03
1.1258E-02
4.2062E-02
2.4636E-02
-2.9374E-02
-2.3412E-02
-1.6074E-02
1.9378E-02
-1.1160E-02
3.4977E-03
-1.5357E-02
-3.2453E-03
1.0393E-02
2.1927E-02
2.8783E-02
-3.2967E-02
-2.3667E-02
-2.4698E-02
-7.6619E-03
1.5938E-02
8.3229E-03
-2.2422E-02
-1.2788E-02
5.4970E-02
4.1247E-02
-1.2371E-02
-5.4211E-02
-1.7193E-02
-4.2622E-02
-7.6819E-04
7.4054E-02
3.9315E-02
1.4533E-02
-2.9335E-03
-6.4181E-03
-3.6795E-02
-3.5327E-02
9.5089E-03
1.6186E-02
2.5079E-02
-4.9687E-05
-3.8854E-02
6.0631E-03
5.0909E-02
4.0024E-03
-5.2296E-02
-1.6067E-02
-2.6929E-03
-4.7726E-04
2.3049E-02
5.4067E-03
-1.1258E-03
1.6148E-03
-3.1263E-02
-2.1863E-02
-1.7141E-02
1.7806E-03
1.9224E-02
1.8204E-02
2.6274E-02
4.4062E-02
1.3275E-02
-1.3572E-02
-4.1925E-02
-2.8800E-02
-2.6354E-02
1.1605E-03
3.3016E-04
5.0282E-03
4.2718E-03
2.1346E-03
1.3625E-03
1.0408E-02
2.0421E-03
-5.8872E-03
6.8303E-03
-8.7541E-03
-8.8260E-04
2.2347E-02
2.2162E-02
-6.7414E-03
-2.9092E-02
2.6109E-02
7.7986E-03
-9.9149E-03
3.8959E-03
-1.4242E-02
-1.6937E-02
-2.4823E-02
-6.8287E-03
-6.9562E-03
5.9386E-03
3.6131E-02
2.4736E-02
6.4332E-03
7.8911E-04
-1.7756E-02
-6.7425E-02
-2.5949E-02
2.2367E-02
4.4936E-02
1.4876E-02
3.8589E-03
1.6791E-02
1.1359E-02
2.3373E-02
1.7750E-03
-4.4807E-02
-2.3408E-02
-2.2441E-02
-8.9371E-03
6.3735E-02
4.7452E-02
-1.4745E-02
-4.9625E-02
-2.6596E-02
4.1811E-02
2.5907E-02
1.1473E-02
-3.7745E-02
-2.5500E-02
-8.5122E-03
-4.2004E-03
-1.4452E-02
5.5607E-03
2.3428E-02
-1.6165E-02
5.5234E-03
3.5962E-02
1.2997E-03
-1.3703E-03
-9.9178E-03
-2.5751E-02
-4.8695E-03
-1.5931E-02
7.2961E-03
1.8162E-02
3.1909E-02
5.5574E-03
-3.0049E-02
-7.5348E-03
3.0015E-02
3.5327E-03
-4.5582E-02
-2.5290E-02
1.0329E-02
2.6666E-02
1.9443E-02
1.7511E-03
1.5408E-02
-7.3517E-04
-3.8047E-03
3.7164E-03
-2.5937E-02
-2.2961E-02
-2.6053E-04
9.9701E-03
6.4152E-03
-3.3380E-03
7.2948E-03
8.9103E-03
1.4696E-03
1.1729E-03
-2.9504E-02
-2.2551E-02
2.7273E-02
4.2619E-02
2.1670E-02
-4.5966E-02
-5.6688E-02
-2.7257E-02
4.2411E-02
4.3037E-02
-5.1380E-03
4.4238E-03
1.8885E-02
-3.2427E-03
-1.3431E-02
-7.7760E-03
-3.3650E-02
-1.0778E-02
3.8487E-02
3.2797E-02
2.3693E-02
8.3749E-03
-3.2507E-02
-2.3111E-02
-2.5347E-03
-6.2076E-03
1.2919E-03
-8.8462E-03
1.0095E-02
2.1016E-02
5.3757E-03
-1.0802E-02
-2.3595E-02
1.0547E-02
2.5597E-02
-3.0415E-02
-4.0483E-02
-1.6606E-02
-1.1291E-02
2.7837E-02
6.0625E-02
3.2404E-03
-8.7462E-03
2.8194E-03
1.4513E-02
-9.5370E-03
-2.0552E-02
-2.3788E-02
1.6487E-02
1.9942E-02
-8.8619E-04
-1.7175E-03
2.3863E-03
-1.0856E-02
-3.1299E-02
3.6622E-02
2.2676E-03
-4.7114E-02
1.8453E-02
2.6884E-02
1.3889E-02
1.4088E-02
-1.8567E-02
-2.5085E-02
1.8992E-03
5.8167E-03
-1.7077E-02
-1.8293E-02
1.9867E-02
-1.9143E-03
2.3284E-02
4.0018E-02
-2.2742E-03
-1.8066E-02
-9.9783E-03
-2.0219E-02
2.8854E-03
-1.2477E-02
1.0001E-02
-7.8293E-03
-7.1961E-03
4.6395E-02
4.4280E-02
-1.6405E-02
-3.9944E-02
1.1512E-02
2.5336E-02
-2.6315E-03
-2.4912E-02
-1.5357E-02
4.1167E-02
6.7202E-03
-1.7834E-02
-2.4327E-03
-2.1594E-02
-2.6867E-02
-3.0689E-02
3.8222E-02
2.7987E-02
2.8750E-02
2.5534E-02
-2.3131E-02
-3.7196E-02
5.4058E-03
1.1419E-02
-8.5808E-04
-1.6311E-02
-1.0021E-03
-2.4206E-02
-1.2397E-02
3.0064E-02
3.9867E-02
-3.0728E-04
-1.7227E-03
-2.1569E-02
-2.3654E-03
2.4264E-02
-2.6359E-03
-3.2234E-02
-2.0111E-02
1.9700E-02
6.9205E-03
1.7835E-03
-1.0105E-02
2.9706E-03
6.9970E-03
-1.6116E-03
-1.0753E-02
2.6400E-03
1.0425E-02
1.9267E-02
2.8612E-02
-6.2580E-03
-2.0246E-02
-7.9270E-03
-2.1074E-02
4.8355E-03
1.3659E-02
1.1055E-02
-2.1700E-02
4.1145E-03
2.4037E-02
-5.1485E-03
-2.6980E-02
-5.7431E-03
-1.6066E-02
-7.0359E-03
1.8376E-02
-2.4612E-02
1.7142E-03
3.8908E-02
-1.0398E-03
-1.7730E-03
-1.7868E-02
8.1363E-04
3.1046E-02
-8.3239E-03
-3.2936E-02
-2.1325E-02
3.3537E-02
2.1125E-02
3.0492E-03
-2.5978E-03
-2.1471E-02
-9.4562E-03
-7.8545E-03
3.0938E-02
1.6589E-02
-2.5657E-02
-4.3066E-02
1.6737E-02
5.4397E-02
-2.1513E-02
1.7125E-02
2.3435E-02
-4.3944E-03
-2.3081E-02
-6.0290E-03
-3.7301E-02
-1.8229E-02
3.0897E-02
2.8276E-02
1.1386E-02
-2.3556E-03
-3.7623E-02
-1.8574E-02
2.0321E-02
4.5713E-02
2.5875E-02
-3.1151E-02
-3.6258E-02
-1.4631E-02
8.6850E-03
1.0328E-02
-1.3927E-02
1.5874E-03
1.2712E-02
2.1464E-02
2.5108E-03
-1.6489E-02
-1.0928E-02
1.4476E-02
1.4587E-02
5.7940E-03
-4.4525E-02
-7.1785E-03
1.9595E-02
1.3622E-02
-1.0085E-02
1.6699E-02
8.5691E-03
-1.5197E-02
2.0704E-02
3.1761E-02
-2.9018E-02
-9.1986E-03
3.2115E-03
-3.2790E-02
-1.1249E-02
1.3760E-02
1.2624E-02
1.5740E-03
-2.7504E-03
-2.1740E-02
4.0459E-03
2.9840E-02
1.6312E-04
-4.7072E-03
-1.2716E-02
-2.2252E-02
7.9310E-03
2.6768E-02
-1.0529E-02
-2.7910E-02
-2.4827E-02
2.2096E-02
5.9920E-02
1.7142E-02
-5.4000E-02
-1.9815E-02
-2.3983E-02
1.6116E-03
-2.5759E-03
1.9846E-02
1.5205E-02
3.2130E-03
4.2457E-02
3.4355E-02
-2.6265E-02
-3.6070E-02
-1.6511E-02
-6.5835E-03
-7.1301E-03
5.2388E-02
1.1905E-02
-1.2623E-02
8.2909E-03
6.8333E-03
-3.0853E-02
-1.3521E-02
-7.2085E-03
-2.8721E-02
-7.6688E-03
1.9940E-02
4.1495E-03
-2.1604E-03
2.6948E-02
5.9471E-03
5.5640E-03
-8.1833E-03
-3.4232E-02
-1.7625E-02
1.2242E-02
1.5679E-02
3.9034E-02
1.7737E-02
-1.1327E-02
-1.8128E-02
3.9942E-03
-8.0490E-03
8.8819E-03
2.2585E-03
-1.6852E-02
-1.3229E-02
7.0902E-04
-7.9754E-04
-5.9925E-03
-1.0022E-02
2.2232E-03
2.4680E-03
4.0227E-03
4.3428E-03
8.8767E-03
5.8284E-04
-2.5442E-02
-3.7056E-03
3.1790E-02
8.8695E-03
-9.4203E-03
8.5962E-03
-7.6989E-03
-4.2956E-03
-1.4586E-03
1.7243E-03
2.1412E-02
1.0088E-02
-1.4427E-02
-1.6110E-02
4.6448E-03
2.4789E-02
1.5791E-02
-5.3937E-03
-1.2951E-02
-3.0894E-03
-3.8403E-03
-2.3474E-03
7.0078E-03
-1.8502E-02
-1.1140E-02
1.5939E-02
1.1282E-02
-5.4786E-04
-2.1560E-02
-2.3081E-02
9.8001E-04
1.3509E-02
1.5163E-02
1.7599E-02
-2.5973E-02
-3.1404E-02
1.4914E-02
-4.9641E-03
1.2917E-02
3.0954E-02
-2.3762E-03
-7.3845E-03
-3.3155E-02
-1.6428E-02
4.5890E-02
4.2511E-02
-1.1706E-02
-2.5280E-02
-1.4275E-03
-5.5048E-03
-1.1817E-02
7.5215E-03
4.9962E-03
-2.0268E-02
-1.9770E-02
2.2457E-03
1.6421E-02
1.9851E-02
5.6068E-03
-8.8472E-03
8.9080E-03
2.1482E-02
1.2988E-02
-1.9753E-02
-2.3542E-02
-1.7802E-03
-1.1711E-02
-2.0456E-02
1.2308E-02
1.3045E-02
7.1834E-03
-1.1497E-02
-1.3298E-02
1.8187E-03
5.8419E-03
2.6118E-03
2.4166E-02
3.1781E-02
1.4307E-02
-1.2194E-02
-2.7562E-02
-1.2916E-02
1.3004E-02
1.4132E-02
-1.2915E-02
-4.8085E-03
-9.7622E-03
-1.7269E-02
-1.1349E-02
1.3608E-02
2.6345E-02
1.3706E-02
1.9503E-02
-3.5235E-03
-2.9474E-02
-1.5914E-02
7.4958E-03
-1.9194E-02
-1.9959E-02
-1.4936E-02
6.4397E-05
5.0153E-02
3.7643E-02
5.0233E-03
5.0019E-03
-7.6704E-03
-3.7725E-02
-3.3192E-02
-7.5740E-04
1.5308E-02
1.5804E-02
1.0878E-02
1.3138E-02
-6.2406E-03
-7.2095E-03
-1.4301E-02
-2.2841E-02
6.4042E-03
1.8415E-02
8.4643E-03
2.6913E-03
-1.3154E-03
-1.4795E-02
2.4131E-03
2.3326E-02
2.4546E-03
-1.0271E-02
-1.1536E-02
-1.1268E-03
1.5776E-03
-3.5221E-03
1.9038E-03
-4.3149E-03
-4.5653E-03
6.1116E-03
1.2216E-02
8.6593E-04
1.4595E-02
4.4726E-03
-3.6932E-03
-7.4393E-03
1.3507E-03
-2.4059E-04
-2.1451E-02
-1.3244E-02
-3.9179E-03
1.6928E-03
6.8401E-03
1.5795E-03
6.7185E-04
9.0744E-03
2.3581E-02
1.8360E-02
-2.0237E-02
-3.8453E-02
-1.8262E-02
8.6567E-03
2.0482E-02
1.2133E-02
-8.1621E-03
-1.2172E-02
8.4129E-03
5.4023E-03
2.3199E-03
1.4197E-03
-5.2910E-03
-3.5386E-04
-1.2355E-02
4.2495E-03
1.8574E-02
4.1525E-03
-2.2147E-03
2.2669E-03
8.6688E-04
1.1465E-02
3.5894E-03
-1.2675E-02
-1.3842E-02
-7.0739E-04
1.3843E-02
1.5330E-02
2.4067E-02
-8.9479E-03
-3.2940E-02
-2.1274E-02
-1.1746E-02
-1.0677E-02
-1.3646E-03
1.4780E-02
2.3575E-02
2.3187E-02
9.9008E-03
-1.2965E-02
-2.5168E-02
-1.1700E-02
-3.4121E-03
1.0405E-02
2.3347E-02
2.4595E-03
-2.5795E-03
-1.0737E-02
-1.1904E-02
2.0888E-04
-4.2093E-03
1.1907E-02
7.4926E-03
4.6462E-03
-1.0857E-03
-5.6879E-03
8.9077E-04
4.1492E-03
-4.4241E-03
-1.1688E-02
7.9865E-03
8.0566E-03
-1.2474E-03
1.0965E-03
-7.5158E-03
-1.9625E-02
-1.4596E-03
8.5834E-03
-1.9025E-03
-3.3686E-03
1.0338E-02
1.1686E-02
1.3761E-02
7.2719E-03
-1.9388E-02
-1.8733E-02
-9.4163E-03
-5.8719E-03
2.9704E-03
3.4356E-03
1.3081E-02
2.0037E-02
1.0686E-03
-1.3073E-02
-5.4491E-03
3.1708E-04
2.5514E-03
5.0389E-03
-1.0924E-02
-3.4804E-03
1.1394E-02
1.7250E-03
-1.0398E-02
4.6212E-03
2.9345E-03
1.3040E-03
1.2406E-02
1.5313E-02
-9.5578E-03
-1.9452E-02
-1.0657E-02
4.1417E-04
9.3931E-03
1.3763E-02
2.0083E-03
-6.7752E-03
2.4922E-03
-3.4980E-03
-1.3473E-02
-7.9820E-03
-5.0177E-03
1.4667E-03
1.9095E-02
1.9551E-02
-6.4023E-03
-1.5218E-02
-1.1357E-02
-3.5239E-03
2.2691E-02
1.8045E-02
-1.0783E-02
-9.7926E-03
3.1767E-03
-6.4005E-03
-2.7215E-03
4.2329E-03
-2.4709E-03
-6.4819E-03
8.8488E-03
1.4746E-03
-7.4651E-03
1.8139E-03
-6.8130E-04
-8.2608E-03
4.8646E-03
1.0853E-04
4.1394E-03
1.1673E-02
-2.9355E-03
-8.0637E-03
-2.6520E-03
4.7500E-03
9.3634E-03
1.1133E-02
-4.7556E-03
-8.5311E-03
1.3559E-03
2.7746E-03
-7.4021E-03
-8.0120E-04
1.3277E-02
6.7720E-03
-5.4203E-03
-9.5236E-03
-1.5974E-02
-7.2978E-03
1.0748E-02
7.1046E-03
1.0447E-03
4.6549E-04
-2.9332E-03
-1.8543E-03
-9.9479E-04
-3.6628E-03
-1.0361E-02
-3.4336E-03
9.2179E-03
1.3909E-02
2.2205E-02
5.1034E-03
-7.2847E-03
-1.5014E-02
-2.2490E-02
-6.7123E-03
6.2298E-03
3.8527E-03
-2.9959E-03
-1.0410E-03
6.4462E-04
5.7898E-03
1.0604E-02
5.9788E-03
-4.9236E-03
3.4345E-03
1.7047E-02
8.0802E-04
-1.1209E-02
-9.2583E-03
-1.3032E-02
9.5582E-04
1.5837E-02
1.5108E-02
3.0839E-03
-4.9187E-03
-1.4692E-02
-2.6928E-02
-2.0919E-02
-4.4457E-05
1.4046E-02
1.1816E-02
2.2012E-02
1.1023E-02
-1.2230E-02
-5.5372E-03
1.0794E-03
-9.3677E-03
-1.2222E-02
3.8188E-03
1.0873E-02
3.2579E-03
1.8759E-03
1.0151E-02
2.4288E-04
8.0994E-03
6.0635E-03
-1.0267E-02
-2.1709E-02
-1.8578E-02
-9.2107E-03
1.4023E-02
2.8032E-02
1.3833E-02
-6.2066E-03
-1.4718E-02
-6.2759E-03
6.6040E-03
7.8233E-03
-6.1913E-04
-7.6747E-03
3.5490E-03
7.3068E-03
-2.2000E-05
-3.5467E-03
-9.6007E-04
1.7168E-03
1.8122E-03
-2.0754E-03
-7.5701E-03
-8.1532E-03
-5.2423E-03
-2.2233E-03
9.9135E-03
1.7253E-02
5.8101E-03
-1.1100E-02
-1.7914E-02
-1.4955E-02
-8.8756E-03
2.2399E-03
1.3704E-02
1.0459E-02
1.1013E-02
8.4962E-03
5.1256E-04
-1.4216E-03
-1.1175E-03
-1.2296E-02
-7.7103E-03
1.2928E-03
5.6074E-03
7.7227E-03
1.8600E-03
-2.0999E-03
5.6682E-04
8.7978E-03
-2.8603E-03
-1.5160E-02
-1.5405E-02
-3.7930E-03
5.4756E-03
1.3112E-02
1.5622E-02
1.2906E-02
2.3673E-03
-9.6215E-03
-1.9546E-02
-1.5323E-02
-1.5975E-03
2.7838E-03
8.1882E-03
2.1990E-03
-3.1957E-03
-6.2608E-03
6.3991E-03
1.8735E-02
1.5742E-02
-3.0100E-03
-2.3562E-02
-1.6482E-02
9.7902E-04
1.1549E-02
5.3380E-03
4.3895E-03
1.8107E-03
-3.4163E-03
1.0067E-02
5.2590E-03
-1.0535E-02
-1.7158E-02
-8.3170E-03
-6.4135E-04
1.0445E-02
1.4118E-02
3.7592E-06
-1.2558E-02
-4.7196E-03
1.1657E-03
1.6038E-02
9.0172E-03
-8.8233E-03
-4.8125E-03
1.2029E-03
1.1253E-02
1.0856E-03
-1.2051E-02
-1.5203E-02
-6.4583E-03
5.7726E-03
1.1737E-02
-2.9665E-03
-1.0160E-02
1.2128E-04
3.1075E-03
4.6334E-03
-5.6356E-04
-7.6695E-03
-6.6816E-03
-3.4855E-03
-2.8493E-03
-2.9411E-03
8.6926E-03
1.4891E-02
1.1960E-02
2.1166E-03
-3.9508E-03
3.5362E-03
3.6317E-03
8.0872E-04
6.1307E-03
-3.0640E-03
-1.0710E-02
-2.9642E-03
1.8541E-03
-1.1663E-03
7.9310E-03
8.8087E-04
-8.2655E-03
-8.8737E-03
-6.8610E-03
3.2833E-03
5.4182E-03
9.6371E-03
1.4458E-03
-1.4001E-03
-5.9461E-04
-6.5345E-03
-6.4551E-03
-5.5143E-03
9.6880E-03
1.6188E-02
6.7387E-03
-3.1368E-03
-1.8727E-03
-5.1506E-03
3.9447E-03
2.3487E-03
-1.3211E-02
-6.0748E-03
9.5098E-03
1.6485E-03
-3.4211E-03
4.2401E-03
-5.4614E-03
-7.9567E-03
2.0051E-03
7.9862E-03
7.8434E-03
1.0651E-02
-1.6132E-03
-9.9681E-03
-8.3516E-03
1.1611E-03
-6.3416E-04
1.1503E-03
-3.9536E-03
-2.6625E-03
2.0859E-03
4.6578E-03
-3.5631E-03
-4.6134E-03
3.8030E-03
8.3801E-03
3.5147E-03
-2.3546E-03
-8.4893E-03
-3.2088E-03
3.9076E-04
-3.3027E-03
1.6570E-03
7.3988E-03
8.7681E-03
2.4316E-03
-5.4399E-03
-3.0694E-03
-5.9295E-03
1.2829E-03
4.9850E-03
-3.5130E-03
-1.0006E-02
-3.6252E-04
-3.9473E-03
-1.3641E-03
4.5078E-04
7.1203E-03
9.4808E-03
1.2583E-02
4.2243E-03
-1.2023E-03
-2.9711E-03
-1.1530E-02
-1.1755E-02
-7.4151E-03
5.9334E-03
1.7853E-02
9.2105E-03
-3.6245E-03
-6.1422E-04
7.5537E-03
1.9221E-02
9.8343E-03
-7.9633E-03
-2.3342E-02
-2.4841E-02
2.2765E-04
1.6477E-02
5.0916E-03
5.0733E-04
1.0130E-03
-1.1650E-03
-6.2341E-03
-1.3649E-02
-1.0127E-02
-1.5615E-03
1.2303E-02
1.1356E-02
8.1778E-04
5.8418E-03
4.0732E-03
-2.8276E-03
-3.6853E-03
-6.1672E-03
-5.8232E-03
-2.8237E-03
-2.8402E-03
3.9001E-03
2.5850E-03
3.8357E-03
9.4886E-03
7.9312E-03
8.0725E-03
-3.4725E-03
-8.1327E-03
-1.2078E-02
-7.9963E-03
6.9987E-04
1.1101E-02
3.2372E-03
1.8440E-03
1.9364E-03
2.9439E-03
4.3533E-03
6.8798E-03
-1.9147E-03
-6.6060E-03
-4.5346E-03
-2.4264E-03
-5.1223E-04
4.0789E-03
-1.6205E-03
8.5365E-04
6.8894E-03
-1.8638E-03
-4.9189E-03
-6.2357E-03
-5.3972E-03
4.9612E-03
3.3585E-03
-1.7774E-03
5.1563E-04
-5.7207E-03
-8.5465E-03
2.9387E-04
1.3713E-03
9.2467E-03
-1.5552E-03
-9.0362E-03
-1.5815E-03
8.4622E-03
3.9284E-03
-1.6998E-05
6.8973E-05
-1.8348E-03
9.6399E-04
7.6484E-03
-1.6874E-03
-1.1710E-02
-6.5950E-03
2.0735E-03
1.0143E-02
6.0631E-03
2.2091E-03
-3.1885E-03
-1.1260E-02
-9.3832E-03
1.0813E-03
1.8191E-03
9.2317E-03
1.2964E-02
-2.7004E-03
-7.5904E-03
-5.3500E-04
3.5000E-03
-2.2441E-04
3.5696E-04
-1.4109E-03
1.2160E-03
2.3698E-03
1.0521E-02
1.7515E-03
-9.1686E-03
-4.0328E-03
8.4305E-04
1.7502E-03
2.8766E-03
7.3442E-03
1.1263E-02
8.1196E-03
-9.8427E-03
-1.9671E-02
-6.0723E-03
4.5833E-03
2.7985E-03
-1.7270E-03
-7.2601E-03
-2.0262E-02
-5.2629E-03
8.1703E-03
1.4602E-02
1.5551E-02
1.2867E-02
6.5152E-03
-4.4885E-03
-2.6254E-02
-2.0440E-02
8.9316E-03
1.9348E-02
1.0893E-02
1.6998E-05
-3.0083E-03
3.0321E-03
4.2293E-03
-3.9120E-03
-5.8764E-03
-7.9028E-03
-8.5993E-03
1.0408E-03
-1.5782E-03
5.3423E-03
8.0016E-03
1.9774E-03
2.8565E-03
-1.9407E-03
-4.2764E-03
-3.4189E-03
3.0918E-03
3.7187E-04
2.6519E-03
7.8747E-03
-3.9976E-03
-1.2327E-02
-6.4844E-03
5.0733E-04
1.2058E-02
1.7257E-02
1.3710E-03
-3.9126E-03
-1.0550E-02
9.0385E-04
1.1167E-02
6.0579E-03
-6.4204E-03
-8.4618E-03
-5.1861E-03
5.7532E-04
4.2320E-03
-2.2732E-03
-3.6056E-03
9.4628E-03
6.7744E-03
-1.4962E-03
-7.0467E-03
-7.3984E-03
-1.1018E-02
-6.3131E-03
7.8071E-03
1.5868E-02
5.4136E-03
6.9738E-03
-1.0290E-03
-1.7647E-02
-7.4995E-03
5.7699E-03
-7.4034E-03
-7.5684E-03
3.8991E-03
1.5997E-03
6.9480E-03
1.6013E-02
-2.0895E-03
-5.4849E-03
6.6718E-03
6.6398E-03
-4.3156E-03
-6.0049E-04
-5.1469E-04
-5.5396E-03
-2.2477E-03
-3.3558E-03
-5.2662E-03
3.9984E-03
5.0236E-03
-9.5559E-04
-2.6403E-03
-8.8166E-03
3.8397E-03
1.2057E-02
2.2794E-03
-8.8057E-03
-2.4657E-03
6.5845E-03
7.3472E-03
8.9309E-03
-9.2117E-04
-1.1952E-02
-5.2619E-03
3.9972E-03
6.1749E-04
-4.5456E-03
-5.3174E-03
7.5823E-03
3.9328E-03
4.8527E-04
4.6336E-03
-2.2425E-03
-1.0381E-02
-5.7189E-03
3.6350E-03
6.3583E-03
1.3602E-02
-3.7347E-03
-1.4835E-02
-6.8812E-03
1.0092E-02
-3.8612E-03
-2.1842E-03
4.5127E-03
8.0058E-03
5.9379E-03
5.1094E-03
2.6315E-03
-9.4860E-03
-9.8838E-03
-4.8373E-03
2.8124E-03
9.8376E-03
-4.3365E-03
-1.3008E-02
9.6196E-03
5.2303E-03
-4.4631E-03
-5.9654E-03
-9.9917E-03
8.6743E-03
1.6876E-02
1.6732E-02
-9.1493E-03
-1.4557E-02
-6.2850E-03
-2.4913E-03
8.0817E-03
-2.0076E-03
-4.4785E-03
-3.7455E-03
7.0276E-03
8.2481E-03
5.1146E-03
-7.5369E-03
-6.8257E-03
7.5079E-03
1.0015E-02
-1.3818E-03
-1.1832E-02
-9.7034E-03
-2.0288E-03
-4.4107E-03
-2.1960E-03
-5.0413E-03
1.3905E-02
1.5613E-02
-2.8224E-03
-8.4332E-03
-4.2107E-03
3.1206E-03
9.6001E-03
1.5424E-02
-4.4941E-04
-9.1222E-03
-3.2681E-03
-5.0565E-03
-4.2960E-03
1.0127E-02
3.4899E-03
-1.2259E-02
-9.2692E-03
3.9576E-03
5.4435E-03
-2.9031E-03
-1.6979E-03
-3.9001E-03
1.4213E-03
1.1736E-02
1.2966E-02
1.2816E-02
7.8067E-03
-9.2588E-03
-2.3654E-02
-1.2121E-02
6.0860E-04
1.5839E-02
1.1569E-02
-5.5342E-03
-1.8858E-02
-7.4570E-04
6.6224E-03
4.8978E-03
2.9469E-03
-5.3476E-03
-3.2899E-03
-1.2001E-03
2.1307E-03
-2.5588E-03
-2.3958E-03
-9.3771E-03
1.2395E-02
6.6314E-03
7.0117E-03
-2.0841E-03
-6.0255E-03
5.1794E-03
-1.8748E-03
3.9114E-03
-3.1747E-03
-6.7380E-03
1.5080E-02
1.2759E-02
-1.4134E-02
-1.1584E-02
1.0923E-03
1.4608E-02
9.9621E-03
-2.3287E-03
-1.2578E-02
-4.8820E-03
1.3155E-02
7.8158E-03
6.8551E-03
-7.1979E-03
-1.7013E-02
-1.4720E-02
6.2027E-03
2.8200E-02
3.9513E-03
-1.3955E-02
-1.8087E-02
-5.5640E-03
-5.8840E-04
9.2801E-03
1.8280E-03
-1.0235E-02
-1.5878E-02
2.8750E-03
1.9942E-02
1.6144E-02
3.8597E-03
-5.9919E-04
1.7989E-03
2.1653E-03
2.8603E-04
-8.1516E-03
-4.3133E-03
-1.1980E-03
-4.9631E-03
-3.8276E-03
-3.2725E-03
5.6840E-03
2.1182E-04
1.5472E-02
1.5641E-02
7.0739E-04
-1.0450E-02
7.1295E-03
5.3195E-03
-5.1992E-03
-1.6116E-02
-2.4774E-02
-1.4318E-04
1.5169E-02
-6.0589E-03
-2.7540E-03
1.6665E-03
1.1785E-02
6.3907E-03
-8.6262E-03
-2.5208E-02
2.6034E-03
1.4227E-02
1.8232E-02
5.1093E-04
-8.7635E-03
6.0321E-03
-1.8929E-03
-1.1710E-02
1.4892E-02
2.3153E-02
-1.2340E-02
-1.3416E-02
1.7874E-03
-1.5562E-02
-2.4484E-03
1.7784E-02
3.5235E-03
2.9467E-03
2.9521E-03
-1.8877E-03
5.2041E-04
-8.3477E-03
-7.8594E-03
5.2531E-03
7.7495E-04
2.7361E-04
9.2477E-04
5.8444E-03
5.1065E-03
1.1825E-02
-7.8067E-03
-3.5065E-03
5.9811E-03
-4.6644E-03
-1.0751E-03
-7.4789E-03
-1.0663E-02
-7.4158E-03
1.3566E-02
9.7190E-03
-1.5736E-02
-3.2221E-03
-6.9627E-05
-1.6489E-02
-5.1279E-03
1.5265E-02
1.8919E-02
2.1599E-02
-5.1295E-04
-7.4655E-03
3.1054E-04
-1.5371E-02
-1.1323E-02
-5.9806E-03
-7.0346E-04
1.6621E-02
9.1657E-03
-2.5709E-02
-8.2425E-03
3.1342E-03
7.9189E-03
1.7887E-02
3.0186E-02
1.1477E-02
-1.1522E-02
-1.8839E-02
-2.5106E-02
3.0209E-03
4.5885E-03
-6.2922E-03
1.2183E-02
9.1954E-03
1.1274E-02
-1.5956E-02
-1.2572E-02
-1.0787E-02
1.6642E-02
1.8519E-02
-8.3837E-03
-1.7547E-02
-1.7129E-04
1.6095E-02
-1.1946E-02
-1.0901E-02
1.1985E-02
5.2877E-03
-1.0760E-02
5.0233E-03
-5.1776E-03
-3.2391E-03
-7.8522E-04
-7.4093E-03
-4.8654E-03
2.0699E-02
2.2267E-02
-2.1697E-02
-1.1425E-02
2.5240E-02
7.0906E-03
-2.3011E-02
-9.0337E-03
-8.5939E-04
3.7582E-03
9.6710E-03
-8.5936E-03
-1.0687E-02
1.7168E-03
-5.0504E-03
-1.2319E-02
-6.8329E-03
-8.6791E-03
-3.0636E-03
3.0734E-02
2.9484E-02
6.7557E-03
-1.1276E-02
-8.8018E-03
-2.1548E-03
2.0489E-02
2.2075E-02
-1.1746E-02
-3.7327E-02
-1.6302E-02
6.3665E-03
1.1894E-02
5.4525E-03
-1.5491E-02
-1.6380E-02
-2.1902E-04
1.4034E-02
2.2227E-02
1.0418E-02
-2.6503E-02
-1.0406E-02
1.3666E-02
3.1345E-03
-4.9752E-03
6.6296E-03
7.2752E-03
1.2160E-03
-4.5397E-03
-9.1738E-03
-1.5587E-02
-1.4533E-02
2.8505E-03
1.8045E-02
7.6623E-03
-1.9038E-03
-8.6694E-03
-7.5698E-03
1.5343E-02
1.4422E-02
-9.7838E-05
-2.1016E-02
-5.1746E-04
1.6179E-02
8.0207E-03
-5.4362E-03
4.3774E-03
1.4154E-04
5.0344E-03
-1.5931E-02
-2.0216E-02
1.7001E-03
2.3634E-04
4.1629E-03
-9.0924E-03
4.6601E-03
1.7438E-02
1.1398E-02
1.5701E-02
-2.2751E-03
-1.4568E-02
1.3174E-04
-9.1410E-03
-1.2841E-02
-1.2775E-02
-2.6069E-03
-1.7194E-03
-2.4307E-03
2.5963E-02
9.2316E-03
-2.8220E-03
-3.2249E-03
-3.5271E-03
-1.8798E-02
-6.3210E-03
3.2859E-03
5.0851E-03
1.8022E-02
1.0980E-02
-5.1472E-03
-1.3504E-03
-2.5530E-04
-2.8468E-02
-1.5484E-02
5.1387E-03
9.8397E-03
1.7847E-02
1.1802E-02
-8.2278E-04
-1.1564E-02
-9.9668E-04
-8.3056E-03
2.9605E-03
2.6873E-02
-5.8186E-05
-1.7405E-02
-2.0702E-02
-7.9140E-03
2.7566E-03
4.4647E-03
7.0668E-03
-2.2409E-03
8.9852E-03
7.2530E-03
-1.5133E-02
-2.7603E-02
-4.5791E-03
5.7493E-03
9.6502E-03
9.8381E-03
2.9554E-03
1.7439E-03
4.4849E-03
9.2441E-03
6.6724E-03
-3.5196E-03
-8.5004E-03
1.2647E-03
-1.0493E-04
-1.9842E-02
-1.4235E-02
5.2517E-03
2.9251E-02
1.5064E-02
-3.7422E-03
-1.8395E-02
-1.4807E-02
2.1166E-03
-4.9366E-03
7.4602E-03
-2.9662E-03
-7.8730E-03
2.0681E-03
2.2832E-02
-1.0959E-02
-1.1084E-02
2.6963E-03
3.6043E-03
1.2438E-02
2.6007E-03
-3.3303E-03
-7.1337E-03
-1.2251E-02
5.0537E-04
2.3664E-02
-2.3405E-03
-2.1165E-02
-6.4688E-03
-1.5913E-02
-4.6565E-03
2.0726E-02
1.2418E-02
-1.1712E-03
-3.1064E-03
-5.9229E-03
-1.8489E-02
-1.7289E-03
1.6916E-03
2.1002E-02
3.5837E-04
-1.2191E-02
-9.4647E-03
-4.3999E-03
1.6145E-02
6.3923E-03
-2.2815E-02
-8.1395E-04
7.5599E-03
1.5363E-02
2.9453E-04
-5.5558E-03
-2.6194E-02
-3.2411E-03
2.6120E-02
1.8539E-02
2.0267E-02
-2.8796E-03
-2.3752E-02
-1.2270E-02
8.1255E-03
-6.5162E-03
-2.2889E-03
-6.0952E-03
-1.0477E-03
-1.2869E-02
-1.8041E-03
1.4030E-03
2.0466E-03
-1.6746E-02
7.4799E-03
2.8236E-02
6.2410E-03
1.5775E-02
4.9739E-03
-2.2177E-02
-9.2714E-03
-7.0948E-03
-7.0346E-03
3.4902E-03
1.7567E-03
9.9109E-03
-2.8635E-03
-5.2841E-03
1.8417E-03
8.4501E-03
4.8945E-03
-1.4614E-02
-1.4224E-02
-1.9900E-02
-3.9227E-04
3.3286E-02
3.3999E-02
-7.3455E-03
-8.1346E-03
-1.4301E-03
-4.6369E-03
4.0602E-03
1.4310E-02
-1.6799E-02
-2.2224E-02
1.4930E-02
1.0024E-02
1.0292E-02
2.9863E-02
-1.1013E-02
-2.3953E-02
-1.0540E-02
-1.5408E-02
-1.5237E-02
1.1143E-02
-2.0457E-03
-2.8887E-02
9.1071E-03
4.9250E-02
4.6188E-02
2.1267E-02
-1.2687E-02
-3.3973E-02
-3.2004E-02
-8.4291E-03
6.7221E-03
1.2715E-02
2.9377E-03
1.4677E-03
-7.0306E-03
-4.9074E-03
-6.0699E-03
3.4641E-03
7.8453E-06
-1.6004E-04
1.1119E-02
1.8224E-03
3.5140E-04
1.2755E-02
1.5863E-02
-4.8876E-03
-4.8281E-03
-4.6833E-03
-5.5430E-03
2.8995E-04
-2.1478E-02
-2.2102E-02
-5.7281E-03
1.1605E-02
1.9784E-02
5.6254E-03
-5.6918E-03
8.4242E-03
9.6883E-03
-2.5517E-03
8.4479E-03
8.5259E-03
-1.0267E-02
-6.5767E-03
8.4403E-04
-4.3528E-03
-4.5441E-03
7.1863E-03
7.3426E-03
7.5577E-03
6.8287E-03
-2.7903E-03
-2.9561E-03
2.6710E-03
3.1260E-03
6.0667E-03
4.5303E-03
-9.2310E-03
-6.4724E-03
-3.2983E-04
-4.7412E-03
7.2350E-03
-2.0594E-03
-1.4148E-02
-1.9866E-02
9.0883E-03
1.4422E-02
4.3836E-03
-1.0639E-02
-1.0222E-02
-1.0539E-03
5.4924E-03
4.6032E-03
-1.2539E-02
-4.0923E-03
9.9025E-03
1.8163E-02
6.1537E-03
-5.4299E-03
-1.6306E-02
-8.4066E-03
1.8870E-02
5.5872E-03
-6.3508E-03
-1.5583E-02
-5.7934E-03
-3.8053E-03
1.0103E-02
1.3034E-02
9.7200E-03
6.2557E-03
9.7962E-03
-5.5636E-04
-1.8669E-02
1.3288E-03
1.2338E-02
-7.1693E-03
-3.4912E-03
-3.1326E-03
-2.3572E-03
5.7003E-03
1.5701E-02
5.5204E-03
-1.4359E-02
-1.8142E-03
1.6037E-03
-3.6357E-03
-9.8867E-03
-1.3579E-02
-6.6950E-03
1.1383E-02
1.7985E-02
9.2035E-03
-3.5961E-03
-1.4316E-02
-1.3609E-02
-2.2882E-06
7.1215E-03
-4.2410E-03
-8.4968E-03
3.6118E-03
9.6700E-03
-3.1172E-03
-1.7296E-03
1.4341E-02
2.7229E-02
-2.6396E-03
-7.7705E-03
-1.1644E-02
-2.3957E-02
-7.2060E-03
6.5804E-03
5.0671E-03
1.6246E-02
2.3980E-02
-8.4066E-03
-2.6788E-03
1.7706E-02
-5.2345E-03
-1.1743E-02
-6.9227E-03
-1.1873E-02
-7.5367E-03
1.0557E-02
7.2517E-03
5.6918E-03
1.2294E-03
-7.9377E-03
-1.6933E-02
-4.6680E-04
8.1817E-03
2.2899E-03
8.2951E-03
6.6908E-03
-7.9771E-03
-1.0356E-02
-1.3416E-02
-1.6757E-02
-1.0432E-02
-4.4032E-04
1.4454E-02
2.1685E-02
1.9989E-02
5.8941E-03
-9.1391E-03
-1.8102E-02
-1.3559E-03
-6.8614E-03
-2.9691E-03
1.2739E-02
6.0300E-03
2.2794E-03
-5.6277E-03
-1.9123E-03
5.5927E-03
3.0263E-03
2.3035E-03
1.2722E-02
-1.7263E-03
-1.2341E-02
-1.7507E-03
-4.9491E-04
-4.4767E-03
-2.5327E-03
1.5299E-02
1.3125E-02
-5.6723E-03
-1.6579E-02
-9.1673E-04
1.5111E-02
5.4515E-03
-9.4681E-03
-1.2006E-02
9.3518E-03
1.2225E-02
-3.2833E-03
-1.3271E-02
1.7194E-03
1.8691E-02
9.0499E-03
-9.8176E-03
-9.9150E-03
3.9338E-03
1.9984E-02
-8.1068E-04
-2.0973E-02
-6.4802E-03
-5.6091E-03
-4.9724E-03
2.2629E-03
7.4021E-03
3.8517E-03
-3.9431E-03
-1.7106E-02
-6.9162E-03
7.8412E-03
2.6661E-03
3.2820E-03
1.0835E-02
1.9809E-03
6.2335E-03
2.0885E-03
-6.1478E-03
-7.2066E-03
-5.3512E-03
-1.3687E-03
2.8776E-03
1.0847E-02
-1.3497E-03
-2.0798E-02
-3.2055E-03
1.6952E-02
2.0888E-02
1.2474E-02
4.8004E-03
-1.7876E-02
-3.1373E-02
-1.7820E-02
7.9434E-05
7.7221E-03
1.6946E-02
1.1063E-02
-4.4377E-03
-1.9930E-03
7.2841E-03
-5.9363E-03
-1.1230E-02
4.1054E-03
-5.9520E-03
-9.3294E-03
6.5744E-03
1.9698E-02
1.3634E-02
6.0540E-04
-1.7261E-02
-1.8872E-02
-6.5312E-03
4.6161E-03
-1.6661E-03
-4.4065E-04
1.7889E-02
9.9091E-03
-2.7916E-03
-1.2557E-02
-1.3450E-02
2.1689E-03
1.5178E-02
8.0568E-03
-8.8070E-03
1.0761E-03
1.2268E-02
9.9165E-03
2.0408E-03
-1.3784E-02
-1.6485E-02
1.0041E-02
-3.1577E-04
-1.1282E-02
-1.2413E-02
-7.6534E-03
8.4599E-04
3.2679E-03
7.2213E-03
-5.3852E-03
5.0717E-03
9.1705E-03
1.1196E-03
-6.2233E-03
-8.1722E-05
3.0420E-03
2.0295E-02
8.3419E-03
3.8887E-03
-1.4654E-03
-8.7191E-03
-9.9064E-03
-9.3294E-03
-9.5269E-03
2.2081E-03
8.2131E-03
4.1940E-03
9.1117E-03
3.1862E-03
5.5656E-03
-4.8579E-03
-1.2775E-02
-1.8378E-03
-4.2822E-05
2.2336E-03
-7.8855E-03
-5.1050E-03
-1.3896E-03
2.2709E-03
9.2428E-03
-4.1515E-04
-4.1237E-03
-7.7571E-04
-1.0836E-03
8.5834E-03
1.5040E-03
3.3150E-03
-3.0714E-03
5.5951E-03
9.7926E-03
3.9341E-03
-2.2000E-03
4.2335E-03
2.0921E-05
-3.7050E-03
-4.9409E-03
-8.7985E-03
-4.0384E-03
2.2771E-03
-2.9822E-03
-4.4264E-03
5.2104E-03
1.4726E-02
1.6952E-03
-6.5593E-03
-8.8744E-03
-8.8832E-03
5.8039E-03
6.7483E-03
5.1675E-03
3.8811E-03
-8.4635E-03
-7.5086E-04
8.9985E-03
8.9151E-03
9.2942E-03
4.4998E-03
-6.2365E-03
-2.4290E-03
-7.7517E-03
-1.4538E-02
1.2749E-05
7.5027E-03
-1.8152E-03
8.7129E-03
1.3439E-02
-7.1249E-03
-7.7918E-03
2.0663E-03
-4.9818E-04
-7.8077E-03
4.7431E-04
-5.1236E-03
6.9732E-03
1.2880E-02
-3.9537E-03
-1.2722E-02
1.6165E-03
1.6161E-02
1.2252E-02
7.0879E-03
3.5023E-03
-3.2538E-03
1.5196E-02
4.1449E-03
-2.2028E-02
-2.0513E-02
-2.7491E-02
-2.7579E-02
4.7216E-03
3.2889E-02
1.1539E-02
-8.2016E-04
-2.4006E-04
-1.4036E-02
-5.8670E-03
2.0900E-02
1.0490E-03
-1.4656E-02
-5.8729E-03
5.2485E-03
1.8431E-02
2.3934E-02
-1.2938E-03
-2.0818E-02
-1.3685E-02
8.6861E-03
5.9007E-03
2.7674E-03
-2.4732E-03
-5.3132E-03
4.7124E-03
1.9999E-03
-1.2308E-02
-1.8669E-02
-1.7815E-03
1.1480E-02
7.3654E-03
-2.8560E-03
2.7634E-03
1.0732E-02
-2.2709E-03
-3.2061E-03
2.0071E-03
-2.9722E-03
-7.7832E-04
5.6238E-03
-5.9458E-03
-1.6116E-02
8.9027E-03
1.4230E-02
1.9744E-05
-1.3778E-02
-1.6052E-02
-2.1209E-02
-4.2790E-04
2.9505E-02
1.4997E-02
3.6249E-03
1.2308E-02
-2.4922E-03
-6.4070E-04
-2.8302E-03
-1.0528E-02
-9.8880E-03
-8.0287E-03
-7.7516E-03
1.1485E-02
1.8098E-02
9.4516E-03
3.1577E-04
-1.7118E-02
-1.9208E-03
3.4346E-03
-2.7171E-04
-1.0534E-02
-1.1700E-02
1.7447E-02
2.0738E-02
-8.5096E-03
-1.2541E-02
-2.4111E-03
-1.1197E-02
3.2679E-03
1.6715E-02
-5.1746E-04
-1.6683E-02
-3.6088E-04
1.8960E-02
2.1640E-02
1.2621E-02
-1.7466E-02
-3.5764E-02
-1.5803E-02
-1.8211E-03
4.1819E-03
1.5527E-02
1.8724E-02
1.7761E-02
1.4334E-03
-4.0572E-03
-6.9672E-03
-5.3581E-03
-2.5089E-03
-9.4098E-03
-1.2383E-02
-6.9398E-03
5.3482E-03
5.5303E-03
1.2424E-02
7.3131E-03
-1.1119E-02
-1.2418E-03
5.2439E-03
3.6301E-03
-2.0816E-03
-4.7187E-03
2.4974E-04
8.6058E-03
-1.6580E-04
-1.9968E-02
-1.3364E-02
8.8342E-03
1.0765E-02
1.8623E-03
8.4010E-04
-5.8775E-04
-1.9483E-03
-9.8971E-03
-2.2147E-02
-1.1900E-02
7.1657E-03
2.7505E-02
2.9824E-02
1.5475E-03
-1.5908E-02
-3.4398E-03
1.2040E-02
-3.0309E-03
-1.3340E-03
-4.2482E-03
-7.5877E-03
1.7265E-02
-2.7818E-03
-1.0148E-02
-8.9404E-04
1.3461E-02
3.8040E-03
5.4809E-03
5.2590E-03
-4.6316E-03
-1.3798E-02
-1.5512E-02
-1.1525E-02
-1.3772E-03
8.6730E-03
1.7408E-02
9.3699E-03
-4.8641E-04
1.5825E-03
-1.1455E-02
-1.6195E-02
6.7179E-03
2.1159E-03
1.4276E-03
-8.2677E-03
-1.0103E-02
-8.2981E-03
-8.5553E-03
4.5624E-03
2.6043E-03
4.6490E-03
1.6803E-02
2.0433E-02
-1.8855E-03
-1.5058E-02
-9.6344E-03
-1.1088E-03
7.8816E-03
3.8122E-03
1.1210E-02
1.9248E-02
3.8393E-03
-1.1228E-02
-3.3454E-03
-8.7817E-03
-1.0165E-02
3.0142E-03
1.3236E-03
-4.2051E-03
1.2413E-02
5.6797E-03
-9.8825E-03
-4.1914E-03
-7.1589E-04
8.6380E-03
5.9989E-03
-1.6495E-03
-1.5131E-02
-6.7215E-03
-1.8159E-03
-3.6327E-03
4.7559E-03
-1.9031E-03
-4.8968E-04
3.6138E-03
1.1610E-02
1.7874E-03
9.2996E-03
9.3278E-03
4.9873E-03
-7.9882E-03
-2.0746E-02
-2.3765E-02
-6.4466E-03
1.0971E-02
3.6455E-03
1.1904E-02
2.0332E-03
-6.8480E-03
1.7651E-02
1.5633E-02
4.3476E-03
-1.0402E-02
-2.2154E-02
-1.1378E-02
1.8871E-02
8.2160E-03
-6.6071E-03
-1.3518E-02
-9.1503E-03
1.3957E-02
1.3466E-02
2.1241E-02
7.2863E-04
-1.6039E-02
-1.5887E-02
-5.3634E-03
-1.0071E-02
-7.6515E-03
7.1713E-03
5.5538E-03
4.6758E-03
8.0804E-03
1.1096E-02
-7.1425E-04
-4.8379E-05
1.2471E-03
-3.0793E-03
-5.0910E-03
-5.3861E-03
6.0582E-03
1.4338E-03
6.8401E-03
5.6986E-03
-4.8600E-03
2.9279E-03
6.7086E-03
-8.6613E-03
-1.5678E-02
-1.2179E-02
-1.2673E-02
-4.4454E-03
1.5966E-02
1.4144E-02
1.3435E-04
1.5367E-03
1.4580E-02
9.3692E-03
-5.1688E-03
-2.5367E-03
-1.8296E-02
-1.0691E-02
3.6773E-03
2.2120E-03
4.3316E-03
2.5024E-02
1.8210E-02
1.0997E-03
-5.1158E-04
-1.9152E-02
-2.5615E-02
-6.4090E-03
1.0797E-03
-7.2125E-03
3.3637E-03
1.1912E-02
9.1316E-03
1.3581E-02
9.0731E-03
-5.0883E-03
-1.1288E-02
-1.2312E-02
-7.6264E-03
-5.6624E-03
1.4651E-03
1.3002E-02
1.6832E-02
-5.8820E-03
9.2542E-04
-2.7246E-03
-1.7367E-02
-9.2062E-03
1.5655E-03
-3.7099E-03
2.2882E-06
1.9953E-02
1.7286E-02
8.2310E-03
-3.1257E-03
-7.2242E-03
-1.3281E-02
-4.7410E-03
-9.9636E-04
-6.8222E-04
1.1012E-02
7.5675E-03
1.9241E-03
1.2993E-03
-4.3744E-03
-1.1238E-03
6.1922E-03
8.9607E-03
-2.2418E-03
-2.1270E-02
-1.5893E-02
9.2558E-03
1.6479E-02
1.0278E-02
-2.3961E-04
-1.4939E-02
-9.0623E-03
-3.9550E-03
-3.5570E-03
8.4804E-03
1.3157E-02
-1.2698E-03
-1.8351E-02
-2.0695E-03
1.0359E-02
1.0513E-02
8.5050E-03
-7.6349E-03
-9.1608E-03
-1.8688E-03
-6.6689E-03
-5.8417E-03
-5.9193E-03
3.0724E-03
4.1878E-03
-2.5628E-03
4.4457E-04
8.7027E-03
1.9950E-03
-3.2035E-03
4.4378E-03
-1.3694E-02
-1.6766E-02
6.1460E-03
8.4567E-03
3.3454E-03
1.3559E-03
8.5973E-03
-3.6481E-03
5.3034E-03
5.6542E-03
-1.6693E-02
-7.9241E-03
5.6297E-03
-1.8911E-03
-9.1305E-03
2.3431E-03
1.0809E-02
1.3093E-02
2.2775E-03
6.7028E-03
-8.8521E-04
-2.7764E-03
7.4316E-03
-1.7603E-03
-1.8917E-02
-2.9647E-02
-2.9685E-03
1.6684E-02
2.4856E-02
1.5515E-02
-3.6680E-03
-5.8238E-03
-2.4847E-03
1.2510E-02
3.5546E-03
-1.0097E-02
-7.9971E-03
-9.0695E-03
-1.6745E-02
7.1742E-03
2.7310E-02
5.3417E-03
3.7357E-03
-3.0084E-03
-1.8005E-02
-1.3499E-02
-1.1958E-03
-7.4400E-04
-7.0739E-04
-9.1277E-03
-8.2941E-03
3.1622E-03
1.3439E-02
1.8284E-02
1.3651E-03
-5.6042E-03
-1.3239E-04
-6.7143E-03
-4.2744E-03
2.9796E-03
-6.3979E-03
-1.1559E-03
3.5765E-03
4.4640E-03
1.3104E-02
7.4050E-03
-4.8527E-03
-1.7664E-03
5.8284E-05
-4.8093E-03
-6.3155E-04
2.5013E-03
-1.2304E-03
2.7615E-03
-4.2822E-03
-8.2834E-03
1.0722E-04
2.9002E-03
-2.1310E-03
-3.7203E-03
-8.3817E-03
-7.9852E-03
5.9301E-03
1.2735E-02
-4.9439E-03
6.7640E-03
2.0038E-02
1.0314E-02
5.8618E-03
-9.6759E-04
-1.6259E-02
-1.3441E-02
-6.3305E-03
-1.0209E-03
6.0183E-03
1.5373E-02
1.3571E-02
1.3286E-02
2.0113E-03
-2.0454E-02
-2.0291E-02
-1.3969E-02
4.0537E-03
6.0332E-03
1.2948E-02
4.4990E-03
9.4474E-03
1.3769E-02
6.5589E-03
-1.0793E-02
-1.8802E-02
-2.1698E-03
3.1727E-03
8.8436E-03
1.6598E-03
-5.0493E-03
-1.2841E-02
-7.4900E-03
1.7502E-03
4.2267E-04
1.4383E-04
7.4792E-03
9.3928E-03
1.0801E-02
4.4336E-03
-9.7674E-03
-1.1961E-02
-5.8500E-03
6.7143E-04
1.2538E-02
3.6448E-04
-1.6797E-02
-1.5471E-02
-1.1525E-02
8.8623E-03
1.6638E-02
1.9760E-03
-2.4567E-03
4.9599E-03
1.2822E-02
7.6207E-03
4.2718E-03
-2.3255E-03
-1.1981E-02
-7.5446E-04
1.2513E-02
1.1387E-02
-4.7363E-03
-9.8887E-03
-1.4050E-02
-1.5086E-02
1.7704E-03
1.7152E-02
8.0656E-03
1.5553E-03
-7.5374E-03
-1.1470E-02
-7.7244E-03
-3.2366E-03
7.7492E-04
1.4984E-02
1.1750E-02
-2.4583E-03
-8.1822E-03
-3.3669E-05
-3.8736E-04
4.9468E-04
-4.6474E-03
-1.6021E-02
-1.3924E-02
2.1509E-03
1.9996E-02
1.2313E-02
1.0526E-02
3.9305E-03
-5.8284E-03
-6.4001E-03
-4.2100E-03
-9.1313E-03
-1.1889E-02
-1.4708E-03
4.3819E-03
1.1297E-02
9.4971E-03
-2.8317E-03
-9.5512E-03
-4.8013E-03
-1.6825E-03
2.0333E-03
7.5511E-05
-3.3045E-03
-2.1267E-03
9.1561E-04
-5.6839E-03
-1.6955E-03
4.0269E-03
6.5692E-03
6.0923E-03
1.4755E-02
1.4346E-02
-4.7968E-03
-1.6713E-02
-1.4755E-02
-1.1791E-02
-1.9913E-03
1.2647E-02
7.2435E-03
2.1983E-03
1.3845E-03
3.6494E-03
-2.3438E-04
-1.2019E-02
-9.0300E-03
-7.0601E-03
8.6593E-04
1.4217E-02
1.3214E-02
7.4874E-03
4.7098E-03
-7.3713E-04
-2.9649E-03
-9.8354E-03
-1.2018E-02
1.8338E-04
1.8641E-02
1.2931E-02
-7.4250E-03
-1.9043E-02
-7.3027E-03
1.3652E-02
1.1625E-02
-8.3298E-03
-1.8209E-02
-1.2813E-02
-2.5589E-03
1.8763E-04
-6.3122E-04
-9.4177E-03
-4.9432E-03
9.6752E-03
1.1205E-02
1.7358E-04
-8.6161E-03
-1.5972E-03
1.1075E-02
1.5176E-02
1.0221E-02
-6.8605E-03
-1.3788E-02
-3.8174E-03
8.7492E-03
1.4403E-03
-6.2459E-03
-9.1329E-03
6.4135E-03
2.0990E-02
1.3297E-02
-4.3751E-03
-9.5141E-03
7.8388E-04
3.8400E-03
-1.4403E-03
-9.4734E-03
-4.5598E-03
-3.0639E-03
-7.5034E-03
-4.8291E-03
9.4007E-03
1.3353E-02
1.7226E-02
2.0819E-02
1.5789E-03
-2.2288E-02
-2.0294E-02
-5.2946E-03
2.3127E-03
1.2683E-02
9.5886E-03
2.4760E-03
3.7494E-03
-8.4149E-03
-4.3345E-03
4.1871E-03
-5.5257E-03
-8.9701E-03
1.6805E-03
4.3957E-03
2.7642E-03
1.3236E-03
-6.3828E-03
-1.0145E-02
3.4892E-03
1.1993E-02
3.4039E-03
7.3936E-03
-1.2840E-03
-5.9317E-03
6.9251E-03
8.5981E-03
-8.6625E-05
-1.2547E-02
-1.3224E-02
5.8745E-03
1.0134E-02
1.7694E-03
-4.6786E-03
-1.3165E-02
-4.3662E-03
3.9929E-03
2.7389E-03
-3.9573E-03
-3.9227E-06
-2.4605E-03
-2.3176E-03
6.0557E-03
2.1964E-03
-9.3634E-03
-8.0684E-03
2.4909E-03
1.1475E-02
1.5959E-02
1.3232E-03
-8.0509E-03
-4.4724E-03
-2.1917E-03
-4.0273E-04
-4.0613E-03
-2.6328E-03
7.2788E-03
1.3264E-02
5.0570E-03
-5.6441E-03
-9.6931E-03
-6.2632E-03
7.3597E-03
1.1380E-02
6.8636E-03
1.7858E-03
-3.4863E-03
-3.9524E-03
5.2606E-03
-2.7181E-03
-1.3194E-02
-1.7122E-03
8.2737E-03
9.9270E-03
5.3587E-03
-8.0071E-03
-1.4177E-02
-1.2017E-02
-3.7367E-03
7.6132E-04
-1.0419E-03
2.2850E-03
1.6768E-03
7.2690E-03
1.0505E-02
8.9567E-05
-4.1096E-03
-3.0491E-03
-1.7995E-03
-4.5503E-04
4.1711E-04
-1.7374E-03
-5.0906E-03
3.7669E-03
7.1486E-03
1.1765E-03
1.0111E-03
5.4143E-03
5.4861E-03
1.7776E-03
-9.8400E-03
-1.9581E-02
-1.6052E-02
-5.7396E-03
8.4627E-03
1.9790E-02
8.5749E-03
-1.7456E-03
-4.2538E-03
-1.3345E-03
3.6889E-03
-1.7064E-04
-3.8952E-03
-3.9161E-03
-8.7041E-03
-5.8333E-03
4.1601E-03
1.4239E-03
-1.1338E-03
2.7906E-03
7.4684E-03
7.9623E-03
5.8579E-03
-1.0479E-04
-5.6356E-03
-3.3459E-03
5.7575E-03
6.9967E-03
-3.3802E-03
-1.4951E-02
-2.5010E-03
4.7108E-03
8.8786E-03
9.2549E-03
-2.4624E-03
-1.0744E-02
-4.7742E-03
-3.3212E-04
1.0700E-03
1.3565E-03
-5.2211E-03
-1.4201E-02
-5.8329E-03
1.1749E-02
2.1136E-02
1.1061E-02
-5.3623E-03
-8.0677E-03
3.6666E-03
4.5677E-03
-5.1544E-03
-8.6451E-03
-3.8558E-03
6.0430E-03
1.1879E-02
-7.6067E-04
-1.8190E-02
-1.2308E-02
6.1286E-03
8.5900E-03
7.9195E-04
-3.6602E-03
-8.6933E-03
-6.4080E-03
-1.9554E-03
-4.6922E-03
-4.5902E-03
5.4674E-03
7.2974E-03
2.9673E-03
6.1721E-03
4.0948E-03
-5.8036E-03
3.4291E-04
-3.4431E-03
-6.0957E-03
4.8902E-03
1.5021E-03
7.7332E-03
1.0953E-02
1.2719E-03
-7.6420E-03
-7.0543E-04
4.4929E-03
-1.1201E-03
-3.9468E-03
-4.0044E-03
-6.3318E-04
-5.8062E-03
-3.6128E-03
1.7387E-03
4.1812E-03
7.6959E-03
6.8488E-03
-2.6252E-03
-5.4039E-03
-7.2673E-03
-6.6192E-03
-5.3600E-04
2.2634E-03
8.0480E-04
2.9665E-03
-1.5504E-03
-4.5323E-03
2.9511E-03
7.3943E-03
5.1034E-03
-2.6462E-03
-9.8708E-03
-6.6844E-03
6.7012E-03
1.4799E-02
1.0083E-02
-2.8606E-03
-1.1829E-02
-1.1825E-02
-6.3915E-03
-3.7118E-04
8.2235E-03
6.1773E-03
-5.3883E-03
-1.4063E-03
-8.6625E-05
3.8955E-03
9.0787E-03
-1.3533E-04
-8.1245E-03
-3.1999E-03
-6.2338E-04
1.1817E-03
4.5760E-03
4.1513E-03
2.5311E-03
3.5902E-03
5.4524E-03
-1.5414E-03
-4.6680E-03
-4.7624E-03
-3.6902E-03
-7.5972E-03
-1.9994E-03
2.9014E-03
5.7478E-03
1.2203E-02
3.7023E-03
-7.1530E-03
-1.1247E-02
-7.3160E-03
1.3497E-03
1.4159E-03
5.3894E-03
9.0812E-03
2.7119E-03
-3.3539E-04
4.0197E-03
-4.2757E-03
-7.4488E-03
-7.5662E-03
-5.1826E-03
1.8568E-04
9.5200E-03
4.9891E-03
2.4569E-03
4.2655E-03
2.2473E-03
2.0600E-03
3.4457E-03
4.6967E-03
-6.5397E-03
-7.1182E-03
-7.7244E-03
-2.6968E-03
5.3586E-03
9.7086E-03
-3.9129E-05
2.5465E-04
3.4029E-04
2.6888E-03
1.0033E-02
7.2988E-03
6.7548E-04
-1.1641E-02
-1.0466E-02
-4.7428E-03
-7.4106E-04
1.5985E-03
7.0183E-04
-4.4196E-03
-8.6730E-03
-5.2054E-03
5.3192E-03
8.0329E-03
-2.8160E-03
-4.8716E-03
5.4239E-03
6.3579E-03
-2.4582E-03
-5.5890E-03
-2.9936E-03
-1.9548E-03
2.1532E-03
3.7037E-03
4.7968E-03
3.1953E-03
7.0637E-03
-2.3548E-03
-6.0339E-03
-5.8634E-03
-6.0326E-03
8.2441E-04
7.8237E-03
6.1365E-03
3.5059E-03
-3.7050E-03
-9.1939E-03
-6.3586E-03
1.0389E-03
1.2352E-02
1.2616E-02
6.3703E-03
-4.7643E-03
-8.0137E-03
9.1202E-05
5.0151E-03
3.5451E-03
-5.2692E-03
-7.1422E-03
-1.1057E-02
-4.8798E-03
1.4684E-03
6.4439E-03
1.3641E-02
8.2349E-03
-8.1778E-04
-3.1640E-03
-9.0914E-04
-6.8970E-03
-8.0343E-03
-3.9557E-03
1.3556E-04
6.3233E-03
1.1946E-02
3.7197E-03
-3.8069E-03
-4.1521E-03
-2.2739E-03
-2.5752E-03
6.3776E-04
3.5706E-03
-4.0501E-04
-7.3799E-03
-8.1394E-03
-1.7007E-03
6.3825E-03
8.7309E-03
4.8902E-04
-1.0032E-02
-1.5021E-02
-7.4781E-03
1.2794E-02
1.5067E-02
8.1993E-03
7.9169E-03
2.1163E-03
2.1274E-03
4.5862E-04
-7.8159E-03
-1.2284E-02
-1.6609E-03
6.0226E-03
2.7298E-03
9.4360E-04
-2.4774E-03
-4.9429E-03
2.7132E-04
3.6439E-03
1.8656E-03
3.0541E-03
6.0657E-03
-1.4681E-03
2.7640E-03
1.0694E-02
1.3716E-02
-3.2387E-03
-1.2339E-02
-1.7921E-02
-1.2560E-02
2.1372E-04
7.5363E-03
7.2412E-03
2.4349E-03
-2.8714E-03
-4.1318E-03
3.5046E-03
1.1925E-03
-1.0228E-02
-1.3060E-02
-4.1734E-03
4.9203E-03
1.4445E-02
1.4113E-02
1.9423E-03
-2.9227E-03
-1.3190E-03
-4.1172E-03
-3.5993E-03
1.3762E-03
-1.0068E-04
8.6200E-04
7.2197E-03
7.5224E-03
-2.8331E-03
-8.0202E-03
-4.1264E-03
-4.0104E-03
2.6687E-03
4.1910E-03
-6.1347E-03
-6.1177E-03
-1.2814E-03
4.3476E-04
3.1806E-03
4.3720E-03
-4.1276E-03
-3.8700E-03
7.5707E-04
4.8149E-03
5.8221E-03
4.3476E-05
-3.2244E-03
-2.9960E-03
-5.9150E-04
-4.3784E-03
-5.9997E-03
-3.1767E-03
-2.3083E-03
4.5717E-03
4.7679E-03
7.0712E-03
3.3421E-03
-3.0505E-03
-6.0050E-03
-4.6310E-03
3.9164E-03
5.5470E-03
-8.0415E-05
-9.5124E-03
-1.3052E-02
-8.2822E-04
1.7093E-02
1.4431E-02
-1.8136E-03
-8.1222E-03
-7.2806E-03
1.6129E-04
4.5513E-03
-1.7583E-03
-5.8000E-03
-4.9991E-03
-1.3742E-03
3.3640E-03
8.6400E-03
8.6133E-03
5.8125E-03
2.8294E-03
-2.4370E-03
-2.5402E-03
-6.0523E-03
-9.3454E-03
-1.1053E-02
-1.1441E-03
5.3289E-03
-9.0058E-04
-9.6367E-04
1.4586E-03
7.8355E-04
1.3943E-03
1.4046E-03
-4.1930E-03
-3.9011E-03
7.4346E-03
1.0332E-02
3.4691E-03
-1.0849E-02
-1.6447E-02
-8.0109E-03
1.1340E-02
1.6007E-02
6.0251E-03
-5.1231E-03
-3.5800E-03
1.5417E-03
6.6277E-03
6.3907E-05
-1.0648E-02
-8.8570E-03
-5.0733E-04
1.1732E-03
1.2785E-03
5.6535E-03
4.1720E-03
-1.7940E-03
3.4094E-04
1.0016E-03
-3.4971E-03
1.8917E-03
1.0144E-02
3.7492E-03
-2.2248E-03
-5.6218E-03
-1.9898E-03
6.5518E-03
6.7288E-03
-7.3452E-04
-6.8892E-03
8.2376E-04
4.0770E-03
-7.0889E-04
-2.3194E-03
-8.2595E-03
-6.9480E-03
3.3225E-03
1.0430E-02
4.8461E-03
-4.1123E-04
-3.8530E-03
-9.1235E-03
-1.2983E-02
-4.7745E-03
5.5506E-03
5.1674E-03
4.9609E-03
-4.1504E-03
-6.2656E-03
-4.5823E-04
1.4462E-03
2.2611E-03
1.8892E-03
1.0179E-04
6.5551E-03
3.0482E-03
-5.5770E-03
-1.0280E-02
-6.3933E-03
-1.1457E-03
9.5690E-03
1.4232E-02
5.2518E-03
-6.8700E-03
-1.3292E-02
-8.2170E-03
-1.0278E-03
9.7642E-03
1.1722E-02
3.8732E-03
-3.1352E-03
-6.0024E-03
-2.4730E-03
4.2084E-04
4.9036E-03
3.0603E-03
-7.7694E-03
-4.2722E-03
2.5807E-03
2.5035E-03
2.9763E-03
1.9803E-03
1.8690E-03
4.0622E-03
6.3452E-03
2.4651E-03
-6.0491E-03
-8.3299E-03
-8.0280E-03
-1.8106E-03
8.7199E-03
1.1155E-02
4.7408E-03
-4.6395E-03
-5.3370E-03
-3.3985E-03
4.1852E-04
3.6446E-03
-2.2012E-03
-2.8751E-03
4.1600E-03
8.7062E-03
6.1730E-03
5.9755E-04
-9.6422E-03
-6.4910E-03
6.4694E-03
7.2356E-03
-4.8560E-03
-9.0754E-03
-3.9841E-03
7.3067E-03
8.0790E-03
1.0787E-05
-1.4334E-02
-1.4363E-02
2.6478E-03
1.4588E-02
1.1875E-02
3.1636E-04
-9.5451E-05
3.1813E-03
-6.6849E-04
-8.9708E-03
-1.2829E-02
-9.4047E-03
2.5739E-03
7.7354E-03
6.7705E-03
5.1511E-03
4.2813E-03
5.2740E-04
2.1636E-03
-4.7163E-03
-7.7621E-03
-5.2385E-03
-4.6915E-03
-4.9638E-03
5.9506E-03
1.2946E-02
4.0481E-03
-2.6131E-03
-3.0914E-03
-9.1104E-04
-1.9711E-04
-6.4933E-03
-1.1539E-02
-3.3346E-03
4.3280E-03
8.6926E-03
6.3864E-03
-1.8516E-03
-6.0769E-03
-4.5931E-03
-2.7906E-03
-1.5318E-03
1.3537E-03
4.5739E-03
6.9640E-03
3.0023E-03
-2.9235E-03
-5.8618E-03
-1.4507E-03
7.6377E-03
6.6205E-03
2.8322E-03
1.0998E-03
1.9607E-03
-1.1448E-03
-2.5955E-03
-6.4836E-03
-1.0607E-02
-4.6163E-03
-1.9972E-03
5.0916E-03
9.9502E-03
7.7368E-03
9.1203E-03
1.9845E-04
-1.0084E-02
-7.7132E-03
-4.2806E-03
5.3665E-03
3.2739E-03
2.8267E-03
1.9112E-03
-1.9381E-03
-3.4026E-03
-1.5174E-03
-1.3219E-03
-5.2747E-03
1.5727E-03
1.7855E-03
-3.7919E-04
-2.2354E-03
-1.8359E-03
1.9625E-03
3.0594E-03
-1.3892E-03
1.0798E-03
2.7825E-03
1.2019E-03
-2.6032E-04
1.7084E-03
4.7624E-03
-1.4707E-03
-1.1410E-02
-5.0642E-03
6.5269E-03
1.1904E-02
6.2553E-03
-6.1930E-03
-1.0734E-02
-8.7698E-03
2.4090E-03
6.8397E-03
4.8538E-03
1.6200E-03
-2.0500E-03
-4.6326E-03
-2.7423E-03
-1.2835E-03
-3.8079E-03
-2.8392E-03
2.7256E-03
1.4556E-02
1.6710E-02
5.8523E-03
-9.7925E-03
-1.3252E-02
-1.2101E-02
-2.5857E-04
6.4550E-03
2.3072E-03
-3.6576E-03
-6.5784E-03
-4.6846E-03
-2.5723E-03
2.6203E-03
6.8965E-03
1.0315E-02
1.0807E-02
5.8739E-03
-4.9703E-03
-1.1664E-02
-6.4945E-03
-9.2411E-04
-4.3535E-03
-6.9268E-04
3.7605E-03
-1.0022E-03
8.6462E-04
3.9691E-03
6.4786E-03
4.7700E-03
-2.8439E-05
-7.8965E-03
-7.5500E-03
-2.8396E-03
1.0245E-03
1.1075E-03
-2.2098E-03
-6.2566E-03
2.7112E-03
1.0598E-02
5.1642E-03
8.2670E-04
-2.1450E-03
-5.5882E-03
-3.1881E-03
3.4732E-03
2.4591E-03
-4.8069E-03
-6.2418E-03
-5.2910E-03
-5.0836E-03
2.1218E-03
8.8342E-03
1.3363E-02
1.0903E-02
3.2633E-03
-7.8015E-03
-9.1496E-03
-4.0501E-03
-8.2788E-04
7.1337E-03
3.9229E-03
-6.7321E-03
-9.0914E-03
-6.5866E-03
-1.2994E-03
6.4480E-03
8.2928E-03
4.5941E-03
1.1482E-03
4.4143E-03
1.4857E-03
-3.9582E-03
-4.0398E-03
-1.6151E-03
5.4099E-03
5.0171E-03
-1.7250E-03
-6.3364E-03
-1.7217E-03
2.3173E-03
6.6056E-03
3.4439E-03
-6.0367E-03
-8.5233E-03
-3.6817E-03
2.2915E-04
6.8693E-03
7.0891E-03
2.3775E-03
-4.4998E-03
-5.9494E-03
-6.1856E-03
-5.6905E-03
-3.4720E-03
-7.3836E-04
9.9577E-03
1.1893E-02
7.1677E-03
9.0221E-05
-4.9741E-03
-1.8909E-03
-4.0524E-03
-4.4722E-03
-5.1299E-03
-2.7890E-03
8.2373E-03
1.0210E-02
5.0884E-03
-5.2171E-04
-5.7591E-03
-5.3806E-03
-5.8945E-04
-7.4985E-04
-2.5523E-03
-5.2819E-03
3.9593E-03
1.4963E-02
1.2851E-02
2.8008E-03
-3.2794E-03
-5.3240E-03
-1.2428E-03
-9.6171E-04
-3.3781E-03
-6.9294E-03
-3.2378E-03
2.6141E-03
4.5444E-03
3.5409E-03
-1.5694E-03
-2.6523E-03
1.1767E-03
-3.6040E-03
-5.7186E-03
-8.2618E-03
-1.0295E-02
3.4225E-04
9.9081E-03
8.3066E-03
8.2161E-04
-2.6880E-03
7.8911E-04
7.7930E-04
2.7060E-03
-3.2079E-03
-3.9381E-03
4.1503E-03
1.1585E-02
4.9391E-03
-2.8001E-03
-1.1570E-02
-9.4141E-03
2.6989E-03
5.9083E-03
3.4442E-03
-1.5364E-05
1.1059E-03
1.5364E-03
-5.4362E-04
-2.7175E-03
-9.1361E-03
-1.4375E-02
-5.2399E-03
8.0450E-03
9.0275E-03
4.9772E-04
-3.1083E-03
-2.1908E-03
3.7878E-03
8.0394E-03
2.2340E-03
-5.6059E-03
-4.9240E-03
2.5602E-03
1.6299E-03
6.0266E-03
3.6860E-03
-4.2149E-03
-3.6791E-03
-3.7884E-03
-7.2720E-03
8.4658E-04
6.8309E-03
1.1266E-02
1.1385E-02
4.8849E-03
1.7067E-03
1.7753E-03
-2.5244E-03
-6.2446E-03
-8.1895E-03
-7.1587E-03
-1.1482E-03
2.5236E-04
-2.4788E-03
-2.2421E-03
1.7842E-03
-2.2349E-05
-6.2472E-03
-1.2912E-03
4.5132E-03
1.0090E-02
9.0872E-03
1.2911E-03
-1.1485E-03
4.2169E-05
-1.0983E-04
-2.9822E-03
-9.9766E-03
-8.0213E-03
1.6318E-03
1.0671E-02
9.9425E-03
-2.0946E-03
-1.0541E-02
-1.1687E-02
-7.8213E-03
6.8702E-03
9.9704E-03
-1.8856E-03
-6.9967E-03
-1.5900E-03
3.2855E-03
8.3773E-03
1.1435E-02
4.7144E-03
-1.9077E-03
-2.3091E-03
-2.3332E-03
-5.9494E-04
9.5059E-04
2.9561E-03
-3.8366E-03
-8.8446E-03
-3.5017E-03
5.9050E-03
4.1665E-03
3.7331E-04
1.2294E-03
-2.7638E-03
-5.1299E-03
4.5575E-03
7.5067E-03
-7.2602E-04
-8.5370E-04
-5.1224E-03
-6.2905E-03
1.8685E-03
7.6175E-03
3.9269E-03
3.5699E-03
5.1096E-03
1.1980E-03
-1.1556E-03
-7.5433E-03
-9.3095E-03
-1.4586E-03
7.1714E-03
2.4049E-03
-4.4060E-03
-9.2078E-03
-9.5585E-03
-3.9725E-03
6.8509E-03
1.0404E-02
4.6444E-03
-7.3033E-03
-1.3889E-02
-7.7368E-03
6.3248E-03
1.5845E-02
8.0988E-03
-5.4055E-03
-1.2322E-02
-8.2690E-03
-1.7381E-03
6.7563E-03
6.4959E-03
3.9529E-03
4.6993E-04
6.9921E-04
-8.3030E-05
-6.0110E-03
-1.2131E-02
-4.1604E-03
4.9984E-03
9.4180E-03
6.2158E-03
3.8661E-03
-2.2477E-03
-3.5963E-03
6.4070E-05
1.2987E-03
2.9995E-04
4.5292E-03
3.8639E-03
-3.4057E-03
-2.9520E-03
-2.8325E-03
-3.3258E-03
3.5127E-03
9.1919E-03
3.3846E-03
3.5778E-03
1.3174E-04
-8.6142E-03
-8.8878E-03
-3.0522E-03
6.8647E-06
2.1499E-04
-2.0408E-03
-9.0124E-03
-6.2067E-03
1.5286E-03
1.1187E-02
9.6693E-03
3.5834E-03
-5.0942E-03
-6.5490E-03
8.5056E-04
2.5863E-03
1.9979E-03
3.4814E-04
-3.7517E-03
-3.9254E-03
3.5280E-03
1.0672E-02
1.1978E-02
4.6705E-03
-1.7366E-03
-7.2543E-03
-4.7765E-03
-5.6029E-04
-4.0421E-03
-3.7875E-03
-4.4779E-03
-9.1720E-03
-1.4998E-04
8.6707E-03
8.7570E-03
8.6880E-03
3.5610E-03
-5.8242E-03
-7.5541E-03
-8.1425E-03
-6.0447E-03
1.8201E-03
9.6350E-03
9.3188E-03
5.8866E-03
2.9281E-03
-3.0888E-03
-3.2839E-03
-1.8085E-03
-3.9157E-03
-9.6821E-04
1.2702E-03
2.5537E-03
3.2290E-04
-2.8688E-03
-5.0158E-03
-8.1951E-04
5.8697E-03
6.3089E-03
-3.3146E-03
-8.4089E-03
-5.9500E-03
3.3346E-04
7.4390E-03
8.4808E-03
1.9037E-03
-2.2588E-03
-2.4144E-03
-5.9433E-03
7.7963E-04
7.0852E-03
6.1139E-03
-1.7528E-03
-7.4544E-03
-4.6568E-03
-2.7459E-04
7.2873E-03
8.7630E-03
1.3762E-03
-5.5426E-03
-3.1718E-03
-5.6012E-03
-5.9261E-03
2.2833E-03
3.3336E-03
7.4257E-04
6.1200E-03
6.9405E-03
4.6396E-03
-2.0303E-03
-8.5669E-03
-1.3199E-02
-9.1000E-03
-1.5439E-03
5.1189E-03
9.3768E-03
7.9269E-03
2.1686E-03
-7.2273E-03
-1.1731E-02
-2.0319E-03
1.1035E-02
8.3135E-03
-2.2861E-03
-4.4537E-03
-2.9902E-03
9.8807E-04
2.6272E-03
2.9916E-03
2.1888E-03
3.0639E-03
3.5131E-03
3.3800E-04
-4.8638E-03
-1.0260E-02
-8.2965E-03
6.7993E-06
5.6062E-03
2.6574E-03
1.4574E-03
-1.2472E-03
-3.3424E-03
2.0031E-03
6.0704E-03
5.8708E-03
3.2081E-03
4.9900E-04
-1.0160E-02
-9.1168E-03
-1.9705E-04
5.3044E-04
6.1218E-03
9.4357E-03
-3.1446E-03
-2.7845E-03
-3.3558E-03
-2.1578E-03
3.6569E-03
2.6086E-03
-2.4801E-03
-1.7538E-03
-4.0724E-04
5.6290E-04
7.3432E-04
2.5845E-03
2.4777E-03
6.9713E-03
-9.9374E-05
-3.6401E-03
-5.1816E-03
3.5827E-04
1.7538E-03
7.7374E-04
5.9498E-03
1.7610E-03
-6.4877E-03
-4.0003E-03
-3.6987E-03
-4.4967E-03
-1.8008E-03
-4.3949E-03
-2.0244E-03
2.8132E-03
7.6917E-03
3.7713E-03
7.1262E-04
2.7350E-03
1.5498E-04
-2.8831E-03
-3.1377E-03
-4.8636E-03
-5.4864E-03
-2.0809E-03
-2.2171E-03
-3.5664E-03
-1.8111E-03
4.8415E-03
8.1668E-03
1.1196E-02
8.3746E-03
2.2271E-03
-1.1410E-03
-4.5874E-03
-9.8247E-03
-8.4680E-03
-5.8621E-03
-1.6996E-03
5.5791E-03
7.1616E-03
8.5677E-03
3.7517E-03
-6.2172E-03
-7.3750E-03
-7.1743E-03
-4.1435E-03
1.3600E-03
9.3287E-03
8.8412E-03
7.6329E-03
6.6312E-03
1.5972E-03
-2.5627E-03
-2.5027E-03
-9.4097E-03
-1.0112E-02
-2.7495E-03
2.0439E-03
5.9665E-03
7.1038E-03
6.3431E-03
-2.0587E-03
-9.2456E-03
-3.2454E-03
3.9325E-03
5.2191E-03
-2.7622E-04
-2.6409E-03
-3.9384E-03
2.9747E-04
3.9442E-03
3.4160E-03
4.2106E-03
1.4557E-03
-6.6752E-03
-1.0940E-02
-8.8786E-03
-7.8878E-04
1.1075E-02
1.3034E-02
5.9218E-03
-2.4294E-03
-7.5366E-03
-4.7269E-03
-1.0001E-03
2.4861E-03
4.0077E-03
-2.9784E-03
-5.3001E-03
-3.4855E-03
-1.9488E-03
4.8952E-03
7.3928E-03
4.5289E-03
-3.7940E-03
-8.9839E-03
-6.8362E-03
-4.7355E-03
3.7357E-03
9.0274E-03
7.8548E-03
3.4573E-03
-4.7464E-04
-3.4333E-03
-6.9809E-03
-7.6624E-03
-5.1751E-03
-4.7866E-03
-6.4747E-04
3.5616E-03
6.7381E-03
9.6097E-03
1.0098E-04
-3.8959E-03
8.9208E-04
5.2503E-03
3.6445E-03
-4.1695E-03
-8.3234E-03
-9.2627E-04
6.4434E-03
7.0739E-03
2.3663E-03
-4.5121E-03
-3.6559E-03
-1.9584E-03
1.1931E-04
-4.1411E-03
-4.9490E-03
-8.7165E-04
3.8488E-03
6.2517E-03
1.5025E-03
-2.9827E-03
-5.0020E-04
3.7251E-03
9.7671E-03
4.0838E-03
-5.5292E-03
-8.0349E-03
-9.0177E-04
3.9893E-03
7.4825E-05
-4.2270E-03
-1.3540E-03
2.9162E-03
9.9456E-03
5.5079E-03
-4.7514E-03
-9.2879E-03
-9.4174E-03
1.5534E-03
7.0440E-03
3.1581E-03
-1.4662E-03
-1.0552E-03
-2.0336E-03
1.3325E-03
2.2205E-03
-5.9624E-04
-1.3295E-03
5.7402E-04
-3.9901E-03
-5.5425E-03
-7.3223E-05
7.4502E-03
1.1430E-02
4.5623E-03
-6.8736E-03
-1.0552E-02
-8.5009E-03
3.2899E-03
1.3121E-02
9.9191E-03
1.8799E-03
-8.6820E-03
-1.1539E-02
-8.2275E-03
-4.7600E-03
1.3317E-03
4.6415E-03
5.3216E-03
2.6237E-03
6.2765E-04
1.7327E-03
-1.2559E-03
-5.9258E-03
-5.2973E-03
4.7663E-03
6.1327E-03
4.6294E-03
-4.1540E-03
-1.2583E-02
-7.3328E-03
6.1749E-04
2.8077E-03
3.9095E-03
8.5967E-03
8.1656E-03
6.8233E-03
3.6308E-03
-1.4873E-04
-1.1729E-03
-2.3595E-03
-3.9228E-03
-4.9870E-03
-6.3525E-03
5.3868E-04
8.0725E-03
4.8857E-03
1.4795E-03
1.9731E-03
-2.3697E-03
-3.5036E-03
-1.2003E-03
-6.1829E-03
-7.3792E-03
-2.9271E-03
-1.1722E-03
-1.9509E-04
4.6614E-03
5.0213E-03
4.8765E-03
1.7168E-03
-1.3243E-03
-5.9327E-03
-3.6878E-03
3.5286E-03
8.0975E-03
3.5900E-03
-6.1831E-03
-7.6044E-03
-5.6739E-03
-1.8621E-03
1.3653E-03
-1.7675E-03
-2.4579E-03
2.1389E-03
7.9410E-03
1.0179E-02
8.7243E-03
2.2042E-03
-8.9061E-03
-1.0611E-02
-4.5383E-03
-1.2079E-03
2.0494E-03
4.9006E-03
4.4419E-03
2.6511E-03
1.8450E-03
3.0293E-03
-2.9355E-04
3.2885E-04
-3.8874E-03
-8.2202E-03
-7.8100E-03
-1.9009E-03
7.0064E-03
1.2494E-02
1.0632E-02
1.4247E-03
-8.5341E-03
-8.0477E-03
-7.1920E-03
-4.6715E-03
2.5936E-03
1.7160E-03
-2.1919E-03
2.0710E-03
7.1014E-03
5.7138E-03
2.1527E-03
-4.2845E-03
-5.8327E-03
-4.0874E-03
-5.9167E-05
-5.8032E-04
-4.3934E-04
-3.5860E-04
-3.3035E-03
-1.0987E-03
-2.0155E-03
-6.7153E-04
4.9938E-03
7.0297E-03
1.3176E-03
-3.2046E-03
-2.6145E-03
-6.2892E-03
-1.3925E-03
7.3905E-03
6.7728E-03
3.2830E-03
-1.0705E-03
-3.0442E-03
1.9417E-04
4.0913E-03
1.6132E-03
-3.1640E-03
-6.5369E-03
-1.6368E-03
-1.4986E-03
2.2678E-03
3.5088E-03
-1.1229E-03
2.4909E-04
2.8681E-03
2.2838E-03
4.8053E-05
-2.1480E-04
4.1449E-04
-1.5249E-03
-7.4950E-04
-2.8826E-03
-1.6353E-03
7.1629E-03
9.5952E-03
1.3175E-03
-9.6313E-03
-1.1816E-02
-1.9384E-03
8.5281E-03
9.7803E-03
6.8422E-03
-3.6206E-03
-1.1661E-02
-6.8235E-03
-1.2183E-03
3.5095E-03
6.4913E-03
5.5744E-03
1.5795E-03
5.5159E-04
-1.8396E-03
-1.4702E-03
-2.4392E-03
-2.4786E-03
-5.0762E-03
-5.6482E-03
-9.0097E-04
2.3657E-03
4.4521E-03
4.2303E-03
4.7403E-03
3.4880E-03
-3.0158E-03
-5.1559E-03
-1.4432E-03
-1.8031E-03
-6.5803E-04
-2.1179E-03
3.8027E-04
3.9856E-03
3.7909E-03
1.9620E-04
-4.1459E-03
-2.1464E-03
2.0533E-03
2.1377E-03
-7.6319E-04
-5.2774E-03
-2.0306E-03
4.5352E-03
7.7881E-03
9.4994E-04
-6.2241E-03
-6.7346E-03
6.1334E-04
8.3276E-03
8.0557E-03
-9.4752E-04
-1.0676E-03
2.6650E-03
3.4776E-03
-5.1918E-03
-1.1463E-02
-1.1308E-02
-4.5461E-03
4.0506E-03
8.3200E-03
6.2217E-03
6.8155E-03
4.2057E-03
-4.6114E-03
-4.3313E-03
-1.3566E-05
1.9079E-03
6.2398E-03
3.8132E-03
2.3310E-03
5.0728E-03
2.6139E-03
-4.0916E-03
-1.1773E-02
-1.0704E-02
-9.0829E-03
-1.4117E-03
1.0318E-02
1.2874E-02
8.5878E-03
1.9025E-04
-1.3001E-02
-1.4010E-02
-2.1875E-03
4.8804E-03
4.5260E-03
7.7408E-03
5.4219E-03
5.8625E-03
3.7144E-03
-6.8755E-03
-1.1662E-02
-1.1248E-02
-3.9521E-03
7.4694E-03
1.1313E-02
6.6858E-03
2.1738E-04
-6.2073E-04
-6.8418E-05
-2.5218E-03
-9.0087E-03
-8.9512E-03
-2.6672E-03
9.6389E-03
1.2175E-02
1.5333E-03
-4.8972E-03
-3.3090E-03
1.9600E-03
3.2095E-03
-1.3499E-03
-2.3388E-03
-1.9353E-03
2.9881E-04
6.0674E-04
1.7433E-03
1.8862E-03
-1.7233E-03
-6.1545E-03
-9.0139E-03
-6.1679E-03
4.2659E-04
8.4216E-03
8.0268E-03
2.4187E-03
2.0357E-03
3.8710E-03
2.1125E-03
-1.4128E-03
-5.5909E-03
-6.1220E-03
-1.1104E-03
4.1213E-03
3.3054E-03
1.7668E-03
1.3358E-03
1.0156E-03
6.2766E-03
4.7762E-03
9.2411E-04
4.2071E-04
-4.7180E-03
-7.7592E-03
-5.8669E-03
-2.7588E-03
1.7576E-03
4.6006E-03
3.7728E-03
-1.6215E-03
-6.8508E-03
-6.7488E-03
2.0744E-03
9.1669E-03
4.8223E-03
-2.5219E-03
-1.0862E-02
-7.0158E-03
4.8046E-03
8.2229E-03
7.6129E-03
9.8361E-04
-7.3060E-03
-6.1878E-03
-2.9158E-03
-2.1967E-04
2.4487E-03
1.4233E-03
1.0624E-03
2.2616E-03
3.3637E-04
-6.0403E-03
-8.7019E-03
-5.8222E-03
-6.3580E-04
4.2290E-03
6.6299E-03
1.4050E-03
7.0477E-04
2.0450E-03
5.3763E-03
6.7388E-03
5.1082E-03
-3.0378E-03
-9.3627E-03
-5.9924E-03
-1.2363E-03
2.0565E-03
5.2926E-03
2.5814E-03
-3.7265E-04
-1.9676E-03
-5.6911E-03
-3.5681E-03
-5.4329E-04
-1.8816E-03
-4.6238E-03
-2.4193E-03
-4.5764E-05
1.0751E-03
4.4228E-03
5.0913E-03
3.1414E-03
2.6478E-03
5.2204E-04
-2.4000E-03
1.1938E-03
3.7481E-03
-3.9259E-04
-3.5173E-03
-4.5209E-03
-5.5306E-03
-4.3362E-03
3.6677E-04
-3.9129E-04
-5.4149E-04
2.0508E-03
1.2955E-03
2.8194E-03
5.7428E-03
1.9492E-03
-1.2673E-03
2.9504E-03
9.6072E-04
-3.0000E-03
-2.5978E-03
-2.1656E-03
2.2176E-03
9.3151E-03
7.9058E-03
1.4658E-03
-9.4997E-04
-1.1048E-02
-1.7422E-02
-1.0754E-02
-7.2340E-05
6.2595E-03
1.0341E-02
4.3081E-03
-8.2049E-04
-3.2381E-03
-4.3831E-03
-7.0458E-03
-6.9259E-03
-5.2580E-03
-1.5995E-03
6.8741E-03
1.1023E-02
9.7112E-03
4.9595E-03
3.9227E-05
-2.9515E-03
-4.7556E-03
-5.1972E-03
-5.0565E-03
7.8440E-04
9.0003E-03
1.1531E-02
7.9797E-03
-6.3841E-04
-9.6174E-03
-1.0431E-02
-4.1325E-03
5.5914E-03
1.2909E-02
1.1573E-02
3.2555E-03
-3.4830E-03
-6.5417E-03
-7.5655E-03
-5.8346E-03
-4.5274E-04
-2.3634E-04
1.9699E-03
3.7957E-03
3.8036E-03
8.5635E-04
-4.9131E-04
-1.2268E-04
-1.4311E-03
-3.9925E-03
-5.9442E-03
-4.8439E-03
2.9997E-03
6.0279E-03
3.3447E-03
-3.7337E-03
-5.4578E-03
-4.9473E-03
2.0414E-03
8.6956E-03
6.3753E-03
5.8448E-04
-6.0033E-03
-8.4533E-03
-7.2661E-03
-6.5520E-03
-2.9472E-03
3.4807E-03
6.7506E-03
6.7107E-03
2.6320E-03
-2.4904E-03
-1.9430E-03
-3.8442E-05
-5.9513E-04
-1.6701E-03
-5.1655E-03
-1.8448E-03
6.4871E-03
1.0614E-02
1.0040E-02
1.8394E-03
-7.6923E-03
-1.2487E-02
-1.2238E-02
-6.3750E-03
-7.0422E-04
3.1005E-03
6.7499E-03
7.9738E-03
1.9581E-03
-7.0196E-03
-7.6636E-03
-4.4048E-03
9.3490E-05
5.7816E-03
5.4503E-03
2.1146E-03
2.1077E-03
2.8174E-03
3.6288E-03
1.5305E-03
-7.7745E-04
-3.3506E-03
-6.4524E-03
-4.3404E-03
1.1618E-03
3.8872E-03
1.3751E-03
1.9964E-03
3.5505E-03
3.1320E-03
9.6733E-04
-5.9773E-03
-9.7922E-03
-8.4137E-03
-9.8802E-04
5.7330E-03
6.6875E-03
1.9777E-03
2.8057E-03
2.9240E-03
-1.6998E-04
-1.6966E-04
-2.6788E-03
-8.4690E-03
-7.6936E-03
-1.7778E-03
1.3263E-03
1.2168E-03
5.6189E-04
4.9001E-04
2.8154E-03
6.0197E-03
4.6867E-03
2.3998E-03
-1.8332E-03
-6.8659E-03
-6.2638E-03
1.8958E-03
9.2049E-03
8.3131E-03
4.6008E-03
-2.3814E-03
-7.2440E-03
-6.5754E-03
-4.4849E-03
-2.5942E-03
1.1137E-03
7.9708E-03
7.4917E-03
5.4667E-03
1.7639E-03
-4.9207E-03
-5.2681E-03
-2.8023E-03
2.9512E-03
7.1370E-03
4.8921E-03
5.7634E-04
-8.1673E-03
-1.0406E-02
-4.5042E-04
8.9734E-03
8.9545E-03
2.8518E-03
-6.1068E-03
-9.7053E-03
-5.0299E-03
3.2068E-04
2.1499E-04
-1.2714E-03
-6.1259E-04
2.5095E-04
-1.0189E-03
-2.3807E-04
5.7348E-03
4.8540E-03
3.5690E-03
-1.3108E-03
-8.5834E-03
-7.2909E-03
-5.0308E-04
3.7965E-03
4.8115E-03
-1.1313E-03
-5.4363E-03
-4.7131E-03
1.8946E-03
6.1501E-03
5.0454E-03
3.8481E-03
4.7824E-04
-1.2324E-03
-1.7011E-04
-2.4291E-04
-4.4058E-03
-5.1207E-03
-1.8597E-03
3.8651E-03
9.2913E-03
6.5754E-03
-1.6818E-03
-8.6223E-03
-9.9907E-03
-2.2719E-03
4.0531E-03
3.6857E-03
4.8200E-03
3.8151E-03
-1.0585E-03
-1.7456E-04
1.6034E-03
-3.6468E-03
-4.6117E-03
-2.2003E-03
-1.7482E-03
-3.1532E-03
-1.9760E-03
-6.2207E-04
2.7043E-03
9.7999E-03
1.2392E-02
5.1321E-03
-2.1209E-03
-2.9966E-03
-1.5240E-03
1.5423E-03
3.4781E-04
-8.3912E-04
-2.2196E-04
3.2048E-03
3.5713E-03
-5.5375E-04
-4.5996E-03
-7.4112E-03
-8.8119E-03
-6.0172E-03
-3.9381E-03
-9.4994E-04
6.8582E-03
7.5881E-03
6.4926E-03
9.8158E-04
-5.9150E-03
-9.1029E-03
-5.6369E-03
-3.6365E-03
-2.9796E-03
-2.6586E-03
-5.4296E-04
5.3556E-03
1.0827E-02
9.4434E-03
3.0731E-03
-1.2644E-03
-2.7163E-03
-2.7219E-03
-2.0104E-03
-1.6482E-03
-4.9981E-04
-1.2523E-03
3.1924E-03
6.4955E-03
5.1980E-03
7.0052E-04
-1.4499E-03
-2.5229E-03
6.9763E-04
9.2438E-03
7.8350E-03
3.5979E-03
-1.2175E-03
-7.5834E-03
-9.1622E-03
-4.7259E-03
-1.1045E-03
-2.0651E-03
-3.9728E-03
-2.8059E-03
5.4970E-03
1.0445E-02
2.6498E-03
-5.3214E-03
-8.9739E-03
-4.8782E-03
6.1435E-03
1.4229E-02
1.3526E-02
3.1865E-03
-6.7127E-03
-6.9696E-03
2.0460E-03
1.0694E-02
6.1335E-03
-5.1746E-03
-9.3026E-03
-6.6280E-03
4.3999E-03
7.0072E-03
-9.5409E-04
-3.6655E-03
-5.5538E-04
-2.0107E-03
-4.3005E-03
-6.7126E-03
-5.6681E-03
3.5255E-03
1.3297E-02
1.2235E-02
3.9171E-03
-5.7749E-03
-9.0022E-03
-3.3380E-03
3.4206E-03
3.5913E-03
-2.8542E-03
-5.0634E-03
-2.2430E-03
3.9590E-03
7.1180E-03
7.2314E-03
4.0369E-03
3.5954E-04
2.8683E-04
-2.7609E-03
-2.7845E-03
-3.4447E-04
1.3118E-03
2.8995E-04
-4.5764E-05
-1.9990E-03
-2.9666E-03
-2.3687E-03
-2.1346E-03
-2.8443E-03
-1.4774E-03
1.0271E-03
2.4370E-03
1.0200E-03
-1.7942E-03
-4.0651E-03
-1.9607E-03
3.1872E-03
4.8564E-03
5.7536E-04
-3.7683E-03
-4.1806E-03
-5.1384E-03
-2.1238E-03
-2.5072E-03
-2.5612E-03
5.1779E-04
4.5218E-03
8.2134E-03
9.6027E-03
5.4554E-03
-5.5636E-04
-5.5048E-03
-6.6095E-03
-5.2621E-03
-3.3787E-03
-6.6881E-04
3.7618E-03
6.9840E-03
4.6016E-03
-5.6934E-03
-1.3097E-02
-8.1142E-03
1.1950E-03
1.0124E-02
1.3516E-02
7.6159E-03
-1.4760E-03
-9.4052E-03
-7.3352E-03
1.0526E-04
4.9998E-03
5.4643E-03
4.6876E-04
-3.8640E-03
-2.7346E-03
1.8371E-03
2.9453E-03
2.3728E-03
-8.0523E-04
-5.6348E-03
-4.0291E-03
8.2768E-04
4.3793E-03
3.9370E-03
6.9457E-03
3.5091E-03
-3.6064E-03
-4.7360E-03
-7.6051E-03
-5.8017E-03
5.2060E-03
9.3879E-03
3.9443E-03
-2.0248E-03
-7.7374E-03
-7.6199E-03
3.5742E-03
3.6214E-03
-1.3144E-03
-6.3711E-04
-3.2965E-03
-2.8987E-03
1.8561E-03
1.6959E-03
2.0116E-03
7.5890E-03
5.7345E-03
5.2283E-04
-6.5153E-03
-9.1595E-03
-4.7507E-03
1.6743E-03
3.6006E-03
3.5859E-03
9.5262E-04
-3.3889E-04
2.8523E-03
3.1145E-03
1.4723E-03
-2.3562E-03
-2.1166E-03
-1.4681E-03
-2.1161E-03
-2.9460E-03
-3.1825E-03
-1.5589E-03
2.3346E-03
5.1988E-03
5.5542E-03
2.6664E-03
4.4245E-03
3.5206E-03
-3.1180E-03
-1.1599E-02
-1.4497E-02
-4.6719E-03
8.5460E-03
1.1391E-02
2.1107E-03
-9.4052E-03
-6.8431E-03
2.9870E-03
7.7728E-03
7.3972E-03
-4.1682E-03
-6.2936E-03
1.3321E-03
5.5885E-03
4.9296E-03
-2.2938E-03
-9.0682E-03
-6.3423E-03
-1.2105E-03
2.0548E-03
2.7318E-03
2.7753E-04
2.2948E-03
4.2066E-03
5.2166E-03
2.2994E-03
-4.3248E-03
-4.0546E-03
4.2796E-04
5.2689E-03
3.9255E-03
7.4596E-04
-2.5903E-03
-3.5531E-03
1.1923E-03
8.1978E-03
6.1867E-03
-1.8594E-03
-7.5212E-03
-8.6537E-03
-3.8462E-03
3.6170E-03
6.4322E-03
2.2474E-03
-5.2642E-04
-1.5915E-03
-3.2512E-03
6.7404E-04
8.2227E-03
6.9518E-03
2.7946E-03
-2.9321E-03
-8.3477E-03
-4.6501E-03
2.2008E-03
2.3330E-03
4.3738E-04
-5.1790E-03
-9.6059E-03
-7.9139E-03
5.8395E-04
6.1988E-03
7.1525E-03
6.2495E-03
1.7110E-03
-7.6544E-03
-7.0369E-03
-2.2461E-03
1.2571E-03
3.1680E-03
4.0966E-03
2.2601E-03
-6.4541E-04
-2.2257E-03
-3.8141E-03
-1.5665E-03
1.9845E-03
1.6096E-03
-1.7199E-03
-4.3041E-03
-1.7919E-03
4.0335E-03
8.2708E-03
4.7196E-03
-3.1904E-04
-1.8476E-03
6.4953E-04
6.6175E-03
3.4562E-03
-8.2454E-03
-1.1068E-02
-3.9388E-03
5.6437E-03
9.6587E-03
4.4080E-03
-6.2832E-03
-6.8371E-03
-1.3724E-03
3.2084E-03
1.1591E-03
-4.7840E-03
-7.3808E-03
-2.3049E-03
1.5750E-03
4.2763E-03
4.3623E-03
-6.2763E-05
-1.4451E-03
2.3105E-03
-3.0826E-04
-3.3489E-03
-4.6107E-03
-3.5567E-03
-2.7634E-03
2.8112E-05
4.0488E-03
4.6654E-03
1.7783E-03
-4.3957E-03
-1.0093E-02
-5.1053E-03
2.3309E-03
8.6593E-03
9.4121E-03
4.4678E-03
-1.4583E-03
-3.0350E-03
-3.7386E-04
-2.1458E-03
-3.3150E-03
-5.5923E-03
-2.3617E-03
2.7447E-03
6.4758E-03
4.4405E-03
1.7940E-03
2.5105E-03
6.0646E-03
3.6449E-03
-3.5080E-03
-1.2737E-02
-1.0568E-02
2.1313E-04
9.5043E-03
1.1326E-02
3.6687E-03
-2.5706E-03
-6.0796E-03
-5.2567E-03
-4.7121E-03
-6.4835E-03
-4.3881E-03
4.6400E-03
1.2800E-02
1.2199E-02
1.7779E-03
-1.0262E-02
-1.1187E-02
-4.5405E-03
1.4396E-03
1.0415E-03
-2.0077E-03
-5.8448E-04
4.1688E-03
5.7276E-03
1.7729E-03
-7.0811E-03
-7.5848E-03
1.1758E-03
1.0666E-02
1.0400E-02
1.9058E-03
-5.1482E-03
-6.0513E-03
-3.4781E-03
5.1560E-03
2.9065E-03
-3.7382E-03
-2.2809E-03
2.4101E-03
4.7225E-04
1.0199E-03
2.5402E-03
3.0113E-03
4.5120E-03
4.1453E-03
2.8932E-03
2.8112E-05
-4.8292E-03
-8.4287E-03
-7.6090E-03
-7.1183E-04
3.4441E-03
7.6080E-04
-1.5500E-03
-4.7316E-03
-5.6499E-03
-9.3490E-05
5.1714E-03
2.7897E-03
1.3402E-05
-5.3984E-03
-5.3901E-03
7.1758E-03
1.2531E-02
6.9675E-03
2.1534E-03
-3.9389E-03
-9.8429E-03
-4.9824E-03
3.0627E-03
1.2825E-03
-3.8638E-03
-3.5150E-03
-5.0014E-04
3.6736E-03
3.7318E-03
-2.5359E-03
-2.1882E-03
7.8081E-03
1.1741E-02
5.8403E-03
-5.3802E-03
-7.0553E-03
-1.5547E-04
6.0753E-03
2.2362E-03
-3.8053E-03
-5.7066E-03
-5.8566E-03
-3.4453E-03
-1.4024E-03
-8.2179E-03
-1.0866E-02
-2.3987E-03
4.5241E-03
8.1323E-03
8.1636E-03
-8.2098E-04
-7.7928E-03
-8.9567E-04
6.1282E-03
6.5423E-03
4.6487E-03
-4.2365E-04
-6.4704E-03
-4.2512E-03
-2.3108E-03
-2.8950E-03
-1.0957E-03
-1.5593E-04
1.4200E-03
3.2329E-03
3.6569E-03
5.5996E-03
3.8681E-03
-6.1324E-05
3.5720E-03
4.0835E-03
1.0707E-03
-2.5687E-03
-6.5405E-03
-6.9562E-03
-3.7585E-03
-2.0881E-03
-2.3452E-03
-5.8514E-04
-1.5524E-03
-3.0504E-03
-1.7576E-03
-2.3588E-03
-3.0832E-03
-1.0493E-03
2.7545E-03
7.8428E-03
8.6021E-03
5.4053E-03
-2.5582E-03
-7.0557E-03
-3.4223E-03
2.5494E-03
7.6613E-03
5.4204E-03
-3.4627E-03
-9.1488E-03
-6.5998E-03
-1.5550E-03
4.2825E-03
6.0327E-03
3.1839E-04
-4.4362E-03
-2.0770E-03
1.0101E-04
2.5383E-03
5.5166E-03
-2.0133E-03
-4.7546E-03
-1.5230E-03
4.0309E-03
9.2215E-03
5.8039E-03
-2.5654E-03
-4.4640E-03
-4.6230E-03
-5.0112E-04
2.3513E-03
-1.2373E-03
-8.4308E-03
-7.7525E-03
2.6995E-03
8.9567E-03
7.9948E-03
5.6071E-03
-4.9676E-03
-6.4724E-03
-3.7004E-04
2.3778E-03
7.0212E-03
7.3930E-03
1.5998E-03
-1.2806E-03
4.6346E-04
-1.8604E-03
-1.1428E-03
2.2003E-03
-1.5262E-03
-3.2293E-03
2.7491E-03
3.6981E-03
2.4562E-03
-6.3825E-04
-4.5002E-03
-4.7142E-03
-4.8557E-03
-4.0416E-03
1.0317E-03
2.3103E-03
2.9168E-03
7.9658E-04
4.2969E-04
7.2046E-04
1.7404E-03
1.4014E-03
5.3119E-04
6.0213E-04
-7.9522E-04
-4.7465E-03
-4.1150E-03
3.1332E-03
7.2524E-03
5.1747E-03
-4.5208E-03
-8.1588E-03
-6.6859E-03
-1.8450E-03
3.3517E-03
2.5634E-03
3.9574E-03
2.9825E-03
-1.0098E-03
-7.5532E-03
-4.4251E-03
3.6047E-03
1.3025E-02
1.2010E-02
-3.4017E-03
-1.2962E-02
-1.1414E-02
-2.4653E-03
5.2949E-03
6.2704E-03
2.4268E-03
-7.5838E-04
-6.1292E-04
1.6018E-05
-4.1795E-03
-5.3193E-03
-6.0154E-04
4.3333E-03
7.2367E-03
6.0102E-03
-1.5867E-03
-6.4157E-03
-3.8438E-03
-1.3062E-03
2.0810E-03
5.2325E-03
1.7155E-03
-4.7508E-03
-3.9892E-03
1.6820E-04
1.2805E-03
2.6091E-03
-3.9645E-03
-7.7662E-03
-4.7562E-03
2.1277E-03
4.7654E-03
-4.3607E-04
-1.9800E-03
7.6646E-04
6.6077E-04
1.8177E-03
-2.4865E-03
-7.2763E-03
-4.7981E-03
4.8448E-03
7.2566E-03
1.8780E-03
-1.5365E-03
-5.6649E-03
-2.4302E-03
7.3775E-03
7.9882E-03
3.7389E-03
1.0944E-03
-6.1208E-03
-4.5697E-03
1.1739E-03
-9.0584E-04
-1.4365E-03
-1.4598E-03
1.4358E-03
9.0577E-03
9.8038E-03
1.5076E-03
-5.2306E-03
-6.5928E-03
-3.4071E-03
-2.0159E-03
-1.6890E-03
-1.6904E-03
2.3468E-03
7.6161E-03
4.9952E-03
3.4046E-03
2.4226E-03
-2.7920E-03
-2.3131E-03
-2.2343E-03
5.6323E-04
1.1896E-03
-2.4108E-03
-4.7042E-03
4.3940E-04
7.0296E-03
6.6370E-03
-8.7770E-04
-8.0531E-03
-5.3328E-03
-2.7949E-04
3.7325E-03
5.5049E-03
1.8420E-03
-4.6194E-03
-6.3048E-03
-4.7366E-03
-5.5931E-04
9.2399E-03
7.2709E-03
3.4696E-03
-6.5417E-04
-2.9555E-03
-4.1909E-03
-2.0722E-03
-2.2506E-03
-1.1592E-03
3.0306E-03
3.0590E-03
7.0605E-04
-2.3863E-05
3.4865E-03
2.8822E-03
-4.4460E-03
-1.0153E-02
-7.5697E-03
-7.9698E-04
6.2271E-03
1.3019E-02
8.2034E-03
2.2926E-03
-6.5827E-03
-9.6276E-03
-8.2366E-03
-1.4985E-03
-1.8894E-04
-5.1132E-04
-3.0739E-03
1.9185E-03
7.5551E-03
4.8158E-03
-6.8647E-05
-5.9033E-03
-3.6194E-03
-6.6234E-04
-5.3904E-04
4.8281E-04
1.2901E-03
8.1867E-03
9.9500E-03
3.0299E-03
-5.2616E-03
-7.0690E-03
-8.6486E-03
-7.1126E-03
-4.6732E-03
2.0293E-03
9.9684E-03
1.2633E-02
5.8784E-03
-3.3333E-03
-7.6662E-03
-7.4334E-03
1.0679E-03
2.1246E-03
-6.7702E-04
1.7358E-04
3.5439E-03
5.0731E-03
2.7829E-03
-2.7853E-03
-4.5560E-03
9.7674E-04
4.2757E-03
1.2454E-04
-5.8523E-03
-2.8181E-03
6.5051E-05
4.7044E-03
5.2841E-03
-2.1514E-03
-8.2002E-03
-2.0136E-03
4.2492E-03
3.5194E-03
-2.9476E-04
-3.7823E-03
-4.6531E-03
-2.5027E-03
-1.3703E-03
-3.7206E-03
-1.5956E-03
5.8610E-03
5.3110E-03
5.3034E-03
4.7037E-03
-2.0188E-03
-1.3217E-03
-1.5668E-03
4.5143E-04
1.2418E-03
1.5521E-03
-1.3331E-03
2.3766E-03
8.8987E-03
1.4589E-03
-4.2254E-03
-5.1032E-03
-9.3208E-03
3.4568E-03
1.5695E-02
1.4636E-03
-5.9443E-03
-2.8377E-03
2.5367E-04
9.7413E-04
-2.2778E-03
-6.3841E-03
-3.6980E-03
4.6876E-03
7.3704E-03
4.5562E-03
5.7532E-03
2.7654E-03
-1.1905E-03
-2.0781E-03
-5.4454E-03
-5.2194E-03
-8.8361E-04
2.7532E-03
9.6854E-04
-3.2476E-03
-3.9547E-03
-2.0790E-03
-7.3844E-04
1.5765E-03
-1.2638E-04
-2.3042E-03
2.1372E-03
3.0139E-03
-5.1962E-03
-8.7874E-03
-3.5623E-03
4.9354E-03
1.5040E-02
8.6370E-03
-8.4105E-03
-1.2900E-02
-4.4694E-03
7.0502E-03
8.7211E-03
-3.9419E-03
-1.1429E-02
-5.4762E-03
9.2477E-03
1.5510E-02
4.2136E-03
-3.7845E-03
-7.2949E-03
-2.6898E-03
6.7944E-03
3.9218E-03
-6.4169E-03
-1.3375E-02
-4.1463E-03
9.3281E-03
1.1176E-02
2.1036E-03
-9.9037E-03
-1.2029E-02
-3.1018E-04
6.8971E-03
3.1214E-03
-1.1843E-03
-4.1109E-03
-3.8118E-03
4.4199E-03
7.3837E-03
2.1144E-03
-3.7903E-03
-2.1696E-03
1.8293E-03
1.2447E-03
-6.6162E-05
-3.5874E-03
-1.2952E-03
7.1777E-03
1.3023E-02
8.3512E-03
-5.8808E-03
-1.6519E-02
-1.2344E-02
-4.5283E-03
3.1453E-03
3.5516E-03
1.9364E-03
9.1202E-04
-5.2322E-04
2.4137E-03
3.5713E-03
7.9496E-03
7.9136E-03
-2.6450E-03
-6.5206E-03
-4.0734E-03
-4.6973E-03
-1.6851E-03
3.5565E-04
1.2065E-03
3.1502E-03
5.1108E-03
2.5926E-03
-1.0454E-03
-4.5959E-03
-4.3460E-03
-2.2981E-03
3.2810E-03
6.5240E-03
2.4571E-03
-3.7025E-03
-4.2574E-03
-3.6128E-03
-1.5378E-03
3.3450E-03
2.2134E-03
4.9050E-04
-6.9268E-04
-7.3583E-04
1.3105E-04
1.7001E-03
-9.5615E-04
-3.7184E-03
1.1209E-03
9.8414E-03
1.4052E-02
8.8778E-03
-1.4224E-03
-1.0942E-02
-1.0671E-02
-4.7952E-03
-7.7424E-04
1.0702E-03
5.0053E-03
5.0323E-03
-2.1777E-04
-6.3361E-03
-8.6779E-03
-6.4767E-03
1.1883E-03
9.0960E-03
9.4481E-03
4.0218E-03
-3.0983E-03
-7.6956E-03
-6.0578E-03
-3.7592E-04
5.2657E-03
9.3634E-03
6.6659E-03
-2.1087E-03
-5.7303E-03
-7.0762E-03
-6.8641E-03
-2.8032E-03
1.9647E-03
1.4141E-03
3.3294E-03
5.9356E-03
1.6000E-03
-2.8409E-03
-8.0571E-03
-4.3735E-03
5.7094E-03
1.2961E-02
1.2703E-02
2.2775E-03
-7.2627E-03
-7.4169E-03
-5.1983E-03
-4.1610E-03
-2.5831E-03
-2.3631E-03
-1.2459E-03
2.5387E-03
3.7472E-03
4.7856E-04
7.6296E-04
-1.2111E-04
2.0822E-03
2.5133E-03
1.4717E-03
7.3386E-04
-5.1518E-04
-3.4411E-03
5.9298E-04
2.5033E-03
4.0152E-03
2.5706E-03
-4.4683E-03
-7.8215E-03
-6.8931E-03
-5.3061E-03
-6.4897E-04
4.6012E-03
6.6010E-03
2.8936E-03
-3.6778E-03
-5.9387E-03
-1.4984E-03
9.9276E-04
1.3167E-03
-4.4172E-04
1.9657E-03
3.5771E-03
3.5954E-03
-1.9319E-03
-7.4605E-03
-9.5876E-03
-4.7028E-03
7.2665E-03
1.5719E-02
1.2665E-02
4.2693E-03
-4.9829E-03
-1.0705E-02
-8.1673E-03
3.4094E-04
1.7683E-03
-1.2492E-04
-2.5447E-03
-3.3917E-04
7.5648E-04
2.5154E-03
9.8727E-04
1.2129E-03
5.8647E-03
6.4296E-03
-1.2482E-03
-9.8387E-03
-7.7065E-03
-1.4158E-03
6.7739E-03
7.6605E-03
-3.1479E-03
-9.3882E-03
-7.0283E-03
4.1260E-04
8.1000E-03
8.3546E-03
9.2902E-04
-1.4448E-03
-1.0791E-03
4.6385E-05
1.0719E-03
-2.2722E-03
-5.3051E-03
-6.2795E-04
5.6239E-03
5.3256E-03
1.5119E-03
-3.5693E-03
-4.0403E-03
-1.9547E-03
1.5463E-03
1.9608E-03
-2.2871E-03
-7.0608E-04
3.4487E-03
5.2880E-03
9.0538E-03
5.0076E-03
-5.1164E-03
-7.4540E-03
-7.9733E-03
-1.0633E-02
-7.6690E-04
4.7517E-03
5.8426E-03
1.8653E-03
-6.4119E-03
-1.0117E-02
3.7919E-05
1.2172E-02
1.1577E-02
4.5630E-03
-4.6745E-03
-9.9452E-03
-5.3312E-03
1.2400E-03
3.1600E-03
4.1095E-03
7.7729E-03
8.7130E-03
3.3284E-03
-5.8801E-03
-1.0735E-02
-6.3531E-03
1.2269E-03
6.8273E-03
6.1464E-03
-1.7653E-03
-4.8040E-03
-3.9541E-03
-1.9900E-03
-2.7040E-04
-1.8375E-03
-5.0921E-03
-4.4841E-03
1.7971E-03
4.7813E-03
5.2633E-03
8.5217E-04
-2.4201E-03
1.5737E-03
5.9285E-03
6.0469E-03
-8.8096E-04
-3.6423E-03
-4.8767E-03
-3.7674E-03
-3.3758E-03
-6.5011E-03
-4.3814E-03
3.5408E-03
1.8123E-03
1.7661E-03
4.1704E-03
1.8219E-03
-4.7706E-04
-2.7423E-03
-7.8425E-03
-3.5490E-03
6.6066E-03
9.9921E-03
1.2444E-02
1.1659E-02
4.9586E-03
-4.2933E-03
-6.4470E-03
-2.5985E-03
9.3065E-04
-2.1088E-03
-1.2601E-02
-1.3579E-02
-5.7706E-03
1.2102E-03
6.1855E-03
6.8447E-03
2.6158E-03
1.5949E-03
-1.1255E-03
-3.0360E-03
-1.5461E-03
2.5224E-03
8.7179E-03
1.0111E-02
3.7922E-04
-8.9394E-03
-1.2639E-02
-1.0018E-02
-2.6974E-03
3.7405E-03
5.1101E-03
1.1395E-03
-4.1327E-03
-1.8796E-03
2.4486E-03
7.4060E-03
1.3189E-02
9.0357E-03
-1.6044E-03
-3.5473E-03
-5.0665E-03
-7.8328E-03
-8.4913E-03
-5.6550E-03
-4.3323E-03
-1.5024E-04
1.1781E-02
1.1399E-02
3.9174E-03
-6.1639E-03
-1.2531E-02
-6.9876E-03
5.0477E-03
1.1593E-02
7.4874E-03
1.3840E-03
-2.9515E-03
-6.5034E-03
-3.6576E-03
8.8028E-04
2.1469E-03
3.3584E-03
7.9627E-04
-3.8026E-03
-2.1866E-03
-2.4546E-03
-2.7130E-03
9.5742E-04
4.2894E-03
3.0833E-03
2.2072E-03
3.9476E-03
-4.8641E-04
-7.5888E-03
-8.6111E-03
-3.4398E-03
5.5542E-03
1.0326E-02
4.2822E-03
-2.2549E-03
-2.3909E-03
3.6520E-03
2.7313E-03
-3.7033E-03
-1.1041E-02
-1.2681E-02
-1.1425E-03
7.8922E-03
1.0123E-02
4.2512E-03
-5.6071E-03
-9.9364E-03
-2.8482E-03
3.2040E-03
2.7645E-03
5.2447E-03
4.0356E-03
2.3961E-03
2.6974E-03
-5.3119E-04
-6.8993E-03
-2.6377E-03
4.5690E-03
4.8555E-03
1.2108E-03
-3.2446E-03
-7.0318E-03
-3.2321E-03
1.9701E-03
5.5538E-03
6.5875E-03
5.1674E-03
2.8998E-04
-3.8406E-03
-3.4758E-03
-5.9026E-03
-7.3864E-03
-6.0565E-03
-1.6578E-03
5.9020E-03
9.7940E-03
7.1086E-03
1.2190E-03
-2.9812E-04
1.7629E-03
2.1359E-03
7.9842E-04
-2.3791E-03
-7.6028E-03
-6.2660E-03
4.9223E-04
6.4748E-03
5.1107E-03
1.5587E-03
-3.6043E-03
-4.1229E-03
5.5411E-04
4.0635E-04
-1.4971E-03
-6.2403E-04
2.3905E-03
5.7009E-03
4.5617E-03
-9.7230E-04
-8.2011E-03
-5.9913E-03
3.1146E-03
8.4849E-03
6.6731E-03
-1.0508E-03
-6.0403E-03
-5.5559E-03
-6.0619E-03
-4.2347E-03
-1.9172E-03
2.8688E-03
6.5734E-03
4.3617E-03
-2.2425E-03
-4.6166E-03
-4.5470E-04
4.8347E-03
5.3699E-03
1.3647E-03
-2.2102E-03
-1.3858E-03
-1.6613E-03
-1.2663E-03
-4.8139E-03
-1.1736E-02
-1.1158E-02
1.5899E-03
1.2180E-02
1.1674E-02
2.5780E-03
-6.5521E-03
-6.9937E-03
3.7079E-03
1.1068E-02
5.6858E-03
-5.1236E-03
-1.8349E-03
4.4350E-03
6.4792E-03
1.2903E-03
-5.8798E-03
-6.2782E-03
1.4420E-03
2.2489E-03
-7.1822E-03
-1.2033E-02
-4.5710E-03
6.7538E-03
1.1448E-02
3.9052E-03
-6.8196E-03
-6.0278E-03
-5.6483E-04
5.4105E-03
3.7438E-03
5.4152E-04
1.3653E-03
4.5026E-03
3.7651E-03
-5.3489E-03
-1.0333E-02
-4.9320E-03
4.1143E-03
8.8201E-03
6.6373E-03
-1.5626E-03
-7.7375E-03
-1.3967E-03
2.1084E-03
4.2396E-03
2.1008E-03
-3.5343E-03
-6.6471E-03
4.6222E-04
4.3661E-03
2.6948E-03
-3.9619E-05
-5.3981E-04
2.3474E-03
6.1420E-03
3.3991E-03
-2.1101E-03
-6.7121E-03
-7.3242E-03
-5.4695E-03
-3.0529E-03
-1.2932E-04
4.5807E-04
3.1034E-03
3.2329E-03
2.0766E-03
1.4318E-04
4.4068E-04
2.9521E-04
4.4176E-03
7.9473E-03
5.8605E-03
9.0646E-04
-7.8728E-03
-1.4032E-02
-8.0787E-03
-6.2955E-04
2.5586E-03
1.5341E-03
6.3958E-04
5.1541E-03
1.2962E-02
1.1768E-02
-2.1754E-03
-1.6453E-02
-1.5968E-02
-3.7910E-03
1.1058E-02
1.1582E-02
1.3634E-03
-7.3687E-03
-2.1916E-03
8.5402E-03
8.5475E-03
-1.8725E-03
-8.3236E-03
-5.6037E-03
3.6938E-03
4.3053E-03
-5.7105E-03
-1.0629E-02
1.0066E-03
1.5517E-02
1.1722E-02
-5.7234E-03
-1.8651E-02
-1.0748E-02
1.2640E-02
1.9572E-02
2.4731E-03
-1.7755E-02
-1.3869E-02
9.9817E-03
2.2082E-02
5.9919E-04
-2.5595E-02
-1.5730E-02
3.1009E-02
7.2802E-02
1.9512E-03
-9.1150E-04
-4.3414E-03