7.0010E+03
1.0000E-02
8.2065E-08
-2.1570E-05
-1.6268E-05
-2.0869E-05
-1.6782E-05
-2.0449E-05
-1.5610E-05
-2.2188E-05
-1.5255E-05
-2.1614E-05
-1.5168E-05
-2.2788E-05
-1.6162E-05
-1.9161E-05
-1.7171E-05
-2.2008E-05
-1.2663E-05
-2.2169E-05
-1.5350E-05
-2.1178E-05
-1.5083E-05
-2.2222E-05
-1.4846E-05
-2.2261E-05
-1.5409E-05
-2.0757E-05
-1.4682E-05
-2.2709E-05
-1.5415E-05
-2.0856E-05
-1.6706E-05
-2.1540E-05
-1.3914E-05
-2.1485E-05
-1.4875E-05
-2.1509E-05
-1.4046E-05
-2.2596E-05
-1.4463E-05
-2.0853E-05
-1.5430E-05
-2.3236E-05
-1.4040E-05
-2.1886E-05
-1.4289E-05
-2.1305E-05
-1.4829E-05
-2.1916E-05
-1.3544E-05
-2.2665E-05
-1.5570E-05
-2.1262E-05
-1.5777E-05
-2.3105E-05
-1.4425E-05
-2.0949E-05
-1.3969E-05
-2.2360E-05
-1.5324E-05
-2.1966E-05
-1.3544E-05
-2.3835E-05
-1.4322E-05
-2.3406E-05
-1.3105E-05
-2.2864E-05
-1.3931E-05
-2.1882E-05
-1.3804E-05
-2.3877E-05
-1.5209E-05
-2.1307E-05
-1.3512E-05
-2.3995E-05
-1.2991E-05
-2.3548E-05
-1.4435E-05
-2.0865E-05
-1.4999E-05
-2.3420E-05
-1.4304E-05
-2.0994E-05
-1.4467E-05
-2.3525E-05
-1.3693E-05
-2.3634E-05
-1.3887E-05
-2.1638E-05
-1.3117E-05
-2.2274E-05
-1.4377E-05
-2.1603E-05
-1.5259E-05
-2.0906E-05
-1.5034E-05
-2.4777E-05
-1.1948E-05
-2.2414E-05
-1.5043E-05
-2.2867E-05
-1.2018E-05
-2.4818E-05
-1.2788E-05
-2.2007E-05
-1.4213E-05
-2.3368E-05
-1.1133E-05
-2.6188E-05
-1.2859E-05
-2.1476E-05
-1.2171E-05
-2.5982E-05
-1.1933E-05
-2.4669E-05
-1.0987E-05
-2.4192E-05
-1.1523E-05
-2.4568E-05
-1.3734E-05
-2.2082E-05
-1.1844E-05
-2.5528E-05
-1.2115E-05
-2.3400E-05
-1.3133E-05
-2.3415E-05
-1.4546E-05
-2.2666E-05
-1.2969E-05
-2.2044E-05
-1.2523E-05
-2.5074E-05
-1.1645E-05
-2.4241E-05
-1.1723E-05
-2.5060E-05
-1.0955E-05
-2.3322E-05
-1.2874E-05
-2.4653E-05
-1.1542E-05
-2.5624E-05
-1.0532E-05
-2.2633E-05
-1.2636E-05
-2.5649E-05
-9.9825E-06
-2.6422E-05
-1.0975E-05
-2.2859E-05
-1.2170E-05
-2.5312E-05
-1.1508E-05
-2.6125E-05
-1.1374E-05
-2.4501E-05
-1.0520E-05
-2.5842E-05
-1.0372E-05
-2.3636E-05
-1.2019E-05
-2.5695E-05
-8.8517E-06
-2.5647E-05
-1.0410E-05
-2.6871E-05
-9.2669E-06
-2.4976E-05
-1.3473E-05
-2.1893E-05
-1.0302E-05
-2.7018E-05
-1.1110E-05
-2.2587E-05
-1.2531E-05
-2.5893E-05
-1.0277E-05
-2.2723E-05
-1.2253E-05
-2.4090E-05
-9.0265E-06
-2.5033E-05
-1.0161E-05
-2.5423E-05
-9.6071E-06
-2.4686E-05
-3.4833E-06
-2.1490E-05
9.3525E-07
-1.1629E-05
3.0916E-06
-2.2422E-05
-8.1206E-06
-9.7455E-06
2.6561E-05
1.3801E-05
3.7548E-06
-4.2464E-05
-3.1946E-05
-2.4803E-05
2.2529E-05
1.7082E-05
2.0244E-05
-1.8498E-05
-7.1764E-06
-1.7379E-05
2.3982E-05
2.2398E-05
3.0768E-05
-3.0528E-06
1.2616E-05
1.3644E-06
3.6898E-05
1.6303E-05
1.9802E-05
-6.3743E-07
3.2023E-05
3.4273E-05
5.0923E-05
5.7478E-05
1.0435E-04
1.1866E-04
1.9312E-04
2.4074E-04
3.3999E-04
4.2517E-04
4.9536E-04
4.3588E-04
3.2394E-04
8.2646E-05
-1.3762E-05
2.3039E-05
1.4962E-04
2.6320E-04
3.8579E-04
3.5084E-04
2.8654E-04
1.3140E-04
-2.5633E-06
-2.5499E-04
-3.5141E-04
-4.3480E-04
-3.7191E-04
-1.3031E-04
1.6584E-04
1.2894E-04
-9.0275E-05
-2.8505E-04
-6.6394E-05
4.7061E-04
3.7580E-04
-3.1068E-04
-5.1302E-04
2.2849E-05
4.7804E-04
5.3760E-04
-2.6968E-04
-4.2992E-04
3.3048E-04
4.0236E-04
3.9196E-05
-3.2976E-04
-4.4387E-04
-8.8674E-04
-6.1169E-04
8.2451E-04
1.0080E-03
-5.3157E-04
-9.2971E-04
-3.1105E-04
-2.4559E-04
-5.4703E-05
1.5444E-04
2.8150E-04
1.5116E-04
-2.7060E-04
2.7193E-04
-4.5451E-05
-8.5170E-04
-1.1360E-03
3.0369E-04
6.6632E-04
-1.8682E-04
-1.0031E-03
-1.2538E-03
-8.9853E-04
6.7316E-04
1.0833E-03
1.0337E-03
2.1411E-04
-7.1829E-04
-4.6345E-04
-5.1860E-04
-1.1330E-03
-1.1768E-03
6.5970E-04
2.3977E-03
2.2785E-03
1.2837E-03
6.4482E-04
-4.2815E-04
-1.2977E-03
7.5119E-05
5.6804E-04
-1.0205E-03
4.0044E-05
1.9623E-03
1.2403E-03
-6.2191E-04
1.1498E-04
1.7854E-03
-1.1554E-04
-2.2406E-03
-1.8189E-03
2.4583E-04
6.5337E-04
-3.1552E-04
-1.9868E-03
-2.1683E-03
-9.0359E-04
6.7788E-04
6.2267E-04
-9.7447E-04
-2.9691E-04
1.0144E-03
2.8324E-03
3.0163E-03
-2.8505E-03
-6.5521E-03
-2.4721E-03
2.9714E-03
5.5179E-03
5.0195E-03
2.6110E-03
-1.5192E-03
-5.3600E-03
-4.7968E-03
-2.4551E-03
1.7121E-03
4.9943E-03
2.6836E-03
-1.0572E-03
-7.7839E-04
6.3315E-04
-3.4801E-04
-1.8602E-03
-1.5823E-03
-1.8265E-04
1.8609E-03
1.6968E-03
-1.3816E-03
-3.3612E-03
-5.2310E-03
-3.9238E-03
2.3371E-03
6.2041E-03
4.0542E-03
-1.1560E-03
-3.2772E-03
-1.9570E-03
1.2967E-03
4.1377E-03
3.3567E-03
1.1443E-03
-3.8079E-04
-8.1562E-04
9.3779E-04
-8.6406E-04
-3.7097E-03
-4.6784E-04
4.0469E-03
1.6443E-03
-3.7357E-03
-3.8709E-03
-5.6571E-04
8.6400E-04
8.1752E-04
9.9482E-04
-2.1953E-03
-3.1620E-03
4.7331E-05
2.5221E-03
2.0471E-03
-1.0521E-03
-1.5819E-03
3.8568E-04
2.4104E-03
5.2754E-03
5.7049E-03
1.0323E-03
-4.7370E-03
-6.8574E-03
-5.6963E-03
-1.6749E-03
1.8010E-03
2.6984E-03
3.0025E-03
6.0482E-04
-6.7460E-04
-1.4925E-03
1.6522E-03
4.1173E-03
1.7299E-03
-3.8081E-03
-6.6275E-03
-6.6153E-03
-4.0907E-03
1.3074E-04
3.9802E-03
8.1657E-03
1.0324E-02
7.0817E-03
-1.9744E-03
-6.5771E-03
-1.4008E-03
4.0365E-03
2.9972E-03
-7.1463E-04
-2.4461E-03
-2.7259E-03
6.2478E-04
-6.9557E-04
-4.6133E-03
-6.6574E-03
1.1536E-03
7.3619E-03
5.1372E-03
-3.6505E-04
-2.6183E-03
-4.3558E-04
2.2269E-03
3.0713E-03
-9.4915E-04
-1.1137E-03
-2.1671E-03
-6.5231E-04
-2.3325E-03
-4.6139E-03
-3.6626E-03
1.9163E-03
2.5042E-03
6.4556E-03
9.0815E-03
4.1775E-03
1.6281E-03
-1.4330E-03
-1.1563E-02
-1.6604E-02
2.5486E-03
1.2682E-02
-3.8388E-03
-2.1724E-02
-1.7298E-02
8.5689E-03
2.1310E-02
1.3280E-02
-2.4517E-03
1.4385E-03
1.3044E-02
1.2706E-02
-2.4409E-03
-2.0959E-02
-9.3201E-03
4.3885E-04
-4.6984E-03
-1.3733E-02
3.3571E-03
1.3437E-02
-3.4546E-03
-7.3937E-03
2.6457E-03
9.6722E-03
1.9918E-03
3.3154E-03
1.8813E-02
2.6187E-02
6.2174E-04
-2.5784E-02
-2.3788E-02
-1.1839E-02
7.1156E-03
1.8744E-03
-5.3415E-03
7.4611E-04
9.4314E-03
-3.1644E-03
-3.8857E-03
1.4473E-03
2.3845E-03
-1.0093E-02
-1.1995E-02
-4.0926E-03
8.7728E-03
2.4129E-02
2.1381E-02
4.2174E-03
-1.6402E-02
-1.2136E-02
1.5895E-03
-1.8855E-03
-8.9946E-03
4.4555E-04
1.1080E-02
1.4343E-02
1.3787E-02
7.7213E-03
-8.2263E-03
-1.9438E-02
-3.6559E-02
-2.6369E-02
-8.0248E-03
2.6425E-02
4.3367E-02
2.3468E-02
6.0249E-03
3.3954E-03
4.9515E-03
-3.0056E-02
-5.7313E-02
-1.0859E-02
4.1187E-02
4.5761E-02
7.7927E-03
-3.4931E-02
-3.4010E-02
-6.9938E-04
1.8459E-02
-7.8578E-04
-1.7386E-02
-2.0982E-03
2.4106E-02
3.5459E-02
1.9267E-02
-2.4357E-02
-3.4049E-02
5.5654E-03
1.3959E-02
-2.4985E-02
-1.8152E-02
1.4931E-02
1.2454E-02
2.8358E-04
3.2771E-04
9.9696E-03
1.1662E-02
5.2266E-03
1.0294E-03
1.0269E-02
2.6725E-04
-1.8654E-02
-2.8134E-02
-1.7825E-02
-3.2965E-03
1.0082E-02
3.0324E-02
2.8482E-02
-6.8879E-03
-3.8988E-02
-4.3021E-02
4.5441E-03
3.5978E-02
1.9069E-02
-7.6815E-03
-9.8859E-03
3.6991E-03
1.0570E-02
-9.0336E-04
-1.6427E-02
2.8608E-03
1.8170E-02
2.1417E-02
7.1814E-03
-1.5283E-02
-2.5747E-02
-1.0314E-02
3.8849E-03
8.1706E-03
9.0243E-03
1.8459E-02
2.1597E-02
1.4026E-02
-6.6903E-03
-2.4772E-02
-3.4621E-02
-2.9551E-02
-5.9881E-03
2.1852E-02
4.1118E-02
3.8662E-02
2.0127E-02
1.1340E-02
4.1567E-03
-2.6547E-03
-1.8047E-02
-5.1929E-02
-2.9562E-02
3.7080E-02
5.0268E-02
-8.1542E-03
-3.5324E-02
-9.4432E-03
9.0584E-03
-8.6241E-03
-2.7115E-02
-2.6450E-02
-3.4412E-03
1.9697E-02
4.1744E-02
2.0579E-02
-5.1520E-02
-3.8561E-02
1.4520E-02
2.6387E-02
-1.3292E-02
-3.7019E-02
2.6445E-03
5.0766E-02
3.7150E-02
2.7501E-03
-8.1264E-05
-7.0842E-03
-1.5971E-02
-1.5966E-02
-1.0725E-02
-5.0488E-04
5.0837E-03
-1.3948E-03
-2.7624E-02
-1.1446E-02
2.6521E-02
4.5029E-02
7.3305E-03
-4.8987E-02
-3.5184E-02
3.0790E-02
5.6021E-02
1.9315E-02
-1.2302E-02
-9.2704E-03
-2.0345E-02
-2.5526E-02
-1.3264E-02
-1.0627E-02
5.9417E-03
2.5998E-02
3.1372E-02
2.2583E-02
1.7639E-03
-2.2023E-02
-3.1108E-02
-1.8456E-02
2.8663E-02
4.5169E-02
-6.1146E-03
-4.2581E-02
-1.3896E-02
1.0478E-02
3.8075E-02
2.4532E-02
-4.1636E-03
-4.2893E-02
-4.6769E-02
2.7693E-02
5.6187E-02
-6.6711E-03
-3.4347E-02
-4.4758E-02
-6.3121E-03
5.3483E-02
7.5061E-02
4.4084E-02
-2.4216E-02
-2.5137E-02
-6.6558E-02
-6.0661E-03
7.9351E-02
6.4086E-02
3.4961E-03
7.8087E-04
-8.3664E-03
3.4750E-02
2.4015E-02
-5.0028E-02
-4.3671E-02
-6.0937E-02
-1.2149E-02
-6.2109E-04
7.2406E-03
2.5902E-02
5.0181E-02
4.8533E-02
-2.2337E-02
-1.8657E-02
-1.3066E-02
-2.4338E-02
-2.2758E-03
-2.8500E-02
1.0680E-02
3.3627E-02
3.2644E-02
5.2236E-02
-2.8383E-02
-2.2921E-02
3.0629E-03
3.7102E-04
-2.1931E-02
-3.1054E-05
3.3146E-02
1.2446E-02
2.1454E-02
1.9373E-02
2.9458E-02
1.4427E-02
-3.7839E-02
-1.1438E-01
-1.3961E-01
-8.0485E-02
3.3008E-02
6.2284E-02
4.7098E-02
1.0583E-02
-3.5363E-02
-2.8824E-02
-8.5568E-02
-2.9892E-03
2.5327E-02
6.8761E-02
7.7306E-02
1.4915E-02
-4.3873E-02
-9.7486E-02
-8.4341E-02
-3.4407E-02
-1.4775E-02
-4.7724E-02
3.1674E-02
6.5451E-02
7.0899E-02
6.3760E-03
-1.0423E-02
-5.3544E-03
-8.9929E-03
4.1262E-02
4.4736E-02
1.2869E-02
3.3532E-02
-1.1343E-02
-5.1505E-03
-8.0545E-03
-1.0232E-03
2.7734E-02
-4.4432E-03
-5.0887E-02
-3.3197E-02
1.7961E-02
3.0327E-02
6.2527E-02
4.5654E-02
4.5170E-02
-6.3026E-03
-5.8892E-02
-1.0744E-02
2.3113E-02
3.7816E-02
4.5845E-03
-1.1009E-02
-2.7190E-02
-5.7561E-02
-3.9915E-02
-5.8786E-03
6.4176E-03
2.6826E-02
4.4294E-02
2.9024E-02
8.7987E-03
9.4634E-03
2.2060E-02
3.6130E-02
4.1811E-02
8.2686E-03
-3.0199E-02
-5.4344E-02
-8.3556E-02
-8.4609E-02
-4.3981E-02
1.1361E-02
2.9740E-02
1.1878E-02
-4.0978E-03
1.0029E-02
5.2715E-02
5.1261E-02
9.4616E-03
-1.9858E-02
-1.7878E-02
-1.2399E-02
-5.8008E-03
-1.0742E-02
-2.0539E-02
-1.2531E-02
-1.3925E-02
-2.6635E-02
5.6905E-03
6.1630E-02
6.5163E-02
2.4154E-02
-4.1727E-02
-5.0388E-02
-3.2396E-02
1.4332E-02
2.3850E-02
3.1704E-02
8.8521E-04
-2.8105E-02
-1.3609E-02
1.5098E-02
2.1072E-02
-2.7612E-03
-4.1647E-02
-3.6081E-02
-8.0959E-03
3.2370E-02
4.9721E-02
3.1671E-02
-8.2731E-03
-3.7883E-02
-2.7777E-02
2.1464E-02
3.5590E-02
1.5612E-02
7.4980E-03
1.5311E-02
-1.5568E-03
-3.0438E-02
-9.2771E-03
-1.5787E-02
1.5478E-02
2.8685E-02
4.4128E-02
5.6256E-03
-1.5350E-02
1.7792E-02
-3.3548E-03
-1.0526E-02
-5.4831E-03
-1.1552E-02
3.8445E-03
3.9281E-03
-7.8319E-03
4.3198E-04
8.1895E-03
1.4483E-02
-4.3525E-03
-1.4490E-02
1.9934E-03
4.0481E-02
2.2420E-02
1.2752E-02
1.8831E-02
2.6485E-03
-4.2661E-02
-3.5558E-02
-4.4639E-03
2.0913E-02
1.9590E-02
-4.7804E-03
-2.3158E-02
-2.9398E-02
3.8818E-03
6.5871E-02
8.0227E-02
2.4522E-02
-4.3731E-02
-5.1431E-02
-2.6797E-02
8.0186E-04
-1.7753E-02
-1.9507E-02
1.6067E-02
1.7447E-02
3.6930E-03
-1.8306E-02
-3.5034E-03
1.1915E-02
-1.4136E-02
-5.3360E-02
-4.3568E-02
1.4896E-02
8.5218E-02
4.8527E-02
-2.5572E-02
-3.9214E-02
-3.4504E-02
-2.5814E-02
-4.2753E-02
-2.9317E-02
7.8169E-03
5.0466E-02
3.5732E-02
7.3923E-03
1.1320E-02
1.0686E-02
1.2610E-03
1.1090E-02
1.9243E-02
-1.4891E-02
-7.7038E-02
-5.1008E-02
3.3320E-03
4.5500E-02
2.5303E-02
-1.8019E-03
1.1431E-03
1.9053E-02
2.8145E-02
3.2680E-02
3.6619E-02
5.9199E-03
-1.5550E-03
-2.8834E-02
-5.3541E-02
-4.4489E-02
-4.0353E-02
-2.0826E-02
6.0399E-03
3.3431E-02
3.3727E-02
4.9490E-02
2.6119E-02
-4.0663E-02
-5.7779E-02
-6.5858E-03
3.9208E-02
5.2916E-02
4.6342E-02
6.4428E-03
-2.9219E-02
-3.0703E-02
-3.1795E-02
-3.4968E-02
-5.4362E-03
3.0350E-03
4.3783E-03
9.9229E-03
9.2728E-03
-1.1222E-02
-6.5198E-03
2.1537E-03
-2.3815E-03
7.2921E-03
3.6309E-03
-1.7828E-02
-7.5702E-03
3.4033E-02
6.2310E-02
4.3024E-02
8.3634E-03
6.8924E-03
1.2917E-02
5.6236E-03
-1.3875E-03
1.2503E-03
-1.0629E-02
-5.3594E-02
-4.4497E-02
-1.0990E-02
1.5979E-02
-1.6105E-02
-3.7026E-02
-3.1505E-03
1.4060E-02
1.3153E-02
3.5500E-03
-3.7778E-03
-7.1636E-03
-1.6637E-02
8.9567E-04
1.2958E-02
2.3497E-03
-3.2164E-03
8.3332E-03
2.6638E-02
6.6778E-03
-6.7032E-03
1.6369E-02
2.0652E-02
-3.2498E-03
-1.5172E-02
-9.6501E-03
2.4116E-02
3.2383E-02
1.4535E-02
1.8446E-03
-2.3147E-03
-5.3552E-03
-6.9717E-03
-2.3167E-02
-4.3997E-02
-5.5336E-02
-3.9186E-02
5.3927E-03
2.3876E-02
2.2607E-02
2.6957E-02
2.5817E-02
5.5224E-02
6.4442E-02
7.4254E-03
-6.1238E-02
-5.6427E-02
6.2377E-03
3.1347E-02
2.0099E-02
1.1028E-03
-2.0867E-02
-4.7409E-02
-4.0112E-02
-3.1879E-02
-1.0182E-02
2.1604E-02
2.8502E-02
3.4835E-02
4.8307E-02
2.2109E-02
-3.5120E-02
-7.1175E-02
-4.2199E-02
2.0586E-02
3.0919E-02
2.2910E-03
-4.0665E-02
-5.5854E-02
-4.5078E-02
-5.7243E-03
3.5521E-02
4.9991E-02
4.2972E-02
8.7776E-03
-1.9522E-02
-7.1383E-03
2.4065E-02
1.7639E-02
-7.2468E-03
-3.4921E-02
-3.8946E-02
-3.8965E-04
2.5687E-02
4.6409E-02
4.6768E-02
2.6155E-02
1.1942E-02
-1.1393E-02
-1.9555E-02
-1.0496E-02
5.1647E-03
2.1971E-02
1.2431E-02
-2.3250E-02
-5.0245E-02
-3.2410E-02
-8.8883E-03
-1.0779E-02
-2.8153E-02
-3.8556E-02
-9.2052E-03
2.2163E-02
3.5323E-02
1.0486E-02
-7.6590E-03
2.8003E-02
5.1165E-02
2.9551E-02
-1.3336E-02
-1.3048E-02
-7.2494E-03
-2.5562E-02
-2.6204E-02
-1.0613E-02
1.3557E-02
1.8213E-02
-5.1900E-03
-1.5861E-02
-1.5285E-02
-2.6921E-02
-2.3752E-02
-3.5977E-03
1.5809E-02
3.2255E-02
1.4192E-02
-1.4824E-02
-2.8724E-03
3.1596E-02
2.1938E-02
1.3005E-02
1.0996E-02
-4.1684E-03
1.3050E-02
1.7197E-02
-1.2493E-02
-2.5013E-02
-4.8674E-04
7.2239E-03
-2.2424E-02
-2.6891E-02
-5.4188E-03
2.5449E-02
1.8684E-02
-2.1957E-02
-5.5996E-02
-4.1856E-02
-8.6471E-03
-7.7572E-03
3.9006E-03
1.1429E-02
2.1385E-02
4.3138E-02
4.6993E-02
3.6575E-02
1.5505E-02
-6.0103E-03
-1.0003E-02
-1.5040E-02
-1.3378E-02
-1.1619E-02
-1.3907E-02
-2.3866E-02
-4.5530E-02
-3.8337E-02
-7.1115E-03
5.3253E-03
-7.7801E-03
-6.2517E-04
3.1622E-02
6.1725E-02
4.8840E-02
1.0535E-02
-4.4097E-02
-3.9086E-02
1.1991E-02
6.2489E-02
6.1058E-02
4.9442E-04
-5.1311E-02
-6.8109E-02
-3.7756E-02
1.1905E-02
4.3199E-02
5.4408E-02
3.9233E-02
-1.7452E-02
-6.1420E-02
-4.2792E-02
-1.3613E-02
2.4624E-03
2.8245E-03
-2.7249E-03
6.3295E-03
2.2594E-02
1.5092E-02
1.0055E-02
2.2409E-02
1.9515E-02
-3.2046E-03
-2.5264E-02
-2.3864E-02
-2.5091E-02
-1.6874E-02
1.8595E-02
4.3586E-02
3.4548E-02
-8.9661E-03
-3.8621E-02
-2.4363E-02
1.7906E-02
2.1166E-02
-2.0709E-03
-7.8863E-03
-1.5192E-02
-7.1059E-03
-8.3888E-03
-6.3840E-04
1.7271E-02
-3.2635E-03
-2.4829E-02
-2.4978E-02
-1.1130E-03
2.3216E-02
1.5126E-02
1.2597E-02
8.8912E-03
9.2258E-03
9.4727E-03
7.8896E-03
1.8202E-02
2.5349E-02
2.9655E-03
-2.8113E-02
-2.1034E-02
1.7077E-04
5.4686E-03
-2.3781E-02
-4.5870E-02
-4.2716E-03
2.9266E-02
1.4224E-02
-7.3566E-03
-1.4792E-02
-6.4654E-03
8.3528E-03
7.0352E-03
-7.9141E-03
-2.2926E-03
2.6493E-02
3.4012E-02
-8.9280E-03
-1.9003E-02
9.1385E-03
1.5732E-02
1.7549E-02
-2.0269E-03
-3.7039E-02
-2.9967E-02
2.0511E-03
2.8627E-02
2.9293E-02
8.3871E-03
-2.2282E-02
-3.3546E-02
-1.1987E-02
2.7328E-04
9.5999E-03
1.2468E-02
-5.1563E-03
-2.0185E-02
-2.2726E-02
-2.0428E-03
3.6445E-02
6.1160E-02
4.0603E-02
-1.5770E-02
-6.2301E-02
-4.1986E-02
1.0682E-02
3.1583E-02
5.4525E-03
-2.8685E-02
-2.5214E-02
-1.5970E-02
1.2283E-02
3.8292E-02
3.0258E-02
7.0796E-03
-1.8294E-03
5.1947E-03
2.2170E-02
6.1318E-03
-1.8163E-02
-2.4761E-02
-3.3612E-03
-6.7533E-03
-2.8931E-02
-4.0919E-02
-2.7961E-02
-1.2975E-02
1.0789E-03
1.4462E-02
3.2138E-02
3.7181E-02
3.2772E-02
2.1011E-02
2.1261E-03
-1.8398E-02
-2.4463E-02
-3.1302E-02
-3.7920E-02
-1.5320E-02
1.1971E-02
2.9113E-02
2.3799E-02
1.3299E-02
5.7282E-03
-1.3012E-02
-1.8160E-02
6.2084E-04
6.7594E-03
5.5605E-03
9.9327E-03
1.0018E-02
4.5017E-03
-4.4749E-03
-7.2667E-03
-1.1556E-02
-1.7743E-02
8.4389E-04
-9.2477E-04
-7.6556E-03
1.3735E-02
3.6753E-02
1.4955E-02
-1.5959E-02
-3.7142E-02
-5.4567E-02
-3.1967E-02
2.8129E-02
6.0080E-02
1.7129E-02
-2.8437E-02
-9.1230E-03
4.0021E-02
3.7306E-02
1.6281E-02
9.9472E-03
-8.7296E-03
-1.0972E-02
4.7082E-03
-1.1789E-02
-2.1008E-02
-7.8113E-03
4.7322E-03
-3.6515E-03
-2.0469E-02
-3.1764E-02
-1.2372E-02
2.0533E-02
3.8068E-02
2.3285E-02
-8.7179E-03
-2.8859E-02
-3.2894E-02
-1.1199E-02
3.4968E-02
5.6001E-02
2.3910E-02
-4.1016E-03
-1.3008E-02
-1.1920E-02
-6.9151E-03
-1.3450E-02
-3.7939E-02
-5.5836E-02
-3.9095E-02
-6.9624E-03
1.8872E-02
5.1414E-02
5.1816E-02
1.5159E-02
-1.9313E-02
-1.4835E-02
2.4212E-02
4.2844E-02
1.7346E-02
-2.4658E-02
-3.5907E-02
-1.7618E-02
-3.2420E-02
-4.3393E-02
4.0694E-03
4.8616E-02
4.5628E-02
1.9499E-02
-1.3109E-02
-2.9946E-02
-1.5341E-02
3.2266E-03
1.4105E-02
8.2742E-03
-7.4724E-03
-8.1591E-04
3.1201E-02
4.7681E-02
1.6927E-02
-3.0085E-02
-5.3054E-02
-2.6926E-02
2.3441E-03
1.1316E-02
1.6006E-02
-1.0798E-02
-2.7475E-02
-2.0947E-02
-1.3646E-02
9.0916E-04
3.5321E-02
5.2724E-02
2.6179E-02
-1.3971E-02
-4.2848E-02
-5.5692E-03
3.1562E-02
2.4190E-02
-9.2266E-03
-3.2973E-02
-2.4122E-02
-4.8822E-03
2.0295E-02
2.9078E-02
2.0897E-02
-1.8356E-03
-6.8083E-03
7.0708E-03
1.6665E-02
7.3066E-03
-4.2602E-03
-5.3461E-03
-2.9368E-03
-2.6401E-03
2.2630E-03
1.1078E-02
1.3775E-03
-2.3141E-02
-3.5128E-02
-1.7148E-02
8.8814E-03
1.2033E-02
-3.1733E-03
-1.2468E-02
-1.2313E-02
-1.5785E-02
-1.6763E-02
4.6199E-03
3.1851E-02
3.1735E-02
-6.0447E-03
-3.3008E-02
-1.9414E-02
1.8969E-02
3.2515E-02
1.4958E-02
-8.5192E-03
-2.3648E-02
-4.2530E-02
-3.7543E-02
8.9598E-03
5.0349E-02
3.7779E-02
4.0333E-03
-4.2822E-04
8.8015E-04
-2.7704E-04
-1.3865E-03
9.4415E-03
1.6538E-02
-4.1448E-03
-3.0900E-02
-2.4310E-02
1.3318E-02
4.0057E-02
1.9558E-02
-1.7369E-02
-5.1085E-02
-3.5070E-02
9.6689E-03
3.1687E-02
1.1747E-02
-1.4003E-02
-9.2557E-03
1.2888E-02
1.9995E-02
4.6896E-03
-1.5837E-02
-2.6369E-02
-1.6571E-02
8.0499E-03
2.0454E-02
1.8568E-02
1.3016E-02
1.9889E-03
-4.0657E-03
-1.2065E-02
-3.0485E-02
-4.0947E-02
-2.6419E-02
-5.7381E-03
-2.9479E-03
2.3712E-03
1.8856E-02
2.7956E-02
2.7480E-02
2.8686E-02
2.4905E-02
1.8535E-02
-3.4657E-03
-3.4351E-02
-2.6067E-02
-8.7511E-04
1.9029E-02
1.7540E-02
-6.7300E-03
-2.6498E-02
-1.9607E-02
1.3734E-02
2.4822E-02
1.5907E-02
4.3770E-04
-6.5762E-03
-2.7233E-03
-1.9702E-03
4.9016E-03
1.1515E-02
-1.7444E-03
-1.9558E-02
-1.3403E-02
6.7707E-03
9.9593E-03
-8.5496E-03
-1.0826E-02
1.0322E-02
1.3510E-02
-1.8206E-02
-4.1358E-02
-3.0394E-02
1.1264E-02
3.3667E-02
1.3084E-02
-1.1392E-02
-2.7668E-03
2.2134E-02
2.3713E-02
7.4181E-03
-8.4027E-03
-1.3407E-02
-1.6217E-02
-1.5639E-02
3.7927E-03
2.5145E-02
1.6010E-02
-1.6568E-02
-3.0726E-02
-1.3552E-02
1.1914E-02
1.9149E-02
1.3941E-02
6.9323E-03
4.2109E-03
-1.8987E-03
5.3194E-03
1.3814E-02
-1.6836E-03
-2.8348E-02
-3.7414E-02
-1.4744E-02
3.2483E-02
4.2302E-02
6.2321E-03
-2.8205E-02
-4.1108E-02
-2.4067E-02
6.9389E-03
2.4673E-02
1.6701E-02
4.6431E-03
7.9764E-03
1.3555E-02
1.6633E-02
5.9283E-03
-1.5097E-02
-2.6556E-02
-2.1802E-02
-5.1018E-03
1.1061E-02
1.3812E-02
-1.7498E-03
-1.5072E-02
-1.1528E-02
5.3527E-03
1.7620E-02
1.7312E-02
8.2484E-04
-3.7333E-03
4.9122E-03
7.9616E-03
2.3567E-03
4.1431E-03
-1.1509E-03
-1.1440E-02
-1.3668E-02
-5.4829E-03
5.0621E-03
7.1008E-03
-5.8747E-03
-1.8498E-02
-1.5340E-02
-4.3721E-03
4.6533E-04
7.3488E-03
1.6067E-02
1.3143E-02
-3.9676E-03
-1.1130E-02
6.3496E-03
1.6136E-02
1.9352E-02
1.2742E-02
-6.1504E-03
-1.2394E-02
-4.5885E-03
4.0339E-03
7.0578E-03
-5.3414E-04
-4.0969E-03
9.1813E-03
1.3696E-02
-2.7733E-03
-2.1187E-02
-2.8097E-02
-2.4746E-02
-6.9926E-03
9.7042E-03
1.6639E-02
2.2492E-02
1.0861E-02
-1.3283E-02
-1.9502E-02
-3.0681E-03
1.3092E-02
3.0329E-03
-6.4116E-03
-3.6955E-04
6.6772E-03
3.2495E-03
-6.8845E-03
-7.1250E-03
-6.4395E-03
-6.5149E-03
-2.3369E-03
4.1461E-03
1.6058E-02
2.3656E-02
1.2126E-02
-1.5113E-02
-2.5366E-02
-5.3181E-03
1.3320E-02
4.4559E-03
-1.5551E-02
-1.4654E-02
1.4332E-03
1.3995E-02
1.7181E-02
1.3441E-02
9.0012E-03
6.0868E-03
5.8144E-04
-1.3439E-02
-1.6996E-02
-1.0151E-02
-7.6149E-03
-7.5699E-03
1.3103E-03
1.3148E-02
1.4880E-02
7.0742E-03
-1.2033E-03
-3.1512E-03
2.2065E-05
2.3204E-03
3.1272E-03
2.2450E-03
-8.5082E-03
-1.5055E-02
-1.0119E-02
5.9320E-04
1.4066E-02
1.3279E-02
5.4378E-04
-1.1228E-02
-1.0054E-02
7.0782E-03
9.3080E-03
-6.5875E-03
-1.5802E-02
-8.0512E-03
-2.9224E-04
5.0175E-03
1.1826E-02
1.5723E-02
1.3286E-02
2.7411E-03
-7.0316E-03
-7.6059E-03
-3.7110E-03
-5.6466E-03
-6.5057E-03
-9.0380E-03
-1.0968E-02
-1.0755E-02
-5.1125E-04
1.0811E-02
1.0394E-02
1.7876E-03
-6.2499E-03
-5.1039E-03
-2.7849E-03
2.9212E-03
8.1340E-03
5.4787E-03
5.9412E-04
1.5478E-03
4.8048E-03
2.9308E-03
-3.9545E-03
-8.9105E-03
-1.2210E-03
1.5683E-02
2.8220E-02
2.6165E-02
7.3854E-03
-1.4580E-02
-2.1550E-02
-1.6304E-02
-4.9347E-03
-4.3324E-03
-6.6728E-03
-1.0668E-02
-9.8370E-03
2.4592E-03
9.3457E-03
1.4908E-02
1.3089E-02
-7.2978E-03
-2.3038E-02
-1.6820E-02
3.9330E-04
1.3015E-02
5.6711E-03
-7.9844E-03
-1.0849E-02
-5.6372E-04
1.1575E-02
1.1729E-02
-3.6134E-03
-1.3287E-02
-2.1763E-03
2.0050E-02
3.3004E-02
2.3252E-02
2.0208E-03
-6.0044E-03
-8.2363E-03
-1.2617E-02
-1.1179E-02
-4.0283E-03
-3.4971E-03
-1.2312E-02
-1.5446E-02
-7.6798E-03
7.6018E-04
8.3680E-03
1.1696E-02
5.7307E-03
1.3058E-04
-1.9389E-03
1.7333E-03
1.3812E-02
1.5254E-02
-2.9078E-03
-1.7078E-02
-1.4531E-02
-4.0686E-03
-7.2406E-05
-8.8078E-03
-8.3242E-03
-1.6931E-03
4.8576E-03
1.0437E-02
5.3907E-03
-1.1286E-04
7.3290E-03
1.7602E-02
1.5215E-02
-5.1743E-03
-3.1989E-02
-3.7157E-02
-1.8771E-02
-1.6918E-03
6.5237E-03
1.2307E-02
1.2866E-02
1.0819E-02
1.1576E-02
1.0973E-02
-6.1519E-05
-1.3085E-02
-1.7288E-02
-1.8741E-03
1.6847E-02
1.7059E-02
7.4983E-03
1.0705E-02
1.4251E-02
3.7850E-03
-1.2610E-02
-2.1011E-02
-1.7056E-02
-8.8518E-03
-4.6400E-03
-3.7541E-03
-4.5039E-03
-6.8280E-03
-2.7160E-03
6.9088E-03
6.8413E-03
7.6922E-03
1.3387E-02
1.8705E-02
1.3844E-02
-9.6203E-04
-2.0865E-02
-2.2113E-02
-2.8166E-03
1.0349E-02
1.3117E-02
2.4054E-04
-1.1061E-02
-9.8797E-03
-5.5494E-03
-1.3855E-03
8.0184E-04
-5.2650E-03
-9.9504E-03
-9.3752E-04
6.8748E-03
8.0165E-03
3.1965E-03
-7.4612E-04
3.6686E-03
7.9942E-03
1.0828E-02
1.3716E-02
8.7825E-03
2.1782E-03
-7.5546E-03
-1.7842E-02
-1.9580E-02
-5.3708E-03
1.5036E-02
2.4520E-02
1.3837E-02
-1.1803E-02
-3.3525E-02
-2.0471E-02
1.4495E-02
3.0807E-02
1.7040E-02
-3.1237E-03
-7.6755E-03
-3.1922E-03
-2.0741E-03
-6.7035E-03
-1.1071E-02
-1.6348E-02
-2.1201E-02
-1.7855E-02
2.2977E-03
2.5064E-02
2.6077E-02
1.3385E-02
-1.9365E-03
-2.9195E-03
6.7185E-03
1.1585E-02
3.8722E-03
-6.8856E-03
-5.2946E-03
3.7419E-03
6.5495E-03
5.1168E-03
-7.4106E-03
-1.9996E-02
-1.7753E-02
-5.1987E-03
4.0006E-03
9.4072E-03
2.7283E-03
-1.3453E-02
-1.7900E-02
-8.8381E-03
7.4836E-03
2.0218E-02
1.5627E-02
2.8384E-03
-1.7896E-03
3.6307E-03
8.5623E-03
5.9711E-03
1.4474E-03
-9.0458E-03
-1.2220E-02
-6.5781E-03
9.1970E-05
-4.1513E-04
-7.0736E-03
-1.2153E-02
-5.2330E-03
7.9966E-03
1.7337E-02
1.2828E-02
4.0863E-03
8.3124E-04
1.4873E-04
1.3633E-03
-2.5643E-03
-5.1578E-03
-2.9501E-03
4.3672E-03
8.3523E-03
6.7927E-03
-2.4183E-03
-1.2783E-02
-8.7984E-03
1.1986E-02
2.3067E-02
4.9936E-03
-1.7472E-02
-1.9238E-02
-6.4198E-03
-2.6927E-04
-1.0514E-04
1.1230E-03
4.0014E-03
6.6130E-03
7.2893E-03
5.6368E-03
2.2349E-03
-2.7560E-03
-9.2197E-03
-1.7108E-02
-1.4303E-02
8.7900E-03
2.5494E-02
1.7480E-02
-3.0902E-04
-9.8630E-03
-6.7610E-03
-2.1352E-03
-5.1602E-03
-1.0579E-02
-8.0956E-03
2.2770E-03
2.8475E-03
1.0248E-04
5.4266E-03
1.1452E-02
9.2240E-03
8.1163E-03
7.4350E-03
-1.7918E-03
-1.8072E-02
-2.2414E-02
-7.0902E-03
8.8979E-03
-2.4075E-04
-1.5073E-02
-7.4967E-03
6.1073E-03
7.8282E-03
6.5449E-03
2.8848E-03
2.2859E-03
4.3733E-03
5.5385E-03
3.0687E-03
6.0851E-03
1.0257E-02
8.5179E-03
-1.9696E-03
-1.6318E-02
-2.3706E-02
-1.5158E-02
-1.5535E-03
4.0229E-03
6.6156E-03
7.7883E-03
6.4749E-03
7.7131E-03
3.3004E-03
-5.3669E-03
-6.2955E-03
-9.5736E-03
-1.1920E-02
-6.3709E-03
3.3467E-03
8.8439E-03
8.9517E-03
5.5632E-03
7.3060E-05
-2.9337E-03
-3.2166E-03
-1.3395E-03
4.2419E-03
8.6125E-03
6.7781E-03
4.9236E-03
-3.6245E-03
-1.3296E-02
-8.8209E-03
6.3500E-03
2.1628E-02
1.6464E-02
-3.3650E-04
-4.7756E-03
3.5665E-04
5.2382E-03
-1.9331E-03
-1.3768E-02
-1.7334E-02
-1.1772E-02
-7.9990E-04
8.7300E-03
1.2119E-02
1.1308E-02
2.4014E-03
-9.2332E-03
-1.5554E-02
-9.7486E-03
8.8950E-03
1.0819E-02
1.3133E-04
-1.3791E-03
2.0354E-03
3.3243E-03
-7.5890E-03
-1.4894E-02
-6.5291E-03
7.0459E-03
8.2632E-03
2.9721E-03
3.1169E-04
-5.2466E-05
-2.0308E-03
-3.2187E-03
1.4421E-03
7.1451E-03
3.1558E-03
-2.1310E-03
-8.5923E-04
3.8178E-03
1.1436E-02
1.0687E-02
1.1849E-03
-2.0764E-03
1.4414E-03
1.5450E-03
1.4264E-03
-1.5289E-03
-8.3515E-03
-1.4283E-02
-1.3819E-02
-3.8480E-03
1.4680E-02
2.2852E-02
5.0823E-03
-1.3016E-02
-1.3697E-02
-5.0238E-03
2.4034E-03
9.1362E-03
9.9822E-03
5.6890E-04
-1.1245E-02
-1.4091E-02
-7.9835E-03
-1.2023E-03
3.0844E-03
7.4730E-03
9.7638E-03
1.2340E-02
1.9651E-02
1.8119E-02
6.1952E-03
-1.4878E-02
-2.1803E-02
-3.9033E-03
6.3503E-03
1.9040E-03
-2.2738E-03
-8.2397E-03
-1.3575E-02
-1.5578E-02
-1.0268E-02
-3.2537E-03
4.1780E-03
8.2314E-03
5.1418E-03
2.4589E-03
1.1354E-03
6.0474E-03
1.1041E-02
7.6764E-03
2.9900E-03
4.8919E-04
-1.6941E-03
-9.8246E-04
-3.7327E-03
-1.2445E-02
-7.8713E-03
9.4407E-03
1.7333E-02
8.0145E-03
-1.3003E-02
-1.8045E-02
5.8271E-04
1.6951E-02
1.3819E-02
-8.8270E-04
-1.1494E-02
-1.2709E-02
-1.1808E-02
-6.4433E-03
-2.3044E-03
-1.1500E-03
4.4159E-03
7.1007E-03
3.6692E-03
2.2735E-03
7.9238E-04
-1.0039E-02
-1.4698E-02
-1.7680E-03
1.1140E-02
1.6903E-02
6.4553E-03
-4.8497E-03
-4.1992E-03
4.9246E-03
1.4502E-02
1.6589E-02
4.3829E-03
-8.9706E-03
-1.6101E-02
-8.0024E-03
3.3273E-03
7.0994E-03
2.8415E-03
-2.9003E-04
-1.9677E-03
-4.6792E-03
-3.4096E-03
4.5030E-03
1.2795E-02
7.0371E-03
-5.7153E-03
-7.9605E-03
-3.9690E-03
-3.7806E-03
8.9002E-04
2.7571E-04
-2.3766E-03
3.7439E-04
3.3689E-03
2.9439E-03
3.8314E-03
6.2224E-03
9.6442E-03
3.3003E-03
-1.2284E-02
-1.8700E-02
-1.0666E-02
-3.3235E-03
6.8182E-03
1.7743E-02
1.3053E-02
-2.0893E-03
-1.9306E-02
-1.7616E-02
1.3087E-03
1.4375E-02
5.8191E-03
-1.0295E-03
5.8191E-03
1.0799E-02
4.5859E-03
-4.2896E-03
-5.5416E-03
-1.1242E-03
-3.1316E-04
-6.5393E-03
-8.1464E-03
-2.5293E-03
6.4431E-03
1.3216E-02
1.2593E-02
1.3512E-03
-1.5836E-02
-1.8265E-02
-9.4311E-03
2.7429E-03
1.0805E-02
9.3327E-03
-1.4233E-03
-3.8341E-03
3.7994E-03
1.0508E-02
5.1493E-03
8.1593E-04
3.0501E-03
1.0261E-02
1.1332E-02
5.8049E-03
-3.9288E-03
-1.7415E-02
-2.2866E-02
-1.2262E-02
1.1598E-02
1.7912E-02
3.7605E-03
-8.4301E-03
-6.8199E-03
3.6805E-03
1.1436E-02
7.8780E-03
-5.8511E-04
-1.0554E-02
-1.2696E-02
-9.1680E-03
-1.4900E-03
9.6020E-03
1.9924E-02
1.4511E-02
-4.2043E-03
-1.5272E-02
-1.0661E-02
-4.2779E-03
-8.6077E-03
-8.1300E-03
-7.0534E-04
4.8013E-03
7.8523E-03
7.9815E-03
8.8222E-03
4.8013E-03
2.5515E-03
7.6091E-03
7.2842E-03
3.3294E-03
1.9756E-03
-6.3755E-03
-1.5208E-02
-1.4978E-02
-6.5638E-03
5.4927E-03
7.5062E-03
-2.4500E-04
-9.0834E-03
-6.6353E-03
-1.1833E-04
1.1185E-02
1.7239E-02
1.2337E-02
1.7234E-03
2.3351E-03
3.5577E-03
-9.0602E-04
-5.2884E-03
-6.4632E-03
-5.6672E-03
-4.3337E-03
-4.3641E-03
-8.5220E-04
-4.2388E-03
-6.1460E-03
3.1675E-03
9.9439E-03
1.0911E-02
8.3172E-03
1.6174E-03
-2.7325E-03
6.1013E-03
1.3287E-02
5.0068E-03
-5.5270E-03
-1.2715E-02
-1.0028E-02
3.6879E-03
5.3581E-03
-2.7876E-03
-7.5588E-03
-1.0892E-02
-6.2569E-03
4.4002E-03
1.3115E-02
1.4541E-02
8.5491E-03
6.8325E-03
-3.9549E-03
-1.6604E-02
-1.0980E-02
1.0517E-03
1.1929E-02
4.2598E-03
-1.3353E-02
-2.0432E-02
-1.2552E-02
-6.1125E-03
5.2642E-03
1.7644E-02
1.4769E-02
7.8828E-03
3.1250E-03
9.9997E-03
1.8646E-02
1.2103E-02
-2.9232E-03
-1.0984E-02
-1.4173E-02
-1.1355E-02
-9.1377E-03
-8.8214E-03
-5.4630E-03
5.1420E-03
1.6599E-02
9.1159E-03
8.1835E-04
9.4449E-04
4.6044E-03
1.2097E-02
5.3546E-03
-7.3589E-03
-1.8389E-02
-1.2847E-02
-2.1111E-03
-2.1280E-03
-7.3153E-03
-8.4814E-03
4.7881E-03
1.2209E-02
5.2587E-03
1.3882E-03
5.4981E-03
4.2640E-03
1.6410E-04
-3.0997E-03
-7.4678E-04
1.0428E-03
6.2352E-03
-5.3235E-03
-2.0957E-02
-1.5901E-02
-1.3377E-02
-1.7300E-03
1.5782E-02
1.7395E-02
6.2110E-03
-4.0336E-03
-3.1801E-04
3.7747E-03
6.8399E-03
3.5492E-03
-3.8800E-03
-2.5334E-03
-1.5555E-03
-4.0199E-03
-5.3948E-04
4.6093E-03
-3.7602E-04
-1.4761E-02
-1.7910E-02
-6.0702E-03
5.5229E-04
9.8187E-03
1.4700E-02
5.6868E-03
-7.6029E-03
-1.7225E-02
-1.0785E-02
1.4316E-03
1.4507E-02
1.9463E-02
3.6839E-03
-1.3813E-02
-1.3388E-02
-2.0110E-03
1.1009E-02
2.0587E-02
1.8950E-02
1.6058E-03
-1.4485E-02
-7.7624E-03
7.1943E-03
1.5230E-02
6.9508E-03
-1.6884E-03
-9.6749E-03
-2.7352E-02
-2.9289E-02
-8.9601E-03
1.8878E-02
2.0999E-02
-2.4358E-03
-2.5134E-02
-1.6572E-02
8.2556E-03
1.8790E-02
1.3371E-02
6.4636E-03
6.1775E-03
-3.2503E-03
-1.5393E-02
-1.1431E-02
-3.7298E-04
7.9937E-03
1.9535E-02
2.4121E-02
1.2025E-02
-7.3994E-03
-2.3837E-02
-1.9310E-02
-1.0335E-02
1.6511E-02
2.6908E-02
7.1879E-03
-2.9718E-02
-2.7059E-02
1.3040E-02
9.6278E-03
-9.9699E-03
-1.4826E-02
-9.5433E-03
6.7911E-04
9.9956E-03
1.3348E-02
5.2111E-03
-7.0634E-03
-5.9298E-04
1.4410E-02
2.7099E-02
1.9074E-02
-6.4415E-03
-1.9891E-02
-1.5604E-02
-4.1744E-03
4.9628E-03
6.2826E-03
-9.6895E-03
-2.5491E-02
-2.5442E-02
-1.9483E-02
7.1772E-04
1.8907E-02
4.4947E-05
-2.5849E-02
-2.5402E-02
7.2586E-04
2.2891E-02
2.7520E-02
2.2354E-02
1.0728E-02
6.3498E-03
1.1408E-02
3.7352E-03
-5.6704E-03
-1.0447E-02
-1.5440E-02
-1.6110E-02
-1.8582E-02
-2.2950E-02
-2.1173E-02
4.3638E-03
3.2574E-02
3.8969E-02
2.1027E-02
-3.2882E-04
-1.1628E-02
-2.0063E-03
8.1617E-03
4.0131E-03
-8.0693E-03
-1.1271E-02
-5.4150E-03
3.5217E-03
1.1149E-02
-4.9511E-03
-2.8261E-02
-1.4769E-02
1.9325E-02
2.4490E-02
-5.0235E-04
-1.2976E-02
-1.6752E-02
-1.5261E-02
-1.7124E-03
4.6859E-03
6.0442E-04
7.7502E-03
1.5784E-02
1.2250E-02
1.3881E-03
-4.3041E-03
6.6901E-03
9.8477E-03
-6.4712E-03
-1.3264E-02
1.1534E-03
8.3876E-03
7.3658E-03
2.3091E-03
7.3199E-03
7.2872E-03
-1.1324E-02
-1.6552E-02
3.9545E-03
3.5920E-02
4.5662E-02
1.0305E-02
-3.0599E-02
-3.2781E-02
-9.6249E-03
6.4801E-03
2.4620E-03
-1.7959E-03
-6.5442E-03
-5.8758E-03
8.3047E-03
8.1405E-03
-3.5892E-03
-8.4642E-03
3.0564E-03
1.6129E-02
1.4497E-02
-4.0887E-03
-1.5365E-02
-6.2034E-03
-5.2439E-03
-1.6340E-02
-1.7385E-02
-1.0272E-02
4.8734E-03
1.4854E-03
-2.4129E-02
-3.6699E-02
-1.0173E-02
2.6776E-02
3.2292E-02
1.5606E-02
2.6535E-03
1.4466E-03
5.7205E-03
9.1047E-03
1.0098E-02
1.7897E-03
2.1331E-03
4.5972E-03
-4.6016E-03
-1.1396E-02
-7.7821E-03
-7.6458E-03
-5.4551E-03
-7.2353E-03
-6.9805E-03
5.3564E-03
2.0010E-02
2.6913E-02
2.6602E-02
1.0788E-02
-1.0838E-02
-2.2514E-02
-1.6253E-02
-1.6124E-03
1.7648E-02
1.3659E-02
-7.0142E-03
-1.9624E-02
-1.8468E-02
-3.4868E-03
1.0663E-02
1.4584E-02
3.8730E-03
-1.1779E-03
9.8375E-03
1.6766E-02
1.0232E-02
-6.2664E-04
-9.3498E-03
-6.5076E-03
1.1007E-02
-6.3828E-04
-2.0367E-02
-1.8692E-02
-1.5857E-02
-4.6973E-03
5.1400E-03
9.2730E-03
1.6713E-02
1.6874E-02
1.1846E-02
5.2627E-03
4.0086E-03
-8.8404E-03
-1.6820E-02
-1.3497E-02
-3.0244E-03
1.0521E-02
1.4761E-02
1.4787E-02
-6.0827E-03
-3.1000E-02
-2.4471E-02
2.0143E-02
2.1908E-02
1.7659E-02
1.1599E-02
-2.2179E-04
-1.1144E-02
-1.2457E-02
6.2937E-03
-3.1947E-04
-8.5110E-03
-1.2462E-02
-2.1434E-02
-2.0541E-02
-1.6635E-02
-3.9320E-03
2.5991E-03
6.2839E-03
3.5549E-03
1.2187E-03
1.7919E-02
3.0441E-02
2.9917E-02
2.0455E-02
5.8791E-03
6.0353E-03
2.8027E-03
-8.5623E-03
-3.1997E-02
-2.9631E-02
-1.2067E-02
-1.8049E-02
-2.6192E-02
-2.5058E-03
3.3039E-02
3.9452E-02
1.7894E-02
1.0156E-02
-1.9282E-03
-8.9420E-03
8.6300E-03
2.0396E-02
3.5563E-02
2.4430E-02
-1.1695E-02
-3.0162E-02
-1.3362E-02
-4.2643E-04
-1.1929E-02
-3.0783E-02
-4.2507E-02
-3.4818E-02
-7.8752E-03
1.2112E-02
2.0086E-02
1.2815E-02
2.2938E-03
6.2006E-03
2.9937E-02
3.7483E-02
1.3534E-02
-1.0900E-02
-8.5456E-03
-3.8586E-03
-6.0402E-03
5.8905E-03
1.5895E-02
1.4534E-02
9.9245E-03
-6.4129E-03
-1.5962E-02
-1.5415E-02
-2.3061E-02
-2.9980E-02
-2.7002E-02
-1.4053E-02
-3.2203E-03
9.9923E-03
2.5715E-02
3.6459E-02
3.5083E-02
1.1913E-02
-1.3695E-02
-1.5385E-02
4.0935E-03
2.5266E-02
1.9471E-02
-2.5996E-03
-2.1082E-02
-2.2591E-02
-8.1745E-03
3.6317E-03
6.6195E-03
6.3954E-03
8.6730E-03
1.5928E-03
-1.3592E-02
-2.4278E-02
-1.6733E-02
1.5890E-03
1.0171E-02
1.0196E-02
1.2184E-02
1.4873E-02
8.9813E-04
-2.3672E-02
-2.8380E-02
-8.6774E-03
1.9354E-02
2.8692E-02
5.0195E-03
-1.3719E-02
6.1759E-04
1.5612E-02
2.4557E-03
-1.0710E-02
-1.0290E-02
-1.4216E-02
-5.5847E-03
4.1719E-03
3.1067E-03
3.6201E-03
6.8222E-03
7.3138E-03
-1.4398E-03
-1.1196E-02
-1.3194E-02
-3.0439E-03
-5.5751E-04
-9.0161E-03
4.7371E-03
1.7691E-02
1.6111E-02
1.0841E-02
8.4254E-03
-4.8813E-04
-8.6181E-03
1.2242E-03
2.1657E-02
2.6542E-02
-1.1644E-03
-3.1634E-02
-2.8056E-02
-7.4531E-04
1.0112E-02
-4.9644E-03
-2.6500E-02
-2.4480E-02
-2.5161E-03
1.7055E-02
2.6179E-02
1.4380E-02
1.9747E-03
4.3571E-03
1.7806E-02
2.0924E-02
6.6711E-03
-8.2883E-03
-1.9821E-02
-1.7877E-02
-1.7235E-02
-1.5874E-02
-8.6365E-03
1.4490E-02
3.3264E-02
2.1369E-02
-3.3419E-03
-1.8540E-02
-7.0606E-03
1.8420E-02
1.5582E-02
-4.8906E-03
-1.6096E-02
-2.5621E-02
-3.2154E-02
-1.8895E-02
2.1089E-03
1.5002E-02
2.8853E-02
3.1142E-02
8.6619E-03
-1.6378E-02
-2.4885E-02
-9.0565E-03
1.9324E-02
2.0433E-02
4.4458E-03
-1.0835E-02
-1.6915E-02
-5.3500E-03
9.6062E-03
9.0746E-03
1.8577E-03
-2.0091E-03
-6.8061E-03
-4.1459E-03
-8.5015E-03
-1.8308E-02
-1.0008E-02
-1.3376E-03
6.0030E-03
1.2583E-02
1.6187E-02
1.5545E-02
4.6274E-03
-7.9967E-03
-1.8855E-02
-2.3332E-02
-1.4708E-02
-7.2030E-03
-9.2722E-03
9.7560E-04
1.1049E-02
7.3879E-03
6.1380E-03
6.3457E-03
5.8923E-03
1.7729E-02
3.1671E-02
2.8455E-02
8.8953E-03
-8.1617E-03
-1.7311E-02
-1.8601E-02
-3.5851E-03
9.0919E-03
5.9811E-03
-4.0722E-03
-7.5423E-03
2.3015E-03
9.8082E-03
7.8731E-03
5.4617E-03
-7.9189E-03
-2.0338E-02
-1.2863E-02
6.7449E-03
1.5532E-02
1.4700E-02
8.0381E-03
-3.8084E-03
-1.1062E-02
-7.6205E-03
3.9649E-03
7.7878E-03
6.2453E-03
-2.9253E-03
-1.6253E-02
-1.7918E-02
-1.7796E-02
-1.7575E-02
-2.5002E-03
6.5946E-03
-1.2123E-03
-2.4164E-03
1.1083E-03
1.1760E-03
-2.5783E-03
4.4581E-03
8.3331E-03
1.2022E-02
5.8382E-03
8.6252E-03
1.9668E-02
3.7042E-03
-2.2094E-02
-2.9350E-02
-1.1155E-02
1.3804E-02
1.8483E-02
-6.5739E-03
-2.6315E-02
-1.3107E-02
6.9426E-03
1.0715E-02
1.2164E-02
6.1481E-03
3.8503E-03
1.0724E-02
1.5071E-02
1.5200E-02
4.6981E-03
-6.8594E-03
-4.1562E-03
6.4266E-04
-7.3042E-03
-1.2273E-02
-6.7440E-03
5.7658E-03
1.2109E-02
-3.4601E-03
-1.6716E-02
-1.0944E-02
-1.5427E-03
9.7434E-03
1.9733E-02
5.1487E-03
-9.0154E-03
7.1593E-03
3.4065E-02
3.6349E-02
4.6215E-03
-1.9569E-02
-2.4598E-02
-1.6065E-02
2.2080E-03
1.5779E-02
7.3265E-03
-1.1289E-02
-2.0146E-02
-1.2574E-02
-2.3951E-03
-5.2585E-03
-1.4883E-02
-1.4681E-02
-4.5819E-03
9.3077E-03
1.9664E-02
2.0195E-02
6.4519E-03
-5.3793E-03
-7.6183E-03
3.3606E-03
1.9045E-03
-9.9562E-03
-7.7319E-03
-1.4004E-03
1.5354E-03
1.6210E-03
-8.3540E-04
-7.3831E-03
-1.1340E-02
-6.9593E-03
2.3646E-03
7.5895E-03
4.5047E-03
-1.1950E-02
-2.2724E-02
-1.3540E-02
-1.0202E-03
1.1448E-02
7.9827E-03
3.1826E-04
5.3834E-03
1.7186E-02
2.6497E-02
1.3053E-02
-1.2935E-02
-2.4756E-02
-1.3824E-02
4.6867E-03
5.3455E-03
-2.0370E-03
3.5337E-03
7.0145E-03
5.2382E-03
-4.4669E-04
-1.2814E-03
8.8252E-04
6.6013E-03
1.3775E-02
2.2613E-03
-1.0782E-02
-1.4881E-02
-2.1310E-03
2.1772E-02
2.1735E-02
4.2587E-03
-9.8540E-03
-6.2468E-03
-1.6835E-04
-1.0652E-02
-1.0068E-04
1.2858E-02
6.7983E-03
-1.1673E-02
-1.8587E-02
-6.4520E-03
8.3855E-03
1.0283E-02
3.0108E-03
-3.3524E-04
-1.1287E-02
-1.2647E-02
-1.1884E-04
1.6936E-03
3.6670E-03
-1.2993E-02
-1.3599E-02
-1.9041E-03
5.6767E-03
1.1224E-02
2.8818E-03
-1.5168E-04
1.1777E-02
2.1004E-02
2.2077E-02
8.2283E-03
-3.1984E-03
4.3149E-04
2.8799E-04
-9.7573E-03
-1.9705E-02
-8.0866E-03
7.9324E-03
1.4518E-02
7.9138E-03
-1.1377E-02
-1.5413E-02
-5.1702E-03
5.6776E-03
1.1269E-02
1.3932E-02
8.2236E-03
-5.0717E-04
4.5388E-04
-2.6855E-03
-1.3436E-02
-2.5465E-02
-2.8535E-02
-5.1990E-03
1.7552E-02
9.6811E-03
-7.2693E-03
-3.0629E-03
1.9787E-03
-1.8155E-03
-5.9992E-03
-9.9755E-03
-1.0429E-02
-7.3990E-03
-7.6704E-03
1.7000E-03
1.1617E-02
1.6679E-02
1.8275E-02
1.8516E-02
1.2656E-02
1.1654E-04
-1.0206E-02
-1.9009E-02
-2.3825E-02
-2.3337E-02
-1.6643E-02
-1.7819E-03
1.3936E-02
2.0217E-02
2.1904E-02
1.9098E-02
1.7439E-02
1.4009E-02
1.5174E-02
5.1052E-03
-2.0277E-02
-2.8238E-02
-1.6609E-02
-8.5047E-03
-5.4991E-03
-5.7279E-03
-1.1970E-02
2.4834E-03
2.6503E-02
3.8282E-02
3.0607E-02
6.6849E-03
-1.1392E-02
-8.4573E-03
-9.7462E-04
-1.0177E-03
-8.1599E-03
-2.0465E-02
-2.5952E-02
-1.2547E-02
1.0049E-02
1.8866E-02
6.9662E-03
2.3585E-04
2.7161E-03
1.2810E-02
2.3595E-02
2.4671E-02
1.4963E-02
-7.6147E-03
-2.5347E-02
-2.6173E-02
-1.7952E-02
-1.0528E-02
-6.5167E-03
2.7132E-04
9.2764E-03
1.9739E-02
1.7964E-02
4.2701E-03
-1.3192E-02
-1.3816E-02
-6.1826E-03
3.8818E-03
8.5876E-03
1.3451E-03
-7.3803E-03
-1.6175E-02
-1.2343E-02
-7.3735E-04
4.4870E-03
6.8380E-04
-1.1716E-02
-1.0512E-02
9.4822E-03
2.8094E-02
2.5833E-02
2.8412E-03
-1.4098E-02
-6.4515E-03
1.6024E-02
2.3183E-02
1.2950E-02
2.5674E-03
-1.1162E-02
-1.7249E-02
-2.7261E-03
1.3753E-02
1.2906E-02
9.5640E-03
4.0436E-03
-5.5823E-03
-8.8883E-03
-7.4187E-03
-1.2706E-02
-9.4340E-03
1.0176E-02
1.3131E-02
1.2114E-03
-8.2206E-03
-1.0293E-02
-1.4799E-02
-6.8242E-03
5.2577E-03
1.8709E-02
1.8849E-02
1.3160E-02
1.5312E-02
2.1424E-02
2.3631E-03
-2.6832E-02
-3.7147E-02
-3.2457E-02
-2.3906E-02
-1.1591E-02
-4.5820E-04
6.9431E-03
1.0372E-02
8.3512E-03
3.1636E-03
1.3080E-03
7.5457E-03
1.6314E-02
1.9538E-02
1.5066E-02
-2.0352E-03
-2.4936E-02
-3.4828E-02
-1.6842E-02
1.5771E-02
2.6551E-02
1.7499E-02
8.9241E-05
-1.6161E-03
-2.1697E-03
-6.1063E-03
-1.0826E-02
-1.6973E-02
-1.7858E-02
-1.0279E-02
-4.4055E-03
5.3354E-03
1.3189E-02
5.9414E-03
-1.0553E-02
-8.9031E-03
7.0082E-03
1.7620E-02
1.3672E-02
-2.0986E-04
-6.7739E-03
4.1582E-03
2.1259E-02
2.9662E-02
1.0707E-02
-1.2444E-02
-1.4643E-02
-1.5553E-03
-3.8994E-03
-2.2959E-02
-3.1141E-02
-1.6197E-02
1.7282E-03
1.1066E-02
1.7144E-02
8.9281E-03
1.7962E-03
2.8073E-03
1.4934E-03
-6.9061E-03
-1.0700E-02
-9.2977E-03
-1.2744E-02
-1.7804E-02
-2.1695E-02
-5.8838E-03
2.3656E-02
3.3059E-02
2.7311E-02
1.2637E-02
-1.3697E-03
1.8216E-03
4.1819E-03
-8.7065E-03
-1.9956E-02
-1.2555E-02
2.3678E-03
1.3909E-02
1.7597E-02
-4.4919E-03
-1.8868E-02
-9.0296E-03
3.5134E-03
3.3338E-03
-5.4612E-03
1.1494E-03
1.5725E-02
1.9114E-02
-8.7428E-03
-3.4922E-02
-3.0539E-02
-1.4252E-02
2.2434E-03
1.3941E-02
1.3321E-02
1.1915E-02
2.0454E-02
2.6768E-02
1.6792E-02
1.6670E-03
-1.0526E-02
-2.3230E-02
-3.4763E-02
-3.9827E-02
-3.1795E-02
-2.0128E-03
2.8207E-02
2.7670E-02
-1.5249E-04
-2.5720E-02
-1.8165E-02
-2.0725E-03
8.8132E-04
-2.3180E-03
2.5368E-03
1.3798E-02
2.0283E-02
2.1963E-02
1.5137E-02
-4.9958E-04
-1.5298E-02
-2.2533E-02
-9.4034E-03
8.2337E-03
8.5914E-03
1.6013E-03
3.8823E-03
1.4391E-03
-4.8216E-05
1.2562E-02
3.3223E-02
3.3428E-02
2.9815E-03
-2.5903E-02
-3.3550E-02
-2.4541E-02
-6.3334E-03
8.6307E-03
1.2569E-02
8.2060E-03
2.5530E-04
-4.3969E-03
-5.4007E-03
-1.8301E-03
2.8063E-03
-1.2870E-03
-1.8569E-02
-2.6963E-02
-8.9049E-03
1.6349E-02
3.2001E-02
3.6414E-02
1.7632E-02
-1.1188E-02
-3.4446E-02
-4.8136E-02
-3.9023E-02
-1.7617E-02
-5.4303E-03
6.9559E-03
2.3566E-02
3.4176E-02
3.4126E-02
2.0152E-02
-5.6970E-03
-1.9435E-02
-1.0883E-02
-1.6369E-03
1.8803E-03
1.5250E-02
1.5671E-02
-2.9770E-03
-2.3309E-02
-2.8415E-02
-1.3366E-02
7.0139E-03
1.4775E-02
1.5655E-02
1.5444E-02
1.1544E-02
7.3205E-03
4.4501E-03
-9.9766E-04
1.1833E-03
1.0832E-02
1.0537E-02
-3.8177E-03
-2.0310E-02
-1.9197E-02
-1.7454E-02
-1.8613E-02
-1.0068E-02
2.0439E-03
4.5250E-03
-3.2411E-04
-1.7676E-02
-3.1950E-02
-3.0495E-02
-1.6358E-02
1.1818E-02
2.7434E-02
1.7882E-02
4.8337E-03
2.5308E-03
3.5271E-03
3.8659E-03
-7.5075E-03
-1.9457E-02
-2.0324E-02
-1.1804E-02
3.5118E-03
1.9187E-02
2.4670E-02
1.9252E-02
1.8866E-02
1.6807E-02
8.7258E-03
-8.3963E-04
-6.9624E-03
-7.1581E-03
-1.1584E-02
-1.8424E-02
-1.3550E-02
-3.9274E-03
3.1605E-03
1.1454E-02
1.6678E-02
8.9095E-03
-3.0067E-03
-1.5959E-02
-1.9509E-02
-6.6697E-03
-3.4751E-03
-3.9114E-03
1.0486E-02
2.6249E-02
2.5394E-02
1.1257E-02
6.0916E-03
9.8985E-03
1.2528E-02
2.5922E-04
-1.5665E-02
-1.6648E-02
-7.1609E-03
-6.8483E-05
1.0163E-03
-1.2500E-03
-2.5607E-03
5.1066E-03
1.1649E-02
9.5834E-03
8.2527E-03
7.8537E-03
-2.4614E-03
-1.3859E-02
-1.5435E-02
-3.1545E-04
1.3039E-02
7.7739E-03
-3.5556E-03
-1.3915E-02
-2.6595E-02
-2.6599E-02
-1.5688E-02
-3.6138E-03
1.3378E-03
7.7095E-03
2.0477E-02
2.2955E-02
2.3712E-02
1.5384E-02
-2.4768E-03
-3.9038E-03
3.5641E-03
-8.7106E-03
-2.3489E-02
-2.6516E-02
-1.1457E-02
1.6568E-03
-9.8222E-04
-2.0225E-03
2.0636E-03
6.2403E-03
8.4596E-03
-1.3000E-03
-9.9269E-03
-1.2924E-03
4.7469E-03
-6.7878E-04
-4.4573E-03
3.8177E-03
2.0795E-02
2.4813E-02
1.4285E-02
4.2564E-03
3.7559E-03
5.2287E-03
4.6621E-03
4.6711E-03
3.7121E-03
6.3673E-03
-1.1618E-03
-1.8919E-02
-1.5239E-02
-2.9253E-03
-6.3570E-03
-1.1077E-02
-1.3570E-02
-1.3334E-02
-1.2458E-02
-1.4330E-02
-1.0319E-02
7.6544E-03
2.1059E-02
2.2739E-02
1.7607E-02
1.3646E-02
8.6641E-03
-2.3120E-03
-8.1728E-03
-1.4772E-02
-1.7835E-02
-9.9588E-03
-2.2452E-03
-5.3168E-03
-1.2897E-02
-1.3486E-02
2.6343E-03
2.4977E-02
3.1750E-02
1.8203E-02
-9.3719E-04
-3.1984E-03
3.3470E-03
1.3783E-03
-1.4700E-03
-7.3824E-04
5.7017E-03
8.6047E-03
-8.1493E-04
-1.3492E-02
-1.1583E-02
-5.4743E-03
-1.1955E-02
-3.2331E-02
-3.5676E-02
-7.0240E-03
1.9778E-02
2.5907E-02
1.2732E-02
-5.3702E-03
-1.1062E-02
-6.4704E-03
-2.9268E-03
-1.9133E-03
-2.6788E-04
3.6943E-03
2.3247E-03
4.0976E-03
1.4341E-03
-2.6419E-03
-2.3797E-04
7.2961E-04
3.5476E-03
5.8181E-03
5.0991E-03
5.8867E-03
3.2558E-03
2.4708E-03
1.3156E-03
-2.5131E-03
-5.0499E-03
-2.1933E-03
-1.1299E-03
2.4445E-03
4.7794E-03
-4.2706E-03
-8.6071E-03
-1.5055E-03
6.4874E-03
5.7692E-03
7.5954E-04
-4.1629E-04
1.6585E-03
-1.2724E-03
4.2910E-03
1.5083E-02
1.1187E-02
1.6882E-03
-1.0333E-04
3.3555E-03
-2.6923E-03
-8.5367E-03
-4.4004E-03
2.0288E-03
5.2640E-03
3.1381E-04
2.7215E-03
1.0985E-02
1.8054E-03
-2.0173E-02
-2.8838E-02
-2.0280E-02
-8.2184E-03
7.9403E-03
2.1883E-02
1.4670E-02
1.1882E-04
-9.2666E-03
-6.0457E-03
-4.0662E-03
-3.7242E-03
-1.9637E-03
1.9478E-03
8.7905E-03
2.0127E-02
2.3021E-02
4.4537E-03
-1.3636E-02
-1.3883E-02
9.1071E-04
6.7486E-03
-3.0992E-03
-1.4673E-02
-1.3210E-02
-2.7892E-03
7.8409E-03
1.4380E-02
1.6831E-02
1.2373E-02
1.8873E-03
-4.1672E-03
-9.6939E-04
1.1651E-02
1.9696E-02
6.9564E-03
-8.7109E-03
-2.0565E-02
-2.2847E-02
-1.0239E-02
6.3160E-03
1.3728E-02
1.5625E-02
1.1976E-02
5.5911E-03
3.6067E-03
-1.3936E-03
-9.9948E-03
-1.8685E-02
-1.8499E-02
-1.0505E-02
-2.8263E-03
-5.7843E-03
-1.9751E-02
-3.0888E-02
-3.1593E-02
-1.7591E-02
3.0886E-03
2.1226E-02
2.1603E-02
7.4707E-03
-4.4244E-04
4.1286E-04
-2.6305E-03
-7.3547E-03
-8.8672E-03
2.6946E-03
1.4081E-02
6.6223E-03
-2.7602E-04
9.5889E-03
1.2910E-02
-4.4571E-03
-1.6224E-02
-1.1489E-02
3.0102E-03
1.5756E-02
1.5159E-02
8.3383E-03
7.4300E-03
1.0072E-02
1.4956E-02
1.3593E-02
4.8583E-03
-2.9290E-03
-1.1448E-02
-2.0167E-02
-2.0492E-02
-1.0963E-02
5.7333E-03
1.0114E-02
-9.4230E-04
-1.0500E-02
-8.3745E-03
7.9785E-03
1.7464E-02
1.1748E-02
5.1612E-03
4.0291E-03
2.2738E-03
-6.3912E-03
-9.4525E-03
-5.2247E-03
-1.1904E-03
-3.8189E-03
-3.5858E-03
2.6122E-03
6.9112E-03
3.6153E-03
2.1506E-03
1.7827E-03
-9.2437E-03
-1.9684E-02
-1.3229E-02
6.0234E-03
2.1676E-02
1.8559E-02
6.3733E-03
2.3070E-03
6.8905E-04
7.2569E-05
-5.0243E-04
-3.3109E-03
6.7012E-06
1.2454E-03
-5.5141E-03
-1.3127E-02
-1.5502E-02
-7.6332E-03
4.9455E-03
1.0139E-02
1.2110E-02
6.6049E-03
-5.6684E-03
-1.4340E-02
-2.1392E-02
-1.1027E-02
1.3704E-02
2.8589E-02
2.0582E-02
-1.8160E-03
-1.4865E-02
-8.5648E-03
4.4259E-03
9.6734E-03
1.9424E-03
-8.8941E-03
-1.1387E-02
-5.3422E-03
3.0489E-04
6.9534E-03
1.4812E-02
1.4445E-02
-1.3860E-03
-1.4919E-02
-1.4298E-02
-3.7940E-03
1.4435E-02
1.7422E-02
-2.1975E-03
-1.8363E-02
-1.8494E-02
-1.9698E-03
8.4481E-03
-3.1771E-03
-6.5366E-03
7.4061E-03
1.5356E-02
1.1633E-02
6.9461E-03
-6.9107E-04
-7.5222E-03
-6.9118E-03
-2.7930E-03
6.2174E-04
2.3510E-03
-5.6300E-03
-1.1230E-02
-1.4024E-02
-1.1062E-02
6.1416E-03
2.4128E-02
2.2848E-02
8.4210E-03
2.0019E-03
1.5287E-03
-4.3264E-03
-4.4968E-03
2.4324E-03
1.7894E-03
-9.9850E-03
-2.0558E-02
-1.0166E-02
2.0694E-03
-5.5803E-04
-9.8387E-03
-1.1657E-02
-4.1052E-03
1.0869E-02
1.8068E-02
1.1461E-02
4.4978E-03
3.8880E-03
3.9740E-03
-1.9912E-03
-8.8091E-03
-1.0042E-02
-4.8797E-03
1.9615E-04
-1.6005E-03
-7.6987E-03
-9.4765E-03
-9.4051E-03
-4.7294E-03
4.9798E-04
1.6527E-03
6.7253E-03
1.5549E-02
2.4065E-02
1.9502E-02
4.1934E-03
-1.1120E-02
-1.6168E-02
-6.6096E-03
2.1860E-03
3.1470E-04
-8.3553E-03
-1.3343E-02
-4.0562E-03
1.0925E-02
2.0440E-02
1.8309E-02
3.8901E-03
-8.9252E-03
-9.4623E-03
-4.6075E-04
-8.9920E-04
-1.3841E-02
-1.6034E-02
-3.8751E-03
1.1292E-02
2.0147E-02
1.3500E-02
1.7394E-03
1.1359E-03
9.2744E-03
1.4540E-02
1.6988E-02
8.3147E-03
-1.0075E-02
-2.4489E-02
-2.6610E-02
-1.3437E-02
1.2185E-03
4.3627E-03
1.2739E-03
-1.2994E-03
-3.9096E-03
-5.4647E-03
-2.3172E-03
6.3467E-03
6.3014E-03
-1.1102E-03
-1.4803E-03
8.5731E-04
2.9066E-03
7.4077E-03
9.8219E-03
4.5285E-03
-1.2252E-02
-2.4160E-02
-1.4925E-02
-1.0285E-03
2.6087E-03
3.6610E-04
1.4682E-03
8.7495E-03
1.2532E-02
4.9516E-03
-2.1496E-03
6.9750E-03
1.5891E-02
9.8323E-03
-7.6789E-03
-2.2442E-02
-1.6389E-02
5.2090E-04
1.2383E-02
9.6576E-03
2.5520E-03
-2.0395E-03
-3.9761E-03
1.8323E-03
7.8501E-03
5.9231E-03
-2.2923E-03
-5.6559E-03
-9.3846E-03
-1.7317E-02
-1.9530E-02
-6.6688E-03
1.0296E-02
1.7247E-02
1.1953E-02
-4.4798E-03
-1.0778E-02
-7.1257E-04
1.0094E-02
1.2819E-02
3.7090E-03
-7.1911E-03
-1.4711E-02
-1.3804E-02
-2.0594E-03
7.6419E-03
1.2774E-02
9.2212E-03
2.1716E-03
-1.0003E-04
2.3445E-03
-3.3727E-04
3.4674E-04
5.4381E-03
9.9023E-03
9.8623E-03
2.7419E-03
-8.2278E-03
-1.6416E-02
-1.6941E-02
-8.5809E-03
-1.7325E-05
2.3156E-03
-1.8083E-04
-1.2029E-03
-8.2955E-04
-1.6463E-03
1.4217E-03
2.0307E-03
-4.0135E-03
-8.1428E-03
-6.2960E-03
-6.5338E-04
5.9406E-03
9.3931E-03
7.4310E-03
6.2557E-03
5.7856E-03
3.1090E-03
1.6203E-03
-3.7138E-04
-4.0948E-03
-9.5075E-03
-9.6732E-03
-1.6368E-03
1.1747E-03
-1.5179E-03
-9.0275E-04
-6.6007E-04
-5.6172E-03
-6.7265E-03
2.5873E-05
9.1348E-03
1.2878E-02
8.6404E-03
1.6848E-03
-2.4124E-04
3.3439E-03
3.4057E-03
-2.9898E-03
-2.6483E-03
4.7544E-03
4.6336E-04
-8.6902E-03
-7.3436E-03
1.0329E-03
1.0666E-02
6.2424E-03
-5.4346E-03
-7.8443E-03
-6.8784E-03
-4.0997E-03
5.6727E-03
1.2869E-02
1.0557E-02
-3.5492E-04
-1.0964E-02
-8.5484E-03
1.3943E-03
6.0630E-03
1.2772E-04
-8.7449E-03
-8.1656E-03
1.4940E-03
-1.1869E-04
-8.9147E-03
-1.4271E-02
-1.1607E-02
-1.4829E-03
6.0476E-03
3.7839E-03
-7.4678E-04
2.2533E-03
1.1419E-02
1.9782E-02
1.3809E-02
6.7780E-04
-7.2429E-03
-3.1652E-03
-7.0822E-04
-7.1439E-03
-9.8686E-03
-6.1077E-03
-1.7619E-04
5.0753E-03
6.2936E-03
7.7860E-03
9.1220E-03
1.2116E-02
1.5046E-02
1.2523E-02
2.4767E-03
-1.0613E-02
-1.5706E-02
-1.3156E-02
-4.2917E-03
6.7646E-03
9.2048E-03
3.5288E-04
-1.3213E-02
-1.8756E-02
-6.2975E-03
7.5396E-03
6.4977E-03
-7.7969E-04
-3.4402E-03
1.6867E-03
9.5637E-03
1.1574E-02
7.6886E-03
2.7849E-03
-1.0220E-03
-5.1082E-03
-8.4278E-03
-1.1114E-02
-1.2118E-02
-2.8682E-03
1.0908E-02
1.5684E-02
9.0582E-03
4.2594E-03
4.6523E-03
3.4360E-03
-3.0930E-03
-9.9748E-03
-1.4744E-02
-1.5727E-02
-7.3806E-03
4.4579E-03
5.1330E-03
-1.7848E-03
-7.1330E-03
-1.8935E-03
8.9285E-03
1.4826E-02
1.5485E-02
8.3423E-03
3.8225E-04
-3.2115E-03
-3.5729E-03
-8.6157E-03
-1.1090E-02
-5.7792E-03
3.2553E-03
1.0755E-02
5.5507E-03
-4.3417E-03
-5.4278E-03
4.4027E-03
3.2084E-03
-6.8333E-03
-1.0610E-02
-2.0914E-03
5.2502E-03
5.7488E-03
3.5243E-03
-1.7467E-03
-5.8427E-03
-3.4225E-03
-8.3275E-04
-2.0946E-03
-6.0705E-03
-6.6254E-03
-5.2180E-03
-2.2991E-03
5.5612E-03
1.2949E-02
1.5295E-02
9.7367E-03
6.6499E-03
5.0255E-03
3.9857E-03
5.5115E-03
4.2223E-03
-3.1036E-03
-8.9951E-03
-1.3757E-02
-1.7790E-02
-1.3750E-02
-3.5734E-03
4.8626E-03
4.7538E-03
3.0220E-03
5.3436E-03
6.7430E-03
3.6711E-03
6.2844E-04
6.0404E-03
9.0812E-03
-1.4958E-03
-1.0826E-02
-1.0299E-02
-1.1488E-03
5.6360E-03
2.8399E-03
-5.2738E-03
-2.4227E-03
7.0511E-03
1.0618E-02
1.0247E-02
3.5378E-03
-5.3507E-03
-6.9542E-03
-2.1884E-03
3.6476E-04
-5.2562E-03
-1.2313E-02
-1.1478E-02
-1.9643E-03
3.1527E-03
4.2164E-03
8.7528E-03
1.4263E-02
1.4050E-02
1.6694E-03
-6.9889E-03
-7.7488E-03
-2.9315E-03
2.8393E-03
-1.6646E-03
-1.1678E-02
-1.6993E-02
-1.2137E-02
4.0142E-04
1.1199E-02
1.3061E-02
8.7992E-03
7.1271E-03
4.2543E-03
-1.7215E-03
-7.1383E-03
-8.5410E-03
-5.4642E-03
-1.4710E-06
8.2799E-03
1.2249E-02
4.4168E-03
-1.0200E-02
-1.9962E-02
-1.7932E-02
-7.9428E-03
2.8567E-03
1.0628E-02
1.2839E-02
1.1407E-02
7.9198E-03
5.1617E-03
2.8024E-03
-3.2001E-04
-5.7056E-03
-5.6655E-03
8.9061E-05
6.0553E-03
3.3278E-03
-9.1913E-03
-1.6202E-02
-9.3572E-03
6.3351E-04
4.7870E-03
1.2049E-03
-2.0596E-03
-1.2265E-03
1.3031E-04
1.9664E-03
5.6160E-03
9.6422E-03
8.2877E-03
-6.3939E-04
-1.0337E-02
-1.1001E-02
-4.2329E-03
2.7954E-03
2.0119E-03
-6.8672E-03
-5.1714E-03
4.2592E-03
7.6978E-03
3.5945E-03
6.4158E-04
1.2026E-04
-9.9836E-04
-3.8587E-03
-7.8308E-03
-7.1907E-03
1.3863E-03
9.5992E-03
1.3543E-02
1.0238E-02
1.4340E-03
-3.2026E-03
-7.0935E-05
3.6205E-03
-1.2979E-03
-6.1963E-03
-3.3215E-03
-4.0142E-04
-4.7761E-03
-7.0093E-03
-3.0161E-03
-1.1690E-03
-2.9555E-03
-5.8814E-03
-4.2628E-03
1.4988E-04
4.8169E-03
8.3055E-03
1.0254E-02
5.7201E-03
-2.5040E-03
-3.7464E-03
-1.8944E-03
-2.9088E-03
-7.4060E-03
-8.2495E-03
-5.3170E-03
-4.6941E-03
-3.2411E-03
-9.9537E-05
4.8625E-03
7.7853E-03
5.0389E-03
-8.0356E-04
1.0769E-03
9.7045E-03
1.5302E-02
1.4168E-02
3.8994E-03
-6.3331E-03
-1.2137E-02
-1.3115E-02
-1.0218E-02
-1.7820E-03
3.3398E-03
7.6067E-04
-6.8047E-04
1.6210E-03
2.7017E-03
3.0964E-03
1.1965E-03
-9.4616E-04
2.4400E-03
3.8434E-03
3.7832E-03
6.9328E-03
5.0556E-03
-3.0128E-03
-8.8511E-03
-6.7986E-03
2.2894E-03
7.5189E-03
5.9122E-03
4.7479E-03
4.8970E-03
-5.3577E-04
-9.1635E-03
-1.3212E-02
-7.1737E-03
2.3850E-03
6.7251E-03
5.5094E-03
2.4239E-03
-5.0891E-03
-9.4651E-03
-8.0813E-03
-4.5609E-03
-8.3118E-04
3.4938E-03
7.5444E-03
8.3617E-03
8.5150E-03
1.1161E-02
1.0073E-02
4.0492E-03
-2.3739E-03
-8.9318E-03
-1.2516E-02
-9.9959E-03
-4.6036E-03
-2.2613E-03
-2.2112E-03
-4.6181E-03
-6.5587E-03
-3.3448E-03
1.6183E-03
3.3447E-03
5.5790E-03
1.2157E-02
1.5735E-02
1.3429E-02
5.3968E-03
-4.9136E-03
-7.7106E-03
-6.2067E-03
-6.4075E-03
-4.6596E-03
-1.9231E-03
3.3192E-03
1.0381E-02
1.0747E-02
6.8095E-03
-3.8408E-03
-1.3617E-02
-1.2969E-02
-5.0235E-03
1.9652E-03
-7.6103E-04
-6.8251E-03
-7.8567E-03
-4.3525E-04
2.1260E-03
-6.3563E-03
-1.0898E-02
-3.1267E-03
7.8956E-03
1.6690E-02
1.2458E-02
-1.5821E-04
-5.6904E-03
1.5343E-03
9.9768E-03
1.1514E-02
5.7570E-03
9.8503E-04
-2.9920E-03
-1.1230E-02
-2.1102E-02
-1.9885E-02
-5.0597E-03
9.2902E-03
1.6181E-02
1.5450E-02
8.9713E-03
4.2717E-03
4.1554E-03
5.9706E-03
6.8340E-03
1.2077E-03
-6.6885E-03
-1.1321E-02
-9.9482E-03
-6.0670E-03
-9.1001E-03
-1.4404E-02
-1.7413E-02
-1.5537E-02
-3.9674E-03
1.1552E-02
2.4514E-02
2.5410E-02
1.3243E-02
3.4163E-03
5.5421E-03
9.3910E-03
3.4135E-03
-7.3324E-03
-1.4000E-02
-1.9487E-02
-2.0678E-02
-1.4923E-02
-9.4845E-03
-3.2202E-03
2.2194E-04
-2.0196E-03
3.7610E-03
1.6845E-02
2.2802E-02
2.0572E-02
1.0305E-02
-2.5385E-03
-8.9163E-03
-6.4956E-03
-3.8138E-03
-2.5512E-03
-3.7577E-03
-1.1371E-02
-1.3628E-02
-6.1494E-03
1.4896E-03
5.0035E-03
5.8497E-03
4.4627E-03
4.6020E-03
9.9018E-03
1.4315E-02
1.8546E-02
1.7976E-02
8.3734E-03
-3.8610E-03
-9.7310E-03
-1.0232E-02
-1.1351E-02
-1.1712E-02
-1.0471E-02
-7.7222E-03
-3.8846E-03
-1.8198E-03
-1.0295E-03
-3.4132E-03
-1.2772E-03
6.0239E-03
9.5591E-03
6.9044E-03
4.1469E-03
7.8095E-04
-2.2721E-03
4.3238E-04
5.4536E-03
5.0865E-03
-5.8920E-03
-1.6112E-02
-1.4438E-02
-3.3253E-03
5.3942E-03
9.5979E-03
1.1578E-02
9.3513E-03
9.0466E-04
-4.4696E-03
-5.9748E-03
-1.0671E-02
-1.8668E-02
-1.4783E-02
-7.1964E-04
6.8546E-03
3.3344E-03
-9.1872E-04
3.8733E-03
1.2914E-02
1.4430E-02
9.1375E-03
1.1033E-02
1.6149E-02
1.5836E-02
6.1053E-03
-6.0425E-03
-8.2456E-03
-3.6874E-03
-1.2610E-03
-4.3097E-03
-1.0687E-02
-1.7753E-02
-1.8568E-02
-1.0122E-02
-4.6371E-03
-6.7141E-03
-9.0576E-03
-4.5004E-03
8.3853E-03
1.8407E-02
1.9313E-02
9.6359E-03
-4.6698E-04
-1.8413E-03
1.4056E-05
1.7088E-03
1.5102E-04
-4.8780E-03
-7.7251E-03
-3.9282E-03
2.4822E-03
6.0297E-03
5.2338E-03
4.1031E-03
6.7156E-03
7.8741E-03
4.4011E-03
-2.3726E-03
-1.2254E-02
-1.8779E-02
-1.8169E-02
-1.4755E-02
-1.0137E-02
-4.5430E-03
1.6916E-03
8.2170E-03
7.9020E-03
4.8309E-03
4.8598E-03
6.8614E-03
8.0054E-03
3.5155E-03
-5.9667E-04
-9.9227E-05
5.3284E-03
1.0343E-02
8.7018E-03
9.0171E-03
7.7494E-03
-5.4966E-04
-7.4470E-03
-9.6179E-03
-8.3504E-03
-2.5313E-03
2.5587E-03
2.7415E-03
-1.0368E-03
-5.5190E-03
-3.9349E-03
5.4398E-03
1.0182E-02
8.0905E-03
3.4805E-03
3.3148E-03
3.6834E-03
-1.6764E-03
-8.0124E-03
-1.0784E-02
-9.7158E-03
-7.0489E-03
-2.9959E-04
4.7106E-03
1.7090E-04
-8.1091E-03
-1.3421E-02
-7.7786E-03
1.8721E-03
6.0361E-03
8.6244E-03
9.9086E-03
7.1682E-03
2.0110E-03
7.0147E-04
4.3197E-03
1.4395E-03
-7.9769E-03
-1.0742E-02
-7.5238E-03
-3.5720E-03
-3.2832E-03
-7.8522E-03
-8.0253E-03
5.3610E-05
5.5893E-03
7.8244E-03
1.0901E-02
8.4764E-03
-1.1694E-03
-5.8722E-03
3.6796E-03
1.2774E-02
6.0394E-03
-1.0740E-02
-1.6685E-02
-6.1008E-03
6.9483E-03
1.2856E-02
1.1512E-02
7.2492E-03
4.6557E-03
7.1415E-04
-5.5296E-03
-8.4241E-03
-5.4466E-03
-1.4592E-03
2.4737E-03
5.6352E-03
2.2587E-03
-1.0672E-03
8.1528E-04
1.6809E-03
-3.2060E-03
-6.3961E-03
-4.5900E-03
-7.9655E-04
9.6813E-04
-2.7660E-03
-1.0474E-02
-8.6779E-03
5.5857E-03
1.6667E-02
1.5881E-02
7.8685E-03
3.5592E-03
5.2193E-03
2.3206E-03
-1.2177E-02
-2.1889E-02
-1.6995E-02
-2.2471E-03
6.8168E-03
1.9838E-03
-8.4068E-03
-1.2789E-02
-6.7509E-03
6.3057E-04
3.2403E-03
3.7843E-03
2.7645E-03
8.2340E-04
-5.9477E-04
-7.9450E-04
-2.8385E-04
7.6966E-03
1.6790E-02
1.4824E-02
5.4113E-03
-1.9034E-03
-4.0504E-03
-5.7563E-03
-6.4610E-03
-3.4142E-03
-3.2132E-03
-8.1266E-03
-1.0886E-02
-4.1548E-03
5.7657E-03
6.7870E-03
1.1453E-03
-1.3299E-04
5.6163E-03
1.0653E-02
4.0583E-03
-9.9345E-03
-1.2765E-02
-4.2806E-03
4.5321E-03
5.4993E-03
-1.8732E-04
-2.6191E-03
2.7607E-03
1.0609E-02
1.3782E-02
7.1776E-03
-3.2121E-03
-6.7237E-03
-3.8797E-03
1.1114E-03
-3.6004E-03
-8.3792E-03
-1.1093E-03
1.0096E-02
1.0430E-02
-5.1186E-03
-2.2336E-02
-2.4410E-02
-9.9753E-03
8.4829E-03
1.4451E-02
9.6667E-03
7.9678E-03
7.4493E-03
5.9816E-03
4.1093E-03
-9.2115E-04
-8.0087E-03
-9.3636E-03
-2.4937E-03
2.1721E-03
-3.4879E-04
-3.3406E-03
-3.9761E-03
-2.0213E-03
1.1080E-03
-5.6141E-04
-5.4760E-03
-6.5368E-04
9.4935E-03
9.9663E-03
2.2455E-03
-8.2994E-03
-8.7933E-03
1.8919E-03
1.0552E-02
7.2038E-03
-3.7700E-03
-1.0939E-02
-7.6144E-03
-3.1110E-03
-5.8851E-03
-6.9715E-03
3.8551E-03
1.6995E-02
1.4230E-02
-2.0067E-03
-1.5316E-02
-1.5965E-02
-6.5178E-03
9.4456E-03
1.5781E-02
4.8629E-03
-6.1348E-03
-3.0165E-03
9.4806E-03
1.4404E-02
6.7455E-03
-7.0188E-03
-1.2188E-02
-7.2894E-03
-9.6149E-04
3.0363E-04
6.7364E-04
7.5246E-04
-7.0286E-04
-3.8424E-03
-5.5869E-03
-1.3723E-04
9.8268E-03
1.3719E-02
1.3301E-02
7.9247E-03
-4.0284E-03
-1.4521E-02
-1.2562E-02
-6.1930E-03
-7.1335E-03
-9.5790E-03
-3.7538E-03
6.2414E-03
7.7550E-03
2.4725E-03
-5.7402E-04
-1.7332E-03
-3.0110E-03
-6.3796E-03
-6.0806E-03
-2.5553E-03
1.5495E-03
4.1518E-03
6.6350E-03
1.0352E-02
1.2576E-02
1.0777E-02
7.4648E-03
4.0441E-03
2.9289E-04
-4.8814E-03
-8.4214E-03
-5.2775E-03
3.1446E-03
5.2233E-03
-2.7433E-03
-7.9300E-03
-5.3935E-03
1.2855E-03
2.9745E-03
-5.6016E-03
-1.1875E-02
-4.4669E-03
4.8420E-03
1.0466E-02
6.2137E-03
-6.5902E-03
-1.1737E-02
-7.1808E-04
1.4510E-02
1.6531E-02
9.0424E-03
-2.2941E-03
-6.5818E-03
-3.0528E-03
-4.3190E-03
-9.9617E-03
-1.0333E-02
-2.8271E-03
7.4255E-03
6.2740E-03
-5.0280E-03
-1.3225E-02
-1.3505E-02
-3.7997E-03
6.9755E-03
7.8386E-03
-3.3251E-03
-9.0342E-03
1.8682E-04
1.1194E-02
1.6732E-02
1.5343E-02
4.3280E-03
-8.6540E-03
-1.1826E-02
-5.4666E-03
2.4093E-03
7.6673E-03
8.4792E-03
1.9020E-03
-7.7400E-03
-1.0285E-02
-4.2387E-03
-2.3216E-03
-2.5131E-03
1.4929E-04
6.1185E-03
1.2208E-02
1.3518E-02
4.9733E-03
-7.1096E-03
-1.2080E-02
-8.2684E-03
5.8931E-04
5.5177E-03
2.3194E-03
-5.8404E-03
-8.6867E-03
-3.3174E-03
8.9209E-04
-4.6211E-04
-5.8792E-03
-6.5033E-03
1.7450E-03
6.3084E-03
3.7545E-03
-2.4768E-03
-2.7915E-03
2.2324E-03
7.9617E-03
1.0723E-02
1.1006E-02
6.8133E-03
-2.0993E-03
-1.0016E-02
-1.0861E-02
-5.1023E-03
5.5347E-03
1.3120E-02
9.6174E-03
-1.0646E-03
-9.8150E-03
-1.2225E-02
-1.1468E-02
-4.7930E-03
1.4115E-03
8.7975E-03
1.4118E-02
1.1032E-02
2.1352E-03
-9.1026E-03
-1.2794E-02
-7.9400E-03
-1.6122E-03
1.6067E-03
3.8228E-04
8.5517E-04
8.1524E-03
1.7004E-02
1.6611E-02
-1.5347E-05
-2.0915E-02
-2.6236E-02
-1.2806E-02
4.7407E-03
1.2046E-02
8.3404E-03
-2.4234E-03
-7.7083E-03
-3.0987E-03
4.6457E-03
4.9716E-03
-9.4872E-04
-4.9014E-03
-3.4168E-03
4.6081E-04
1.2279E-03
4.4888E-03
7.4775E-03
2.8206E-03
-1.0713E-03
5.8643E-04
2.8355E-03
3.6369E-03
-3.3531E-03
-1.3402E-02
-1.1442E-02
9.0939E-04
9.7888E-03
6.9496E-03
-5.1631E-03
-1.2419E-02
-5.9080E-03
6.8962E-03
1.1263E-02
5.7491E-03
-7.2242E-05
-5.3119E-05
-7.9231E-04
-7.7690E-04
-9.7478E-05
-4.9096E-03
-5.6044E-03
-4.9123E-03
-4.5084E-03
-2.9223E-03
-5.9755E-04
4.1801E-03
5.5177E-03
4.0038E-03
4.0912E-03
4.2303E-03
6.2055E-03
7.5799E-03
4.3182E-03
-3.9310E-03
-9.7171E-03
-9.6002E-03
-2.2655E-03
8.7644E-03
1.0835E-02
4.8919E-04
-1.1530E-02
-1.1900E-02
-3.2148E-03
3.4504E-03
1.6073E-03
3.3266E-04
-4.1727E-05
-2.7458E-03
-3.7352E-03
-2.9411E-03
6.9258E-04
6.1662E-03
1.0681E-02
1.2632E-02
5.0194E-03
-7.1441E-03
-8.6982E-03
4.9148E-05
8.6688E-03
6.5122E-03
-2.2977E-03
-6.3650E-03
-3.3930E-03
-4.4416E-04
-3.1982E-03
-6.6192E-03
-6.4447E-03
-4.4293E-03
1.8642E-04
1.9194E-03
7.1353E-05
-3.1587E-03
-1.7080E-03
4.5162E-03
5.8043E-03
7.1082E-04
-3.8620E-03
-1.8741E-03
1.3543E-03
4.6021E-03
7.0748E-03
4.8015E-03
3.9062E-04
-1.7214E-03
-4.6144E-03
-6.3326E-03
-1.2436E-03
4.3596E-03
4.4955E-03
-3.0437E-03
-9.4315E-03
-5.8222E-03
2.0904E-03
7.6876E-03
5.3698E-03
1.0634E-04
-3.2654E-03
-2.1832E-03
5.6328E-03
9.6042E-03
3.9355E-03
-4.5467E-03
-9.6528E-03
-3.3417E-03
1.0350E-02
1.5986E-02
8.4295E-03
-6.0169E-03
-1.3645E-02
-1.0022E-02
-4.3134E-03
-1.8009E-03
1.8276E-03
3.9857E-03
2.6201E-03
2.2702E-03
4.9726E-03
2.5298E-03
-5.5720E-03
-1.0172E-02
-2.4118E-03
1.1843E-02
1.5393E-02
7.9082E-03
9.1087E-04
-2.1659E-03
-4.7145E-03
-9.2294E-03
-1.3485E-02
-1.1230E-02
-5.2934E-03
2.0983E-03
7.8281E-03
5.4383E-03
2.2209E-04
-1.5127E-04
2.4414E-03
2.0228E-03
-2.8351E-03
-3.9975E-03
-2.3986E-03
-4.1268E-03
-5.7584E-03
-4.2078E-03
1.6403E-03
8.2983E-03
1.2192E-02
1.2308E-02
4.7074E-03
-4.2709E-03
-8.2126E-03
-3.6149E-03
1.4870E-03
1.9407E-03
1.5396E-04
-2.1495E-03
-1.8576E-03
2.6599E-03
6.1177E-03
4.5327E-03
-1.7721E-03
-4.4728E-03
-4.1612E-03
-6.7434E-03
-3.5411E-03
4.4420E-03
7.9296E-03
3.3098E-03
-5.2941E-03
-8.4422E-03
-5.9422E-03
-2.5676E-03
-1.6467E-03
-6.2379E-04
2.2818E-03
3.5755E-03
3.7886E-03
2.7572E-03
9.3865E-04
2.3853E-03
7.2765E-03
9.6616E-03
8.5160E-03
2.8413E-03
-5.2385E-03
-9.6334E-03
-4.2781E-03
6.5234E-03
1.0881E-02
6.1909E-03
-4.8384E-03
-1.0740E-02
-1.0305E-02
-6.2648E-03
-4.1331E-03
-3.4100E-03
-3.1282E-03
-7.5920E-05
6.3942E-03
1.1779E-02
1.0104E-02
3.1020E-05
-4.7392E-03
-8.9598E-04
1.5051E-03
-3.7744E-03
-6.7857E-03
-5.4152E-03
-3.9217E-03
-5.0868E-03
-7.5021E-03
-4.9280E-03
6.9058E-03
1.4197E-02
9.2357E-03
1.4717E-03
-2.7429E-04
5.1798E-03
1.0735E-02
6.6157E-03
-4.9347E-03
-1.0804E-02
-1.0848E-02
-1.0947E-02
-7.6951E-03
-3.2445E-03
-3.1042E-03
-2.4679E-03
4.0822E-03
1.0903E-02
1.4409E-02
1.3710E-02
7.3427E-03
-2.5352E-03
-1.2749E-02
-1.2932E-02
-1.6638E-03
9.6071E-03
1.0966E-02
-9.0658E-04
-1.4492E-02
-1.4534E-02
-3.5579E-03
1.6002E-03
4.2520E-03
1.0017E-02
1.1535E-02
6.1665E-03
-7.5163E-04
-3.1995E-03
-2.3992E-03
3.7362E-04
1.8877E-03
5.6666E-04
9.0206E-04
1.9434E-03
-1.8906E-03
-8.5856E-03
-1.0378E-02
-4.2757E-03
-1.0032E-03
1.5147E-03
1.1812E-03
-1.0580E-03
-1.8267E-04
3.3565E-03
3.4213E-03
2.9996E-03
1.3205E-03
-2.6492E-03
-1.8499E-03
5.1045E-03
1.3322E-02
9.4518E-03
-3.2187E-04
-6.8429E-03
-8.2729E-03
-4.0720E-03
4.9442E-04
2.2841E-03
-1.0700E-03
-6.8820E-03
-1.0013E-02
-6.4709E-03
1.0737E-03
5.4299E-03
4.7493E-03
-1.5120E-04
-5.6063E-03
-4.1444E-03
1.3505E-03
6.4446E-03
6.7962E-03
2.4075E-04
-5.2827E-03
-4.2990E-03
8.5726E-04
4.4118E-03
6.4252E-03
3.8620E-03
-3.3343E-05
1.3162E-03
2.9981E-03
1.8014E-03
-2.2140E-03
-6.7638E-03
-5.2755E-03
3.7198E-04
4.4468E-03
3.6787E-03
2.7660E-03
8.6092E-03
1.2739E-02
3.7955E-03
-9.1449E-03
-1.6939E-02
-1.5388E-02
-8.5694E-03
-2.3396E-03
5.2074E-03
9.2240E-03
7.2862E-03
2.2098E-03
-2.6787E-03
-3.7330E-03
-9.8469E-04
6.1847E-04
-7.9401E-04
-4.0387E-04
4.2871E-03
4.3617E-03
-1.8782E-04
-4.7701E-03
-6.0222E-03
-2.2002E-03
3.8929E-03
3.8743E-03
-3.0594E-03
-5.6105E-03
-1.5149E-03
3.0919E-03
5.6885E-03
6.7837E-03
7.3737E-03
3.9759E-03
-9.3863E-04
-1.0601E-03
-7.0126E-04
-5.5893E-04
4.5623E-04
1.7729E-04
6.8467E-04
-3.8099E-04
-2.1861E-03
-2.5968E-03
1.7245E-03
3.4554E-03
-1.6015E-03
-6.8557E-03
-7.0347E-03
-2.4809E-03
1.4308E-03
1.2227E-03
-3.4063E-03
-7.7583E-03
-5.6140E-03
1.2846E-03
8.9262E-03
1.1719E-02
8.7229E-03
5.6010E-03
1.6760E-03
-4.2422E-03
-9.9497E-03
-1.0768E-02
-6.1352E-03
-2.9698E-03
-8.4090E-04
3.5806E-03
7.4914E-03
9.4069E-03
8.5246E-03
2.8883E-03
-3.2159E-03
-4.0096E-03
-4.5114E-04
2.2831E-03
2.6315E-04
-4.5744E-03
-7.6922E-03
-6.4982E-03
-4.3810E-03
-4.9287E-04
6.1265E-03
7.1070E-03
3.9310E-03
2.6568E-03
5.2776E-03
5.7614E-03
1.7266E-04
-7.0725E-03
-8.4841E-03
-5.2440E-03
-1.9550E-03
-3.5925E-03
-5.1658E-03
-3.4819E-03
-2.6805E-04
4.8654E-03
6.8567E-03
6.6921E-03
6.8838E-03
4.2510E-03
-1.8262E-03
-7.8092E-03
-8.3215E-03
-1.9131E-03
4.8144E-03
3.6836E-03
-8.1300E-04
-2.6199E-03
-2.3016E-03
3.0359E-03
9.9782E-03
8.9324E-03
5.1042E-03
3.0094E-03
-1.1114E-03
-9.3521E-03
-1.2252E-02
-5.5227E-03
1.6802E-03
3.7873E-04
-4.3806E-03
-4.2914E-03
1.5974E-03
4.7715E-03
3.2820E-03
3.1722E-04
2.5247E-04
4.5056E-03
7.9140E-03
5.3760E-03
-2.2897E-03
-7.9844E-03
-4.0932E-03
5.6216E-03
9.2136E-03
6.7070E-03
2.2028E-03
-1.9882E-03
-2.0056E-03
-1.8824E-03
-7.1993E-03
-1.2694E-02
-1.1443E-02
-5.8782E-03
4.1606E-03
1.2269E-02
1.0451E-02
2.4389E-03
-5.5371E-03
-4.6965E-03
5.9402E-03
8.9294E-03
-2.3410E-03
-1.4023E-02
-1.2521E-02
-8.5424E-04
7.2218E-03
6.3679E-03
2.4262E-03
1.3380E-03
2.9667E-03
5.1284E-03
4.5936E-03
1.2616E-03
3.7873E-04
1.3880E-04
1.9695E-04
6.8810E-04
-6.8777E-04
-3.2364E-03
-2.6050E-03
3.5219E-03
6.6903E-03
2.5744E-03
-2.4149E-03
-5.6540E-03
-7.4928E-03
-6.0152E-03
-7.3909E-04
2.4098E-03
-2.7802E-04
-5.8420E-03
-9.5353E-03
-9.2439E-03
-5.4306E-03
-1.6652E-04
5.2934E-03
8.4061E-03
6.6147E-03
3.6856E-04
-6.3351E-03
-8.3880E-03
-5.6155E-03
-1.9991E-03
1.5078E-03
-2.1313E-04
-6.0808E-03
-8.9850E-03
-6.3600E-03
-1.1686E-03
3.4073E-03
5.4701E-03
2.6396E-03
-8.5694E-04
-1.8454E-03
-3.8542E-03
-3.5935E-03
-5.2400E-04
2.4633E-03
9.7110E-04
-3.3647E-03
-4.0415E-03
-4.2822E-04
5.9551E-03
1.1341E-02
1.0729E-02
3.9849E-03
-3.6255E-03
-5.4986E-03
-1.9401E-03
6.0213E-04
-8.1166E-04
-4.2317E-03
-4.5039E-03
7.6410E-04
6.1646E-03
4.9015E-03
-1.1993E-03
-3.5516E-03
6.2583E-04
6.1458E-03
8.5596E-03
4.5446E-03
-2.9685E-03
-5.8678E-03
-4.2461E-03
-1.7925E-03
1.9881E-03
6.3970E-03
7.8983E-03
7.1118E-03
4.0841E-03
-3.8017E-04
-3.4369E-03
-3.1963E-03
-5.2122E-04
4.6255E-03
8.3458E-03
8.2235E-03
7.6227E-03
7.6526E-03
3.6486E-03
-3.6026E-03
-9.0767E-03
-6.8577E-03
2.6598E-03
1.2826E-02
1.5715E-02
9.4704E-03
-5.3528E-04
-7.0927E-03
-8.6908E-03
-8.6890E-03
-8.8412E-03
-7.1201E-03
-1.2667E-03
5.5604E-03
9.7025E-03
1.1193E-02
7.9115E-03
-1.0787E-04
-6.0571E-03
-6.4477E-03
-4.0819E-03
-4.4826E-03
-8.5058E-03
-1.0539E-02
-6.0339E-03
2.0708E-03
8.5973E-03
1.1380E-02
8.9647E-03
2.4370E-03
-3.9952E-03
-8.4357E-03
-1.0442E-02
-7.2449E-03
-2.0690E-03
5.4589E-03
1.3179E-02
1.5657E-02
1.0320E-02
-1.4058E-03
-1.0456E-02
-1.1893E-02
-6.0505E-03
1.4007E-03
2.8452E-03
1.5877E-03
1.2995E-03
1.3618E-03
6.5083E-04
-1.9404E-03
-6.0402E-03
-9.2454E-03
-1.3351E-02
-1.4434E-02
-1.1209E-02
-2.5899E-03
1.0408E-02
2.0067E-02
2.2901E-02
1.3868E-02
-1.1118E-03
-1.2933E-02
-1.6232E-02
-1.2772E-02
-7.7470E-03
-4.0124E-03
-3.4249E-03
-4.2406E-03
-2.9144E-03
-1.5941E-04
-7.0271E-04
-2.9160E-03
-3.1043E-03
1.6768E-03
6.8891E-03
5.6783E-03
3.6875E-03
5.2110E-03
7.0390E-03
4.1036E-03
-4.7204E-03
-1.3825E-02
-1.4535E-02
-7.3710E-03
1.2878E-03
4.5952E-03
4.3166E-04
-4.4880E-03
-7.7062E-03
-6.4790E-03
-2.6019E-03
9.7364E-04
2.8168E-03
7.6423E-03
1.2436E-02
1.1943E-02
5.4259E-03
-6.3812E-04
-5.1943E-04
5.0606E-03
5.8433E-03
8.4697E-05
-5.9077E-03
-8.0960E-03
-5.6212E-03
-2.3198E-03
-4.3341E-03
-8.6194E-03
-9.6620E-03
-6.8074E-03
-3.0112E-03
2.3159E-03
7.7718E-03
9.4119E-03
7.3999E-03
5.9440E-03
5.4091E-03
5.6297E-03
4.4295E-03
1.7377E-04
-2.2551E-03
-6.5884E-04
4.4104E-03
6.4564E-03
-1.1376E-05
-8.3896E-03
-7.8505E-03
-1.5381E-03
7.5054E-04
-2.6658E-03
-7.5596E-03
-7.3573E-03
-1.9692E-03
3.5832E-03
5.2176E-03
3.4804E-03
1.5078E-03
-1.5903E-04
5.1758E-04
3.9631E-03
6.4028E-03
7.6224E-03
5.3397E-03
-1.7341E-03
-9.3575E-03
-7.6113E-03
-7.5511E-04
2.4810E-03
1.5782E-03
-9.6891E-04
-1.7827E-03
-1.4481E-03
-1.2005E-03
8.9518E-04
3.8723E-03
6.5214E-03
1.0061E-02
1.0314E-02
5.2474E-03
-1.6859E-03
-6.4286E-03
-4.7216E-03
-6.6586E-04
1.3906E-03
1.1094E-03
-1.1085E-03
-4.8440E-03
-7.9623E-03
-6.4873E-03
-2.1331E-03
2.7336E-03
5.3788E-03
4.2002E-03
1.7238E-03
-1.2098E-03
-5.8371E-04
3.2195E-03
6.8093E-03
8.8772E-03
6.6747E-03
1.3641E-03
-5.0018E-03
-9.0539E-03
-8.0907E-03
-5.1221E-03
-1.2845E-03
2.8323E-03
5.4666E-03
7.1813E-03
6.4355E-03
4.5967E-03
1.2051E-03
-4.9986E-03
-1.0651E-02
-8.3791E-03
-2.0391E-03
1.9010E-03
2.5585E-03
1.3070E-03
3.5107E-03
6.9084E-03
9.4778E-03
1.0467E-02
6.5727E-03
-1.3561E-03
-5.1475E-03
-5.3162E-03
-6.2478E-03
-7.3391E-03
-7.0314E-03
-4.4919E-03
-1.8180E-03
2.5436E-03
3.1782E-03
-1.9834E-03
-9.8297E-03
-1.1618E-02
-2.5450E-03
7.5924E-03
9.8334E-03
4.2024E-03
-1.2062E-03
-2.5318E-03
-2.4285E-03
-4.8600E-03
-7.0497E-03
-4.1325E-03
5.3365E-04
4.3574E-03
7.6258E-03
9.8689E-03
1.0918E-02
1.0039E-02
8.2430E-03
1.9790E-03
-8.7451E-03
-1.5577E-02
-1.5227E-02
-9.7672E-03
2.4484E-04
9.9987E-03
1.3423E-02
8.2916E-03
-4.7884E-03
-1.6470E-02
-1.6795E-02
-6.9797E-03
2.3173E-03
2.6544E-03
-1.4128E-03
-1.5430E-03
3.1692E-03
6.2633E-03
4.3629E-03
-1.1709E-03
-3.5977E-03
-9.9307E-04
3.2530E-04
-9.6475E-04
-1.3516E-03
-7.8984E-04
-1.0341E-03
1.0805E-03
4.5031E-03
4.2574E-03
2.6494E-03
-5.2838E-04
-6.4600E-03
-7.0405E-03
-1.6513E-03
2.2206E-03
6.5188E-04
-3.7214E-03
-1.1188E-03
8.7939E-03
1.5026E-02
9.9461E-03
-1.6805E-03
-1.1799E-02
-1.2489E-02
-2.8292E-03
7.3468E-03
6.3188E-03
-2.7984E-03
-6.3065E-03
7.9625E-04
7.5017E-03
7.8041E-03
3.2303E-03
-1.5749E-03
-2.4979E-03
3.6548E-04
1.4301E-03
2.8871E-04
7.0129E-04
1.1116E-03
8.6743E-04
3.3051E-03
5.8994E-03
4.4390E-03
1.5965E-03
2.8145E-04
1.5967E-03
1.6577E-03
5.7820E-04
6.3073E-04
-5.9376E-04
-1.8396E-03
-3.5467E-04
1.4757E-03
8.1853E-04
1.1590E-03
1.6358E-03
-1.4116E-03
-1.0138E-02
-1.6222E-02
-1.3145E-02
-2.3843E-03
8.4443E-03
1.2364E-02
8.4666E-03
5.3832E-04
-3.4684E-03
-1.2850E-03
2.4253E-03
2.6478E-03
1.1800E-03
1.3294E-03
3.3360E-03
4.4764E-03
2.4139E-03
-1.4994E-03
-7.1899E-03
-1.0932E-02
-8.1230E-03
-3.6299E-03
-4.2187E-04
2.9338E-03
4.0268E-03
-3.0254E-04
-2.0990E-03
3.4306E-03
8.9514E-03
8.2794E-03
3.4142E-03
1.9216E-03
2.9352E-03
1.6256E-03
-6.5361E-04
-3.1090E-03
-8.7456E-03
-1.4411E-02
-1.3694E-02
-7.1859E-03
-8.4133E-04
6.6349E-03
1.5349E-02
1.5705E-02
4.3424E-03
-1.0544E-02
-1.7213E-02
-1.2610E-02
-1.5421E-03
8.6640E-03
1.1693E-02
5.5155E-03
-3.1507E-03
-6.0431E-03
-2.9916E-03
2.9562E-03
4.9670E-03
2.3091E-03
-6.9081E-04
-3.3396E-03
-4.8731E-03
-4.4527E-03
-1.8168E-03
4.2916E-03
7.6819E-03
4.7762E-03
1.2509E-03
2.6192E-03
1.8102E-03
-2.3235E-03
-7.5708E-03
-9.9163E-03
-6.2781E-03
-9.0301E-04
2.9419E-03
3.7400E-03
9.6731E-04
-4.6486E-03
-8.5033E-03
-3.9807E-03
3.1978E-03
5.7675E-03
4.1383E-03
-5.5816E-04
-6.1762E-03
-8.0353E-03
-2.5811E-03
4.9173E-03
9.9816E-03
8.7384E-03
2.7070E-03
-4.0405E-03
-9.2619E-03
-8.0585E-03
-5.9804E-05
6.6812E-03
5.8403E-03
-4.2649E-04
-6.1819E-03
-8.1435E-03
-5.5527E-03
-2.8421E-03
4.6908E-05
7.2800E-03
1.3265E-02
1.1924E-02
4.7348E-03
-1.9472E-03
-2.7832E-03
4.7041E-03
1.3392E-02
1.4077E-02
4.0254E-03
-1.0078E-02
-1.6808E-02
-1.1068E-02
-1.4443E-03
1.4004E-03
-4.9759E-03
-1.0489E-02
-8.1915E-03
8.9927E-04
8.2960E-03
7.2289E-03
3.7033E-03
5.4478E-03
6.2922E-03
-1.6001E-04
-7.0527E-03
-6.1856E-03
1.9089E-04
4.6214E-03
3.5577E-03
-1.5302E-03
-6.5061E-03
-6.6550E-03
-3.3679E-03
-1.9504E-03
-1.3832E-03
2.1033E-03
8.4388E-03
1.0587E-02
6.3636E-03
-1.4086E-03
-6.3692E-03
-4.6331E-03
3.8429E-04
4.3490E-03
4.2986E-03
2.2298E-03
-7.1736E-04
-5.2587E-03
-7.8188E-03
-5.0543E-03
4.1399E-04
4.6273E-03
5.8711E-03
2.7996E-03
1.4566E-04
-7.2553E-04
1.2567E-03
3.7994E-03
3.1201E-03
2.4656E-04
-3.0150E-03
-4.2724E-03
-2.5691E-03
1.3899E-04
1.2870E-03
8.4002E-04
-2.7473E-04
2.6158E-03
5.9190E-03
5.6454E-03
7.6492E-04
-7.6440E-03
-1.3182E-02
-9.4840E-03
1.6062E-03
1.0996E-02
1.3928E-02
1.0333E-02
1.7117E-03
-6.5341E-03
-8.2255E-03
-2.5610E-03
6.6844E-03
1.2754E-02
6.4828E-03
-4.1315E-03
-7.2617E-03
-6.6903E-03
-5.9658E-03
-4.5995E-03
-1.0714E-03
8.7165E-04
-3.4344E-03
-8.1268E-03
-2.5131E-03
8.4341E-03
1.1644E-02
6.1815E-03
-2.3684E-03
-6.6416E-03
-3.4732E-03
2.2907E-03
3.9601E-03
1.1287E-03
-2.9155E-03
-7.1991E-03
-8.0530E-03
-5.2150E-03
-2.5974E-03
-2.0715E-04
1.8774E-03
1.4347E-03
-3.4601E-04
-6.0432E-04
7.1856E-04
5.2829E-03
6.0018E-03
-1.2590E-03
-6.1434E-03
-5.2811E-03
-7.1790E-04
4.1843E-03
5.7921E-03
5.7629E-03
5.2922E-03
2.9622E-03
-4.2285E-04
-4.3474E-03
-9.7038E-03
-1.1890E-02
-5.6163E-03
3.2351E-03
9.0790E-03
7.3269E-03
3.6137E-04
-4.0273E-03
-3.6872E-03
1.1775E-04
5.1025E-03
6.4067E-03
1.3932E-03
-5.9029E-03
-7.7639E-03
-4.5966E-03
-1.7017E-03
-1.2576E-03
-1.0385E-03
1.2321E-03
5.6871E-03
5.4700E-03
1.6043E-03
-3.0033E-03
-6.1399E-03
-5.6291E-03
-2.3150E-03
1.6124E-03
5.0576E-03
5.9629E-03
5.7878E-03
4.7175E-03
2.9907E-03
7.3690E-04
-2.2535E-03
-5.2900E-03
-7.0978E-03
-8.3584E-03
-7.3073E-03
-1.5194E-03
5.4200E-03
5.8641E-03
3.4702E-03
3.6702E-03
5.5708E-03
5.1396E-03
1.7492E-03
-3.1819E-03
-5.7547E-03
-1.9729E-03
5.6144E-03
7.3192E-03
-1.1779E-04
-9.1875E-03
-1.1571E-02
-5.7438E-03
-4.1647E-04
-1.1083E-03
-3.2478E-03
-2.6249E-03
1.1918E-03
4.8906E-03
4.5651E-03
1.9304E-03
-1.0387E-03
-3.4169E-03
-2.6901E-03
5.3459E-04
2.1566E-03
3.0107E-03
3.3278E-03
2.6584E-03
-2.0905E-04
-3.2695E-03
-1.8639E-03
2.3635E-03
7.1748E-03
9.7818E-03
8.4823E-03
3.2505E-03
-2.6407E-03
-3.6159E-03
-5.0009E-04
1.7412E-03
-4.1907E-03
-1.1887E-02
-1.1404E-02
-3.7937E-03
1.1508E-03
-2.8608E-03
-6.4368E-03
-2.8941E-03
3.7422E-03
6.8016E-03
4.3466E-03
1.7729E-03
2.9260E-03
5.1208E-03
6.9907E-03
3.6005E-03
-3.8368E-03
-9.6489E-03
-7.6805E-03
-8.8034E-04
3.2283E-03
7.4631E-03
1.2266E-02
1.0096E-02
1.4169E-03
-8.5221E-03
-1.2092E-02
-7.3935E-03
5.9093E-04
5.6312E-03
5.5620E-03
4.7016E-03
5.9293E-03
7.6307E-03
7.4963E-03
5.8588E-03
1.6573E-04
-7.6517E-03
-1.1187E-02
-1.0710E-02
-8.5269E-03
-4.8914E-03
-1.4585E-03
-3.2248E-04
1.0728E-03
1.6333E-03
1.3816E-03
-1.2365E-03
-2.3640E-03
-6.5525E-04
2.8634E-03
3.5791E-03
5.5816E-04
-1.4071E-03
6.6967E-04
2.7117E-03
5.0781E-03
5.1218E-03
6.9578E-04
-2.8384E-03
-1.8018E-03
8.5400E-04
3.1250E-03
8.6382E-04
-2.2411E-03
-3.2322E-03
-2.0202E-03
4.8167E-04
4.1076E-03
6.6930E-03
6.1287E-03
2.8160E-03
-2.4928E-03
-6.3229E-03
-2.0619E-03
1.9848E-03
6.5631E-04
-1.5806E-03
1.8456E-04
3.8483E-03
-5.0398E-04
-8.6349E-03
-1.2436E-02
-7.4899E-03
2.3900E-03
9.6927E-03
1.0461E-02
2.2648E-03
-4.9715E-03
-2.4447E-03
6.0932E-04
-2.9499E-03
-6.5154E-03
-4.7803E-03
3.1601E-03
1.2622E-02
1.6333E-02
1.1488E-02
3.7180E-03
-2.5241E-03
-4.4150E-03
-9.9075E-04
1.2732E-04
-5.7705E-03
-7.2863E-03
-7.5921E-03
-7.6654E-03
-5.1403E-03
-3.0616E-03
9.5391E-04
4.0423E-03
3.0042E-03
-5.3428E-04
-3.7322E-03
-2.6108E-03
2.2485E-03
3.7272E-03
1.0070E-03
-2.2464E-03
-2.7123E-03
-1.9289E-03
-2.1292E-03
-4.1548E-04
5.5580E-03
7.0596E-03
1.4140E-03
-2.9753E-03
-3.0256E-03
-2.6547E-03
-5.5772E-03
-5.7883E-03
-1.2951E-03
1.1607E-03
4.5990E-03
1.2166E-02
1.4597E-02
9.7626E-03
-1.3344E-03
-1.1979E-02
-1.4236E-02
-9.0461E-03
-2.1203E-03
3.2131E-03
3.9520E-03
1.5158E-03
-1.7882E-03
-5.4327E-03
-5.2285E-03
-1.2663E-03
9.9211E-04
2.3817E-03
2.1022E-03
2.2036E-03
3.4590E-03
5.7056E-03
7.0254E-03
2.7705E-03
-1.9264E-03
-3.9215E-04
5.8812E-03
8.1600E-03
-5.9971E-04
-9.9539E-03
-1.1743E-02
-1.0026E-02
-4.5764E-03
8.7606E-05
-4.1293E-04
-2.9682E-03
-4.3489E-03
1.1822E-03
1.0684E-02
1.2870E-02
5.6145E-03
-4.7692E-03
-1.1644E-02
-8.4080E-03
1.4543E-03
7.3404E-03
3.8166E-03
9.7777E-04
1.9491E-03
9.6288E-04
-1.1078E-03
-1.3748E-03
1.3490E-03
2.2092E-03
2.8469E-04
-2.2411E-04
9.4209E-04
1.1384E-03
6.5168E-04
-4.7368E-04
-3.2357E-03
-3.7587E-03
-5.5507E-03
-6.9486E-03
-4.8844E-03
-4.0903E-03
-1.8584E-03
4.0840E-03
8.3481E-03
1.0055E-02
8.3218E-03
3.7764E-03
-3.4920E-03
-8.0972E-03
-7.1770E-03
-1.9843E-03
3.5669E-03
7.6894E-03
8.1536E-03
1.6446E-03
-6.5740E-03
-7.9185E-03
-3.5436E-03
5.9350E-03
1.2180E-02
9.4431E-03
5.3449E-04
-5.8272E-03
-3.3055E-03
5.1441E-03
7.1518E-03
1.0233E-04
-5.0073E-03
-5.1761E-03
-7.2882E-03
-1.2139E-02
-1.3739E-02
-5.3832E-03
5.0566E-03
9.0839E-03
8.7954E-03
6.7532E-03
3.5856E-03
-1.1475E-03
-2.1650E-03
3.0147E-04
2.9064E-04
1.6104E-03
4.3448E-03
2.9990E-03
-3.1386E-03
-8.5642E-03
-6.3225E-03
5.1608E-04
5.3809E-03
8.6588E-04
-8.0821E-03
-7.6965E-03
2.6924E-03
1.4291E-02
1.1295E-02
-3.4161E-03
-1.4498E-02
-1.2199E-02
-1.3716E-03
7.6626E-03
1.0527E-02
9.0816E-03
5.3412E-03
3.0496E-03
2.0853E-03
-2.2565E-03
-8.1129E-03
-8.9568E-03
-6.9041E-03
-4.6346E-03
9.2612E-04
5.3415E-03
5.6385E-03
1.8241E-03
-1.5217E-03
-7.0814E-04
-8.3193E-05
-3.9861E-04
2.0931E-03
3.9236E-03
-5.5815E-04
-9.3292E-03
-1.2331E-02
-3.7759E-03
4.2102E-03
5.1668E-03
3.6489E-03
3.4604E-03
5.2292E-03
8.7025E-03
4.4326E-03
-3.4551E-03
-3.6415E-03
-1.3557E-03
1.3248E-03
3.4225E-04
-2.7678E-03
-3.9070E-03
-3.9007E-03
-5.1034E-03
-2.4964E-03
4.9443E-03
7.4205E-03
6.5936E-03
4.1922E-03
-6.1089E-04
-1.3427E-03
3.6041E-03
3.6350E-03
3.5788E-05
-3.4472E-03
-3.8001E-03
9.3569E-04
1.3459E-03
-1.5099E-03
-4.6866E-03
-2.0699E-03
6.0849E-03
1.1215E-02
6.2617E-03
-6.3753E-03
-1.3050E-02
-7.2767E-03
6.0362E-03
1.0581E-02
1.5083E-03
-1.0814E-02
-1.4310E-02
-8.1284E-03
-4.3594E-03
-6.8041E-03
-4.6884E-03
6.1498E-03
1.7455E-02
1.9898E-02
1.0897E-02
-1.7008E-03
-6.5596E-03
-3.7196E-03
6.6973E-04
3.5987E-03
2.2364E-03
-3.4628E-03
-7.3270E-03
-8.6507E-03
-7.4839E-03
-4.8223E-03
-6.8465E-04
2.0005E-03
1.4386E-03
3.7659E-03
1.0321E-02
1.2441E-02
7.6473E-03
-1.7735E-03
-4.9496E-03
6.6429E-04
2.7352E-03
-1.8598E-03
-5.9075E-03
-5.3008E-03
-2.4524E-03
-2.4466E-03
-4.4947E-04
4.4051E-03
2.9649E-03
-2.9976E-03
-4.7790E-03
-5.9591E-04
3.4385E-03
4.8499E-03
-3.4470E-04
-9.7004E-03
-1.2289E-02
-1.0299E-03
1.3841E-02
1.7841E-02
7.3745E-03
-6.3093E-03
-1.0301E-02
-6.6190E-03
-9.5710E-04
1.5016E-03
9.4590E-04
-9.2614E-04
-4.8998E-03
-7.1471E-03
-3.6558E-03
1.7355E-03
4.6441E-03
5.5139E-03
4.7887E-03
2.8069E-03
8.2837E-04
-4.0648E-03
-6.9067E-03
-1.3728E-03
9.3250E-03
1.2656E-02
5.4143E-03
-5.6230E-03
-1.0809E-02
-4.5317E-03
3.7437E-03
2.1282E-03
-5.1236E-03
-6.0817E-03
-6.5131E-04
2.8587E-03
6.8483E-04
-1.4080E-03
2.5759E-03
6.3622E-03
3.8489E-03
-4.8960E-03
-1.3638E-02
-1.4588E-02
-6.2012E-03
7.4048E-03
1.6247E-02
1.3113E-02
6.6536E-04
-7.2413E-03
-3.5196E-03
1.5861E-03
1.1593E-03
-3.5870E-03
-4.3827E-03
-9.3727E-04
6.3400E-05
-4.8866E-03
-1.0746E-02
-8.0737E-03
2.2670E-04
7.3500E-03
1.0398E-02
8.8271E-03
5.0233E-03
9.8622E-04
1.9770E-04
1.8538E-03
2.3434E-03
-2.1991E-03
-5.0559E-03
-3.6192E-03
-2.3569E-03
-3.0097E-03
-4.3177E-03
-1.0472E-03
7.8393E-03
1.2169E-02
8.2581E-03
2.1848E-03
3.9553E-05
-6.5083E-04
-5.7423E-03
-1.2481E-02
-1.3786E-02
-7.7282E-03
3.8677E-03
1.0686E-02
5.7810E-03
-3.1565E-03
-4.9459E-03
2.4424E-03
1.0243E-02
8.5243E-03
-1.7920E-03
-1.3581E-02
-1.6892E-02
-6.4157E-03
6.2655E-03
9.9770E-03
6.2658E-03
2.4486E-03
-4.3779E-04
-1.5521E-03
-3.8634E-03
-5.9917E-03
-2.3920E-03
3.0524E-03
4.5292E-04
-6.1263E-03
-5.7440E-03
2.7192E-03
1.3436E-02
1.5787E-02
7.3837E-03
-4.8193E-03
-1.0268E-02
-6.5345E-03
1.9139E-03
3.9236E-03
-2.8586E-03
-5.9092E-03
-1.1856E-03
4.7277E-03
6.5392E-03
4.0677E-03
5.2344E-03
8.2476E-03
3.3186E-03
-7.6092E-03
-1.4669E-02
-1.2875E-02
-3.8142E-03
6.3303E-03
1.1090E-02
3.6486E-03
-6.3272E-03
-5.3923E-03
2.1327E-03
4.3376E-03
1.9692E-03
8.4043E-04
6.3852E-04
-7.3980E-04
-3.4749E-03
-3.4987E-03
2.0757E-04
2.8227E-03
-9.1076E-04
-7.8454E-03
-6.3447E-03
2.3610E-03
7.7035E-03
6.9659E-03
3.0613E-03
-8.7359E-04
-7.0281E-05
4.2786E-03
4.2773E-03
1.1698E-03
-7.9581E-04
-1.6273E-03
-3.4018E-03
-7.4827E-03
-8.3724E-03
-4.2250E-03
2.6296E-03
8.6590E-03
9.4154E-03
1.8157E-03
-8.4016E-03
-1.1621E-02
-4.3529E-03
5.4293E-03
9.6978E-03
7.3213E-03
3.0270E-03
-1.5007E-03
-5.8859E-03
-7.5785E-03
-8.0513E-03
-5.5830E-03
2.8060E-03
1.0678E-02
1.2985E-02
1.0155E-02
5.0823E-03
-3.1602E-04
-5.0041E-03
-6.2371E-03
-5.5226E-03
-3.6265E-03
-2.0155E-03
-1.8912E-03
-4.2792E-03
-5.1628E-03
-2.0633E-03
4.6282E-03
1.2548E-02
1.1789E-02
1.9909E-03
-5.6112E-03
-4.9346E-03
-1.2281E-03
-1.6951E-03
-2.8348E-03
6.5847E-04
5.5131E-03
6.6806E-03
4.5752E-03
5.5071E-04
-2.4596E-03
-2.2555E-03
-3.4253E-03
-7.8066E-03
-1.2644E-02
-1.2597E-02
-3.6493E-03
8.0345E-03
1.0844E-02
3.9194E-03
-4.8425E-03
-5.2283E-03
5.8935E-04
4.4755E-03
7.7710E-03
1.0052E-02
5.9597E-03
-2.3984E-03
-9.5813E-03
-9.5494E-03
-2.9605E-03
1.4448E-03
-1.2513E-03
-6.7195E-03
-6.9055E-03
-1.9750E-03
3.9262E-03
9.6649E-03
1.2285E-02
7.7674E-03
-2.4982E-03
-7.7695E-03
-4.6066E-03
3.2809E-03
5.9585E-03
9.4415E-04
-4.7727E-03
-7.6481E-03
-5.4208E-03
-2.9432E-03
-3.0729E-03
-3.9409E-03
-2.7663E-03
4.4364E-03
8.8145E-03
4.8606E-03
5.9494E-06
1.1947E-03
3.6807E-03
3.1123E-03
1.6879E-03
-1.5008E-03
-3.3125E-03
4.6807E-04
4.2189E-03
2.1350E-03
-4.6970E-03
-8.2990E-03
-5.9320E-03
-1.6213E-03
1.6948E-03
1.8434E-03
7.0766E-04
-6.4397E-04
6.4234E-05
4.8076E-03
5.6722E-03
1.6741E-03
-2.6686E-03
-4.0419E-03
-1.6764E-03
2.1749E-03
5.4064E-03
8.0652E-03
6.4813E-03
9.1759E-04
-4.4914E-03
-9.9482E-03
-1.1558E-02
-7.6555E-03
9.0792E-04
3.9787E-03
2.2480E-03
1.6475E-03
2.4961E-03
6.0048E-03
9.7185E-03
9.4244E-03
4.5153E-03
-2.0050E-03
-6.2212E-03
-5.3450E-03
-2.7320E-03
-1.0245E-03
-1.5571E-03
-6.0147E-03
-1.1002E-02
-9.8208E-03
-2.9175E-03
3.1921E-03
5.7152E-03
7.0038E-03
5.6601E-03
3.1897E-03
5.6290E-04
5.4725E-04
3.3091E-03
4.3105E-03
-6.3884E-04
-6.7848E-03
-6.3336E-03
4.7585E-04
7.1714E-03
7.0734E-03
1.8014E-03
-4.3324E-03
-7.1470E-03
-4.1646E-03
2.7224E-03
7.4516E-03
7.0830E-03
4.6570E-04
-9.1248E-03
-1.1907E-02
-4.9380E-03
6.6663E-03
1.4913E-02
1.3604E-02
6.0627E-03
-8.6996E-04
-3.7998E-03
-4.5011E-03
-6.3604E-03
-9.1236E-03
-1.1933E-02
-1.1377E-02
-6.4076E-03
-4.5895E-05
4.4271E-03
7.1493E-03
8.3035E-03
4.2757E-03
-4.3157E-04
-3.1577E-04
2.3255E-03
4.6644E-03
4.8785E-03
2.8153E-03
-1.2328E-03
-1.3568E-04
3.1480E-03
8.1193E-04
-4.1741E-03
-9.4026E-03
-8.5777E-03
1.1284E-03
9.4649E-03
6.9070E-03
-7.2618E-04
-5.6148E-03
-5.1636E-03
-2.2719E-03
-4.9069E-04
-8.3291E-04
-1.0421E-03
1.9437E-03
3.8760E-03
3.1626E-03
2.9645E-03
3.1541E-03
3.1918E-03
1.5015E-03
-1.3005E-03
-1.3092E-05
5.1496E-03
7.5987E-03
2.6453E-03
-7.2116E-03
-1.3045E-02
-1.1951E-02
-7.4884E-03
-6.5432E-03
-8.9994E-03
-6.2377E-03
1.9814E-03
1.0075E-02
1.1761E-02
9.9725E-03
6.2903E-03
1.9678E-03
4.4995E-04
-9.4613E-04
-1.2295E-03
-2.1734E-03
-1.9938E-03
2.9647E-03
6.0639E-03
9.0146E-04
-8.5401E-03
-1.0593E-02
-3.3599E-03
5.9785E-03
1.1413E-02
9.5740E-03
1.3692E-04
-7.8526E-03
-9.2520E-03
-4.5452E-03
1.3408E-03
3.6655E-03
2.2978E-03
5.8827E-04
-2.0078E-03
-5.1170E-03
-4.8603E-03
5.0705E-04
6.4794E-03
5.1042E-03
-6.2305E-04
-3.2029E-03
-2.3469E-03
-4.4104E-04
3.5597E-04
9.0385E-05
1.2145E-03
6.0536E-03
9.7765E-03
4.8217E-03
-3.2120E-03
-9.0058E-03
-7.4026E-03
-2.1423E-03
2.0135E-04
-1.6326E-03
-3.8109E-03
-2.1492E-03
3.1238E-03
8.5704E-03
7.2510E-03
1.2198E-03
-3.9788E-03
-3.2172E-03
2.0316E-03
4.0849E-03
-2.4689E-04
-5.9317E-03
-5.5484E-03
2.1750E-03
7.0101E-03
3.4880E-03
-2.5556E-03
-5.2010E-03
-5.9115E-03
-4.6035E-03
1.9064E-03
8.8156E-03
1.0081E-02
1.4350E-03
-1.0733E-02
-1.3050E-02
-3.9571E-03
6.0752E-03
1.2334E-02
1.0207E-02
2.9017E-03
-8.9522E-04
-3.6464E-04
8.4693E-04
-3.8856E-04
-2.3572E-03
-2.2152E-03
-2.6088E-03
-4.0014E-03
-4.1976E-03
-2.9460E-03
-2.2131E-03
-1.5032E-03
-8.3781E-05
-8.9669E-04
-3.5985E-03
-4.2884E-03
-6.3197E-04
4.7657E-03
7.2402E-03
8.1868E-03
7.9869E-03
3.3363E-03
-1.0010E-03
-3.6201E-03
-9.9865E-03
-1.2720E-02
-7.4175E-03
5.3453E-04
7.9751E-03
1.0551E-02
7.6091E-03
1.6567E-04
-5.5115E-03
-6.2471E-03
-4.8989E-03
3.1532E-04
4.1247E-03
2.3077E-03
-3.7354E-03
-7.5627E-03
-3.2115E-03
8.2362E-03
1.6436E-02
1.0915E-02
-4.0435E-03
-1.2834E-02
-6.3361E-03
7.2370E-03
1.3534E-02
7.9098E-03
-2.7751E-03
-8.3261E-03
-8.3012E-03
-6.5386E-03
-4.7090E-03
-1.2363E-03
4.5721E-03
8.2378E-03
5.2862E-03
-1.3661E-03
-4.4171E-03
-1.0800E-04
4.3251E-03
8.1647E-04
-7.4228E-03
-9.6465E-03
-4.6106E-03
1.6148E-05
1.7582E-03
2.7457E-03
3.6902E-03
5.2613E-03
3.8240E-03
-2.1445E-03
-8.2156E-03
-9.9289E-03
-4.7814E-03
1.6828E-03
3.3977E-03
1.8632E-03
2.8667E-03
8.9356E-03
1.1552E-02
4.2897E-03
-5.8302E-03
-8.9414E-03
-3.8969E-03
-2.8662E-04
-2.3893E-03
-4.0140E-03
-3.0074E-03
1.9731E-03
6.5791E-03
6.1479E-03
3.7208E-03
2.4173E-03
1.1619E-03
2.5684E-04
-1.0020E-03
-4.7539E-03
-8.2454E-03
-7.6208E-03
-8.3889E-03
-1.0431E-02
-6.5991E-03
5.8691E-03
2.0804E-02
2.2999E-02
7.9538E-03
-9.1716E-03
-1.3339E-02
-1.7353E-03
1.1006E-02
7.5846E-03
-1.1066E-02
-2.4902E-02
-2.2205E-02
-1.0579E-02
-2.9950E-03
1.0995E-03
1.4841E-02
3.7410E-02
4.2088E-02
-1.5985E-03
-8.1107E-02
-1.2905E-01
-9.1891E-02
-4.6604E-03
-2.5126E-03
-6.3933E-04