7.0010E+03
1.0000E-02
0.0000E+00
-1.6799E-06
-1.0256E-05
-2.2906E-05
-4.2611E-05
-6.6233E-05
-9.6892E-05
-1.3147E-04
-1.7311E-04
-2.1885E-04
-2.7174E-04
-3.2855E-04
-3.9267E-04
-4.6076E-04
-5.3583E-04
-6.1489E-04
-7.0106E-04
-7.9099E-04
-8.8807E-04
-9.8908E-04
-1.0971E-03
-1.2090E-03
-1.3280E-03
-1.4510E-03
-1.5811E-03
-1.7152E-03
-1.8561E-03
-2.0011E-03
-2.1535E-03
-2.3095E-03
-2.4727E-03
-2.6399E-03
-2.8142E-03
-2.9923E-03
-3.1776E-03
-3.3667E-03
-3.5629E-03
-3.7631E-03
-3.9704E-03
-4.1813E-03
-4.3993E-03
-4.6214E-03
-4.8506E-03
-5.0835E-03
-5.3235E-03
-5.5673E-03
-5.8183E-03
-6.0731E-03
-6.3350E-03
-6.6006E-03
-6.8736E-03
-7.1503E-03
-7.4341E-03
-7.7219E-03
-8.0170E-03
-8.3160E-03
-8.6219E-03
-8.9316E-03
-9.2485E-03
-9.5694E-03
-9.8975E-03
-1.0229E-02
-1.0568E-02
-1.0912E-02
-1.1262E-02
-1.1616E-02
-1.1977E-02
-1.2342E-02
-1.2714E-02
-1.3090E-02
-1.3473E-02
-1.3861E-02
-1.4255E-02
-1.4653E-02
-1.5059E-02
-1.5468E-02
-1.5884E-02
-1.6305E-02
-1.6732E-02
-1.7164E-02
-1.7602E-02
-1.8045E-02
-1.8494E-02
-1.8948E-02
-1.9408E-02
-1.9873E-02
-2.0345E-02
-2.0820E-02
-2.1303E-02
-2.1790E-02
-2.2283E-02
-2.2781E-02
-2.3286E-02
-2.3794E-02
-2.4310E-02
-2.4830E-02
-2.5357E-02
-2.5888E-02
-2.6426E-02
-2.6968E-02
-2.7517E-02
-2.8070E-02
-2.8630E-02
-2.9194E-02
-2.9766E-02
-3.0341E-02
-3.0923E-02
-3.1509E-02
-3.2102E-02
-3.2699E-02
-3.3303E-02
-3.3911E-02
-3.4527E-02
-3.5146E-02
-3.5773E-02
-3.6403E-02
-3.7040E-02
-3.7681E-02
-3.8330E-02
-3.8982E-02
-3.9642E-02
-4.0305E-02
-4.0976E-02
-4.1650E-02
-4.2331E-02
-4.3017E-02
-4.3709E-02
-4.4406E-02
-4.5110E-02
-4.5817E-02
-4.6532E-02
-4.7250E-02
-4.7976E-02
-4.8705E-02
-4.9442E-02
-5.0182E-02
-5.0930E-02
-5.1682E-02
-5.2440E-02
-5.3203E-02
-5.3973E-02
-5.4746E-02
-5.5528E-02
-5.6312E-02
-5.7104E-02
-5.7899E-02
-5.8702E-02
-5.9508E-02
-6.0322E-02
-6.1140E-02
-6.1965E-02
-6.2793E-02
-6.3629E-02
-6.4468E-02
-6.5316E-02
-6.6166E-02
-6.7024E-02
-6.7886E-02
-6.8755E-02
-6.9627E-02
-7.0507E-02
-7.1391E-02
-7.2282E-02
-7.3176E-02
-7.4078E-02
-7.4984E-02
-7.5897E-02
-7.6813E-02
-7.7737E-02
-7.8665E-02
-7.9600E-02
-8.0538E-02
-8.1484E-02
-8.2433E-02
-8.3390E-02
-8.4351E-02
-8.5319E-02
-8.6290E-02
-8.7269E-02
-8.8251E-02
-8.9240E-02
-9.0233E-02
-9.1234E-02
-9.2238E-02
-9.3249E-02
-9.4265E-02
-9.5287E-02
-9.6313E-02
-9.7345E-02
-9.8380E-02
-9.9422E-02
-1.0047E-01
-1.0152E-01
-1.0257E-01
-1.0363E-01
-1.0470E-01
-1.0577E-01
-1.0684E-01
-1.0792E-01
-1.0900E-01
-1.1009E-01
-1.1118E-01
-1.1228E-01
-1.1338E-01
-1.1449E-01
-1.1561E-01
-1.1672E-01
-1.1785E-01
-1.1897E-01
-1.2010E-01
-1.2124E-01
-1.2238E-01
-1.2353E-01
-1.2467E-01
-1.2582E-01
-1.2697E-01
-1.2812E-01
-1.2926E-01
-1.3041E-01
-1.3155E-01
-1.3269E-01
-1.3383E-01
-1.3496E-01
-1.3608E-01
-1.3719E-01
-1.3829E-01
-1.3937E-01
-1.4043E-01
-1.4146E-01
-1.4248E-01
-1.4349E-01
-1.4450E-01
-1.4552E-01
-1.4654E-01
-1.4758E-01
-1.4862E-01
-1.4968E-01
-1.5074E-01
-1.5180E-01
-1.5288E-01
-1.5400E-01
-1.5516E-01
-1.5635E-01
-1.5756E-01
-1.5878E-01
-1.5996E-01
-1.6108E-01
-1.6215E-01
-1.6325E-01
-1.6438E-01
-1.6547E-01
-1.6650E-01
-1.6756E-01
-1.6867E-01
-1.6975E-01
-1.7078E-01
-1.7180E-01
-1.7288E-01
-1.7399E-01
-1.7510E-01
-1.7622E-01
-1.7738E-01
-1.7857E-01
-1.7976E-01
-1.8104E-01
-1.8245E-01
-1.8390E-01
-1.8531E-01
-1.8672E-01
-1.8822E-01
-1.8981E-01
-1.9145E-01
-1.9312E-01
-1.9480E-01
-1.9646E-01
-1.9816E-01
-1.9994E-01
-2.0171E-01
-2.0340E-01
-2.0507E-01
-2.0690E-01
-2.0884E-01
-2.1075E-01
-2.1264E-01
-2.1461E-01
-2.1670E-01
-2.1878E-01
-2.2080E-01
-2.2280E-01
-2.2474E-01
-2.2665E-01
-2.2861E-01
-2.3067E-01
-2.3286E-01
-2.3523E-01
-2.3776E-01
-2.4032E-01
-2.4285E-01
-2.4537E-01
-2.4785E-01
-2.5028E-01
-2.5276E-01
-2.5526E-01
-2.5766E-01
-2.6005E-01
-2.6254E-01
-2.6495E-01
-2.6721E-01
-2.6951E-01
-2.7192E-01
-2.7431E-01
-2.7657E-01
-2.7885E-01
-2.8132E-01
-2.8396E-01
-2.8659E-01
-2.8905E-01
-2.9131E-01
-2.9361E-01
-2.9606E-01
-2.9846E-01
-3.0064E-01
-3.0274E-01
-3.0497E-01
-3.0739E-01
-3.0986E-01
-3.1216E-01
-3.1433E-01
-3.1672E-01
-3.1954E-01
-3.2261E-01
-3.2558E-01
-3.2811E-01
-3.3007E-01
-3.3174E-01
-3.3368E-01
-3.3625E-01
-3.3936E-01
-3.4271E-01
-3.4587E-01
-3.4846E-01
-3.5074E-01
-3.5316E-01
-3.5548E-01
-3.5730E-01
-3.5884E-01
-3.6057E-01
-3.6252E-01
-3.6434E-01
-3.6574E-01
-3.6678E-01
-3.6777E-01
-3.6906E-01
-3.7108E-01
-3.7404E-01
-3.7743E-01
-3.8052E-01
-3.8315E-01
-3.8578E-01
-3.8868E-01
-3.9173E-01
-3.9466E-01
-3.9730E-01
-3.9962E-01
-4.0169E-01
-4.0356E-01
-4.0505E-01
-4.0606E-01
-4.0697E-01
-4.0828E-01
-4.0986E-01
-4.1133E-01
-4.1286E-01
-4.1484E-01
-4.1726E-01
-4.1984E-01
-4.2243E-01
-4.2500E-01
-4.2740E-01
-4.2957E-01
-4.3158E-01
-4.3349E-01
-4.3523E-01
-4.3663E-01
-4.3779E-01
-4.3885E-01
-4.3985E-01
-4.4078E-01
-4.4170E-01
-4.4274E-01
-4.4405E-01
-4.4567E-01
-4.4753E-01
-4.4966E-01
-4.5214E-01
-4.5488E-01
-4.5787E-01
-4.6087E-01
-4.6374E-01
-4.6665E-01
-4.6974E-01
-4.7262E-01
-4.7505E-01
-4.7745E-01
-4.8065E-01
-4.8516E-01
-4.9067E-01
-4.9647E-01
-5.0203E-01
-5.0744E-01
-5.1288E-01
-5.1799E-01
-5.2248E-01
-5.2661E-01
-5.3074E-01
-5.3453E-01
-5.3747E-01
-5.3966E-01
-5.4177E-01
-5.4448E-01
-5.4785E-01
-5.5136E-01
-5.5489E-01
-5.5880E-01
-5.6349E-01
-5.6864E-01
-5.7373E-01
-5.7850E-01
-5.8317E-01
-5.8793E-01
-5.9231E-01
-5.9589E-01
-5.9889E-01
-6.0162E-01
-6.0436E-01
-6.0741E-01
-6.1107E-01
-6.1571E-01
-6.2132E-01
-6.2795E-01
-6.3538E-01
-6.4307E-01
-6.5076E-01
-6.5797E-01
-6.6449E-01
-6.7074E-01
-6.7723E-01
-6.8466E-01
-6.9296E-01
-7.0078E-01
-7.0765E-01
-7.1558E-01
-7.2726E-01
-7.4278E-01
-7.5916E-01
-7.7335E-01
-7.8557E-01
-7.9728E-01
-8.0790E-01
-8.1584E-01
-8.2111E-01
-8.2563E-01
-8.3104E-01
-8.3750E-01
-8.4563E-01
-8.5715E-01
-8.7197E-01
-8.8718E-01
-9.0095E-01
-9.1398E-01
-9.2759E-01
-9.4181E-01
-9.5634E-01
-9.7068E-01
-9.8337E-01
-9.9303E-01
-9.9949E-01
-1.0041E+00
-1.0093E+00
-1.0156E+00
-1.0223E+00
-1.0296E+00
-1.0390E+00
-1.0509E+00
-1.0646E+00
-1.0788E+00
-1.0923E+00
-1.1033E+00
-1.1113E+00
-1.1183E+00
-1.1275E+00
-1.1412E+00
-1.1584E+00
-1.1753E+00
-1.1896E+00
-1.2019E+00
-1.2125E+00
-1.2210E+00
-1.2284E+00
-1.2363E+00
-1.2458E+00
-1.2570E+00
-1.2693E+00
-1.2804E+00
-1.2877E+00
-1.2903E+00
-1.2898E+00
-1.2893E+00
-1.2918E+00
-1.2997E+00
-1.3133E+00
-1.3292E+00
-1.3419E+00
-1.3489E+00
-1.3511E+00
-1.3498E+00
-1.3455E+00
-1.3407E+00
-1.3394E+00
-1.3437E+00
-1.3505E+00
-1.3545E+00
-1.3538E+00
-1.3510E+00
-1.3506E+00
-1.3543E+00
-1.3601E+00
-1.3660E+00
-1.3719E+00
-1.3791E+00
-1.3871E+00
-1.3938E+00
-1.3969E+00
-1.3975E+00
-1.3993E+00
-1.4035E+00
-1.4082E+00
-1.4124E+00
-1.4182E+00
-1.4254E+00
-1.4315E+00
-1.4355E+00
-1.4400E+00
-1.4474E+00
-1.4567E+00
-1.4652E+00
-1.4717E+00
-1.4761E+00
-1.4787E+00
-1.4809E+00
-1.4854E+00
-1.4935E+00
-1.5035E+00
-1.5117E+00
-1.5150E+00
-1.5142E+00
-1.5141E+00
-1.5186E+00
-1.5294E+00
-1.5464E+00
-1.5676E+00
-1.5905E+00
-1.6136E+00
-1.6379E+00
-1.6642E+00
-1.6904E+00
-1.7153E+00
-1.7403E+00
-1.7680E+00
-1.7990E+00
-1.8314E+00
-1.8624E+00
-1.8905E+00
-1.9179E+00
-1.9481E+00
-1.9825E+00
-2.0192E+00
-2.0554E+00
-2.0891E+00
-2.1210E+00
-2.1529E+00
-2.1838E+00
-2.2129E+00
-2.2424E+00
-2.2749E+00
-2.3116E+00
-2.3510E+00
-2.3895E+00
-2.4240E+00
-2.4530E+00
-2.4780E+00
-2.5004E+00
-2.5202E+00
-2.5375E+00
-2.5530E+00
-2.5670E+00
-2.5782E+00
-2.5851E+00
-2.5892E+00
-2.5930E+00
-2.5977E+00
-2.6039E+00
-2.6125E+00
-2.6243E+00
-2.6407E+00
-2.6608E+00
-2.6813E+00
-2.6976E+00
-2.7096E+00
-2.7220E+00
-2.7382E+00
-2.7583E+00
-2.7820E+00
-2.8095E+00
-2.8427E+00
-2.8819E+00
-2.9251E+00
-2.9695E+00
-3.0127E+00
-3.0533E+00
-3.0915E+00
-3.1261E+00
-3.1573E+00
-3.1881E+00
-3.2220E+00
-3.2585E+00
-3.2959E+00
-3.3340E+00
-3.3745E+00
-3.4183E+00
-3.4646E+00
-3.5122E+00
-3.5613E+00
-3.6127E+00
-3.6651E+00
-3.7152E+00
-3.7603E+00
-3.8008E+00
-3.8391E+00
-3.8794E+00
-3.9237E+00
-3.9692E+00
-4.0137E+00
-4.0580E+00
-4.1039E+00
-4.1504E+00
-4.1949E+00
-4.2367E+00
-4.2776E+00
-4.3205E+00
-4.3663E+00
-4.4131E+00
-4.4578E+00
-4.4994E+00
-4.5391E+00
-4.5780E+00
-4.6157E+00
-4.6514E+00
-4.6865E+00
-4.7246E+00
-4.7692E+00
-4.8220E+00
-4.8813E+00
-4.9402E+00
-4.9925E+00
-5.0376E+00
-5.0796E+00
-5.1222E+00
-5.1661E+00
-5.2076E+00
-5.2454E+00
-5.2794E+00
-5.3065E+00
-5.3234E+00
-5.3297E+00
-5.3256E+00
-5.3112E+00
-5.2887E+00
-5.2622E+00
-5.2348E+00
-5.2061E+00
-5.1710E+00
-5.1262E+00
-5.0721E+00
-5.0112E+00
-4.9446E+00
-4.8718E+00
-4.7925E+00
-4.7046E+00
-4.6055E+00
-4.4939E+00
-4.3713E+00
-4.2404E+00
-4.1025E+00
-3.9572E+00
-3.8048E+00
-3.6470E+00
-3.4826E+00
-3.3084E+00
-3.1206E+00
-2.9166E+00
-2.6960E+00
-2.4587E+00
-2.2052E+00
-1.9378E+00
-1.6587E+00
-1.3676E+00
-1.0621E+00
-7.4010E-01
-3.9981E-01
-3.9584E-02
3.3946E-01
7.3629E-01
1.1510E+00
1.5806E+00
2.0168E+00
2.4524E+00
2.8819E+00
3.3059E+00
3.7288E+00
4.1515E+00
4.5716E+00
4.9870E+00
5.3984E+00
5.8068E+00
6.2137E+00
6.6201E+00
7.0264E+00
7.4310E+00
7.8314E+00
8.2253E+00
8.6098E+00
8.9824E+00
9.3411E+00
9.6842E+00
1.0013E+01
1.0332E+01
1.0648E+01
1.0961E+01
1.1269E+01
1.1568E+01
1.1861E+01
1.2151E+01
1.2439E+01
1.2722E+01
1.3002E+01
1.3279E+01
1.3558E+01
1.3835E+01
1.4108E+01
1.4376E+01
1.4642E+01
1.4909E+01
1.5176E+01
1.5442E+01
1.5710E+01
1.5984E+01
1.6264E+01
1.6548E+01
1.6835E+01
1.7127E+01
1.7423E+01
1.7729E+01
1.8044E+01
1.8367E+01
1.8690E+01
1.9012E+01
1.9331E+01
1.9650E+01
1.9969E+01
2.0283E+01
2.0589E+01
2.0887E+01
2.1181E+01
2.1476E+01
2.1777E+01
2.2089E+01
2.2416E+01
2.2757E+01
2.3111E+01
2.3474E+01
2.3839E+01
2.4199E+01
2.4550E+01
2.4887E+01
2.5211E+01
2.5523E+01
2.5823E+01
2.6109E+01
2.6386E+01
2.6661E+01
2.6940E+01
2.7224E+01
2.7509E+01
2.7792E+01
2.8071E+01
2.8345E+01
2.8612E+01
2.8868E+01
2.9114E+01
2.9352E+01
2.9585E+01
2.9814E+01
3.0038E+01
3.0257E+01
3.0471E+01
3.0682E+01
3.0888E+01
3.1088E+01
3.1278E+01
3.1459E+01
3.1635E+01
3.1809E+01
3.1982E+01
3.2151E+01
3.2313E+01
3.2467E+01
3.2616E+01
3.2760E+01
3.2896E+01
3.3019E+01
3.3127E+01
3.3224E+01
3.3319E+01
3.3415E+01
3.3506E+01
3.3587E+01
3.3657E+01
3.3721E+01
3.3784E+01
3.3844E+01
3.3896E+01
3.3940E+01
3.3980E+01
3.4016E+01
3.4046E+01
3.4071E+01
3.4096E+01
3.4122E+01
3.4147E+01
3.4170E+01
3.4190E+01
3.4209E+01
3.4229E+01
3.4246E+01
3.4260E+01
3.4270E+01
3.4278E+01
3.4284E+01
3.4287E+01
3.4283E+01
3.4273E+01
3.4257E+01
3.4238E+01
3.4216E+01
3.4192E+01
3.4169E+01
3.4150E+01
3.4132E+01
3.4116E+01
3.4101E+01
3.4085E+01
3.4070E+01
3.4058E+01
3.4048E+01
3.4040E+01
3.4029E+01
3.4014E+01
3.3992E+01
3.3967E+01
3.3941E+01
3.3917E+01
3.3899E+01
3.3887E+01
3.3880E+01
3.3879E+01
3.3880E+01
3.3882E+01
3.3884E+01
3.3888E+01
3.3896E+01
3.3907E+01
3.3917E+01
3.3923E+01
3.3921E+01
3.3910E+01
3.3892E+01
3.3872E+01
3.3855E+01
3.3843E+01
3.3835E+01
3.3825E+01
3.3804E+01
3.3768E+01
3.3717E+01
3.3652E+01
3.3581E+01
3.3508E+01
3.3436E+01
3.3364E+01
3.3291E+01
3.3218E+01
3.3144E+01
3.3065E+01
3.2981E+01
3.2890E+01
3.2791E+01
3.2685E+01
3.2576E+01
3.2465E+01
3.2351E+01
3.2233E+01
3.2110E+01
3.1983E+01
3.1855E+01
3.1728E+01
3.1606E+01
3.1493E+01
3.1393E+01
3.1300E+01
3.1206E+01
3.1104E+01
3.0992E+01
3.0869E+01
3.0737E+01
3.0598E+01
3.0456E+01
3.0314E+01
3.0175E+01
3.0039E+01
2.9901E+01
2.9759E+01
2.9614E+01
2.9474E+01
2.9345E+01
2.9225E+01
2.9107E+01
2.8984E+01
2.8854E+01
2.8717E+01
2.8576E+01
2.8433E+01
2.8287E+01
2.8138E+01
2.7985E+01
2.7828E+01
2.7666E+01
2.7499E+01
2.7327E+01
2.7150E+01
2.6969E+01
2.6785E+01
2.6598E+01
2.6409E+01
2.6223E+01
2.6045E+01
2.5878E+01
2.5719E+01
2.5565E+01
2.5414E+01
2.5265E+01
2.5120E+01
2.4983E+01
2.4852E+01
2.4725E+01
2.4600E+01
2.4476E+01
2.4348E+01
2.4213E+01
2.4069E+01
2.3917E+01
2.3761E+01
2.3606E+01
2.3454E+01
2.3301E+01
2.3147E+01
2.2992E+01
2.2838E+01
2.2687E+01
2.2540E+01
2.2393E+01
2.2245E+01
2.2090E+01
2.1929E+01
2.1759E+01
2.1588E+01
2.1420E+01
2.1261E+01
2.1116E+01
2.0983E+01
2.0860E+01
2.0741E+01
2.0620E+01
2.0499E+01
2.0380E+01
2.0264E+01
2.0151E+01
2.0039E+01
1.9922E+01
1.9803E+01
1.9682E+01
1.9562E+01
1.9442E+01
1.9320E+01
1.9195E+01
1.9074E+01
1.8963E+01
1.8866E+01
1.8782E+01
1.8704E+01
1.8627E+01
1.8552E+01
1.8485E+01
1.8427E+01
1.8379E+01
1.8336E+01
1.8292E+01
1.8245E+01
1.8196E+01
1.8149E+01
1.8104E+01
1.8065E+01
1.8034E+01
1.8012E+01
1.8000E+01
1.7991E+01
1.7982E+01
1.7969E+01
1.7954E+01
1.7939E+01
1.7923E+01
1.7906E+01
1.7884E+01
1.7860E+01
1.7835E+01
1.7812E+01
1.7790E+01
1.7765E+01
1.7733E+01
1.7697E+01
1.7659E+01
1.7622E+01
1.7586E+01
1.7549E+01
1.7510E+01
1.7467E+01
1.7423E+01
1.7381E+01
1.7346E+01
1.7323E+01
1.7311E+01
1.7309E+01
1.7314E+01
1.7329E+01
1.7353E+01
1.7383E+01
1.7419E+01
1.7458E+01
1.7499E+01
1.7540E+01
1.7584E+01
1.7629E+01
1.7673E+01
1.7712E+01
1.7742E+01
1.7763E+01
1.7781E+01
1.7800E+01
1.7823E+01
1.7848E+01
1.7877E+01
1.7911E+01
1.7949E+01
1.7991E+01
1.8036E+01
1.8086E+01
1.8135E+01
1.8182E+01
1.8228E+01
1.8275E+01
1.8325E+01
1.8377E+01
1.8428E+01
1.8476E+01
1.8517E+01
1.8555E+01
1.8593E+01
1.8636E+01
1.8685E+01
1.8737E+01
1.8788E+01
1.8838E+01
1.8888E+01
1.8938E+01
1.8987E+01
1.9035E+01
1.9083E+01
1.9135E+01
1.9190E+01
1.9249E+01
1.9311E+01
1.9377E+01
1.9447E+01
1.9517E+01
1.9584E+01
1.9649E+01
1.9718E+01
1.9794E+01
1.9872E+01
1.9948E+01
2.0014E+01
2.0071E+01
2.0120E+01
2.0162E+01
2.0203E+01
2.0246E+01
2.0296E+01
2.0356E+01
2.0428E+01
2.0506E+01
2.0585E+01
2.0663E+01
2.0740E+01
2.0815E+01
2.0884E+01
2.0943E+01
2.0992E+01
2.1032E+01
2.1067E+01
2.1096E+01
2.1119E+01
2.1135E+01
2.1142E+01
2.1146E+01
2.1153E+01
2.1165E+01
2.1177E+01
2.1186E+01
2.1192E+01
2.1199E+01
2.1210E+01
2.1226E+01
2.1247E+01
2.1269E+01
2.1290E+01
2.1312E+01
2.1336E+01
2.1366E+01
2.1403E+01
2.1445E+01
2.1487E+01
2.1522E+01
2.1548E+01
2.1568E+01
2.1585E+01
2.1600E+01
2.1613E+01
2.1623E+01
2.1632E+01
2.1641E+01
2.1653E+01
2.1671E+01
2.1694E+01
2.1718E+01
2.1738E+01
2.1750E+01
2.1757E+01
2.1761E+01
2.1766E+01
2.1775E+01
2.1788E+01
2.1803E+01
2.1816E+01
2.1826E+01
2.1836E+01
2.1847E+01
2.1858E+01
2.1869E+01
2.1875E+01
2.1878E+01
2.1880E+01
2.1882E+01
2.1884E+01
2.1885E+01
2.1883E+01
2.1881E+01
2.1880E+01
2.1880E+01
2.1884E+01
2.1889E+01
2.1892E+01
2.1889E+01
2.1883E+01
2.1881E+01
2.1889E+01
2.1902E+01
2.1917E+01
2.1930E+01
2.1941E+01
2.1952E+01
2.1961E+01
2.1968E+01
2.1970E+01
2.1970E+01
2.1967E+01
2.1961E+01
2.1948E+01
2.1928E+01
2.1907E+01
2.1888E+01
2.1874E+01
2.1859E+01
2.1840E+01
2.1816E+01
2.1789E+01
2.1761E+01
2.1735E+01
2.1713E+01
2.1694E+01
2.1675E+01
2.1655E+01
2.1636E+01
2.1620E+01
2.1609E+01
2.1601E+01
2.1593E+01
2.1582E+01
2.1570E+01
2.1559E+01
2.1550E+01
2.1542E+01
2.1533E+01
2.1521E+01
2.1505E+01
2.1488E+01
2.1471E+01
2.1456E+01
2.1443E+01
2.1435E+01
2.1433E+01
2.1433E+01
2.1432E+01
2.1429E+01
2.1428E+01
2.1432E+01
2.1437E+01
2.1440E+01
2.1436E+01
2.1426E+01
2.1413E+01
2.1403E+01
2.1398E+01
2.1396E+01
2.1393E+01
2.1391E+01
2.1393E+01
2.1403E+01
2.1419E+01
2.1439E+01
2.1463E+01
2.1487E+01
2.1510E+01
2.1527E+01
2.1538E+01
2.1542E+01
2.1542E+01
2.1538E+01
2.1530E+01
2.1522E+01
2.1518E+01
2.1524E+01
2.1538E+01
2.1552E+01
2.1559E+01
2.1554E+01
2.1538E+01
2.1517E+01
2.1494E+01
2.1474E+01
2.1455E+01
2.1436E+01
2.1416E+01
2.1394E+01
2.1372E+01
2.1350E+01
2.1329E+01
2.1308E+01
2.1286E+01
2.1260E+01
2.1230E+01
2.1199E+01
2.1166E+01
2.1134E+01
2.1103E+01
2.1072E+01
2.1040E+01
2.1006E+01
2.0971E+01
2.0936E+01
2.0899E+01
2.0856E+01
2.0805E+01
2.0744E+01
2.0679E+01
2.0612E+01
2.0546E+01
2.0479E+01
2.0409E+01
2.0337E+01
2.0269E+01
2.0208E+01
2.0154E+01
2.0106E+01
2.0062E+01
2.0024E+01
1.9992E+01
1.9966E+01
1.9941E+01
1.9916E+01
1.9888E+01
1.9857E+01
1.9821E+01
1.9782E+01
1.9743E+01
1.9710E+01
1.9683E+01
1.9659E+01
1.9631E+01
1.9596E+01
1.9553E+01
1.9507E+01
1.9464E+01
1.9428E+01
1.9398E+01
1.9372E+01
1.9347E+01
1.9323E+01
1.9302E+01
1.9283E+01
1.9261E+01
1.9231E+01
1.9191E+01
1.9145E+01
1.9097E+01
1.9048E+01
1.8999E+01
1.8948E+01
1.8894E+01
1.8839E+01
1.8788E+01
1.8745E+01
1.8710E+01
1.8675E+01
1.8636E+01
1.8588E+01
1.8530E+01
1.8465E+01
1.8397E+01
1.8329E+01
1.8262E+01
1.8199E+01
1.8139E+01
1.8081E+01
1.8024E+01
1.7965E+01
1.7905E+01
1.7842E+01
1.7780E+01
1.7724E+01
1.7674E+01
1.7628E+01
1.7581E+01
1.7533E+01
1.7484E+01
1.7434E+01
1.7385E+01
1.7333E+01
1.7280E+01
1.7224E+01
1.7165E+01
1.7100E+01
1.7031E+01
1.6960E+01
1.6892E+01
1.6828E+01
1.6764E+01
1.6697E+01
1.6626E+01
1.6558E+01
1.6496E+01
1.6441E+01
1.6386E+01
1.6325E+01
1.6255E+01
1.6180E+01
1.6106E+01
1.6037E+01
1.5975E+01
1.5918E+01
1.5864E+01
1.5815E+01
1.5771E+01
1.5734E+01
1.5700E+01
1.5670E+01
1.5643E+01
1.5622E+01
1.5608E+01
1.5600E+01
1.5596E+01
1.5593E+01
1.5588E+01
1.5583E+01
1.5580E+01
1.5580E+01
1.5577E+01
1.5570E+01
1.5558E+01
1.5542E+01
1.5527E+01
1.5514E+01
1.5502E+01
1.5490E+01
1.5477E+01
1.5461E+01
1.5444E+01
1.5429E+01
1.5418E+01
1.5409E+01
1.5398E+01
1.5384E+01
1.5368E+01
1.5352E+01
1.5339E+01
1.5331E+01
1.5325E+01
1.5320E+01
1.5316E+01
1.5315E+01
1.5319E+01
1.5324E+01
1.5332E+01
1.5340E+01
1.5351E+01
1.5364E+01
1.5379E+01
1.5394E+01
1.5410E+01
1.5427E+01
1.5444E+01
1.5459E+01
1.5473E+01
1.5486E+01
1.5501E+01
1.5517E+01
1.5532E+01
1.5545E+01
1.5558E+01
1.5572E+01
1.5588E+01
1.5606E+01
1.5623E+01
1.5639E+01
1.5654E+01
1.5673E+01
1.5698E+01
1.5727E+01
1.5756E+01
1.5784E+01
1.5808E+01
1.5827E+01
1.5841E+01
1.5848E+01
1.5850E+01
1.5848E+01
1.5842E+01
1.5832E+01
1.5817E+01
1.5803E+01
1.5793E+01
1.5789E+01
1.5790E+01
1.5792E+01
1.5792E+01
1.5791E+01
1.5788E+01
1.5786E+01
1.5783E+01
1.5780E+01
1.5776E+01
1.5771E+01
1.5767E+01
1.5767E+01
1.5774E+01
1.5786E+01
1.5803E+01
1.5822E+01
1.5842E+01
1.5861E+01
1.5880E+01
1.5897E+01
1.5912E+01
1.5929E+01
1.5948E+01
1.5970E+01
1.5994E+01
1.6020E+01
1.6047E+01
1.6074E+01
1.6096E+01
1.6112E+01
1.6122E+01
1.6129E+01
1.6136E+01
1.6146E+01
1.6156E+01
1.6166E+01
1.6178E+01
1.6194E+01
1.6216E+01
1.6241E+01
1.6265E+01
1.6285E+01
1.6300E+01
1.6312E+01
1.6324E+01
1.6336E+01
1.6348E+01
1.6357E+01
1.6363E+01
1.6369E+01
1.6378E+01
1.6391E+01
1.6405E+01
1.6419E+01
1.6433E+01
1.6449E+01
1.6467E+01
1.6485E+01
1.6502E+01
1.6516E+01
1.6530E+01
1.6547E+01
1.6568E+01
1.6589E+01
1.6607E+01
1.6619E+01
1.6627E+01
1.6630E+01
1.6632E+01
1.6633E+01
1.6633E+01
1.6633E+01
1.6636E+01
1.6642E+01
1.6651E+01
1.6659E+01
1.6666E+01
1.6670E+01
1.6674E+01
1.6677E+01
1.6678E+01
1.6674E+01
1.6666E+01
1.6655E+01
1.6643E+01
1.6632E+01
1.6622E+01
1.6610E+01
1.6599E+01
1.6590E+01
1.6584E+01
1.6582E+01
1.6583E+01
1.6584E+01
1.6586E+01
1.6588E+01
1.6590E+01
1.6592E+01
1.6592E+01
1.6589E+01
1.6584E+01
1.6576E+01
1.6565E+01
1.6553E+01
1.6541E+01
1.6528E+01
1.6514E+01
1.6496E+01
1.6477E+01
1.6458E+01
1.6442E+01
1.6428E+01
1.6415E+01
1.6402E+01
1.6388E+01
1.6375E+01
1.6363E+01
1.6352E+01
1.6343E+01
1.6335E+01
1.6330E+01
1.6330E+01
1.6333E+01
1.6337E+01
1.6337E+01
1.6333E+01
1.6326E+01
1.6318E+01
1.6310E+01
1.6305E+01
1.6300E+01
1.6295E+01
1.6289E+01
1.6282E+01
1.6276E+01
1.6269E+01
1.6262E+01
1.6254E+01
1.6245E+01
1.6236E+01
1.6227E+01
1.6216E+01
1.6203E+01
1.6187E+01
1.6170E+01
1.6154E+01
1.6141E+01
1.6130E+01
1.6118E+01
1.6104E+01
1.6089E+01
1.6075E+01
1.6064E+01
1.6053E+01
1.6041E+01
1.6026E+01
1.6008E+01
1.5989E+01
1.5971E+01
1.5956E+01
1.5945E+01
1.5938E+01
1.5933E+01
1.5929E+01
1.5923E+01
1.5915E+01
1.5905E+01
1.5891E+01
1.5874E+01
1.5855E+01
1.5836E+01
1.5821E+01
1.5809E+01
1.5798E+01
1.5788E+01
1.5776E+01
1.5765E+01
1.5755E+01
1.5743E+01
1.5730E+01
1.5714E+01
1.5699E+01
1.5685E+01
1.5673E+01
1.5663E+01
1.5652E+01
1.5641E+01
1.5630E+01
1.5620E+01
1.5609E+01
1.5597E+01
1.5583E+01
1.5570E+01
1.5558E+01
1.5547E+01
1.5539E+01
1.5531E+01
1.5526E+01
1.5521E+01
1.5516E+01
1.5508E+01
1.5498E+01
1.5487E+01
1.5475E+01
1.5460E+01
1.5442E+01
1.5421E+01
1.5397E+01
1.5372E+01
1.5347E+01
1.5321E+01
1.5293E+01
1.5264E+01
1.5232E+01
1.5199E+01
1.5166E+01
1.5135E+01
1.5105E+01
1.5077E+01
1.5048E+01
1.5016E+01
1.4982E+01
1.4948E+01
1.4918E+01
1.4893E+01
1.4873E+01
1.4858E+01
1.4846E+01
1.4833E+01
1.4820E+01
1.4808E+01
1.4795E+01
1.4781E+01
1.4767E+01
1.4753E+01
1.4740E+01
1.4729E+01
1.4720E+01
1.4711E+01
1.4701E+01
1.4690E+01
1.4678E+01
1.4667E+01
1.4657E+01
1.4645E+01
1.4630E+01
1.4613E+01
1.4595E+01
1.4577E+01
1.4562E+01
1.4545E+01
1.4524E+01
1.4500E+01
1.4477E+01
1.4459E+01
1.4447E+01
1.4441E+01
1.4437E+01
1.4433E+01
1.4429E+01
1.4426E+01
1.4423E+01
1.4420E+01
1.4415E+01
1.4406E+01
1.4396E+01
1.4388E+01
1.4384E+01
1.4386E+01
1.4389E+01
1.4393E+01
1.4395E+01
1.4397E+01
1.4398E+01
1.4399E+01
1.4402E+01
1.4405E+01
1.4410E+01
1.4417E+01
1.4426E+01
1.4434E+01
1.4440E+01
1.4445E+01
1.4449E+01
1.4453E+01
1.4457E+01
1.4462E+01
1.4467E+01
1.4473E+01
1.4479E+01
1.4485E+01
1.4491E+01
1.4494E+01
1.4493E+01
1.4489E+01
1.4484E+01
1.4478E+01
1.4474E+01
1.4470E+01
1.4466E+01
1.4462E+01
1.4458E+01
1.4453E+01
1.4449E+01
1.4445E+01
1.4444E+01
1.4447E+01
1.4457E+01
1.4473E+01
1.4493E+01
1.4515E+01
1.4537E+01
1.4560E+01
1.4581E+01
1.4600E+01
1.4615E+01
1.4626E+01
1.4636E+01
1.4646E+01
1.4655E+01
1.4662E+01
1.4667E+01
1.4673E+01
1.4681E+01
1.4693E+01
1.4709E+01
1.4725E+01
1.4739E+01
1.4750E+01
1.4757E+01
1.4766E+01
1.4776E+01
1.4786E+01
1.4794E+01
1.4802E+01
1.4809E+01
1.4816E+01
1.4823E+01
1.4829E+01
1.4832E+01
1.4832E+01
1.4833E+01
1.4833E+01
1.4832E+01
1.4829E+01
1.4827E+01
1.4826E+01
1.4829E+01
1.4834E+01
1.4843E+01
1.4854E+01
1.4864E+01
1.4875E+01
1.4883E+01
1.4891E+01
1.4900E+01
1.4909E+01
1.4920E+01
1.4931E+01
1.4942E+01
1.4954E+01
1.4969E+01
1.4989E+01
1.5012E+01
1.5037E+01
1.5062E+01
1.5087E+01
1.5113E+01
1.5138E+01
1.5160E+01
1.5177E+01
1.5189E+01
1.5197E+01
1.5204E+01
1.5211E+01
1.5219E+01
1.5228E+01
1.5238E+01
1.5248E+01
1.5260E+01
1.5273E+01
1.5288E+01
1.5303E+01
1.5321E+01
1.5341E+01
1.5363E+01
1.5384E+01
1.5404E+01
1.5423E+01
1.5439E+01
1.5454E+01
1.5467E+01
1.5480E+01
1.5492E+01
1.5502E+01
1.5508E+01
1.5509E+01
1.5508E+01
1.5505E+01
1.5501E+01
1.5498E+01
1.5495E+01
1.5495E+01
1.5499E+01
1.5504E+01
1.5510E+01
1.5515E+01
1.5518E+01
1.5518E+01
1.5514E+01
1.5510E+01
1.5503E+01
1.5493E+01
1.5482E+01
1.5470E+01
1.5459E+01
1.5450E+01
1.5442E+01
1.5434E+01
1.5427E+01
1.5421E+01
1.5416E+01
1.5411E+01
1.5406E+01
1.5402E+01
1.5399E+01
1.5396E+01
1.5394E+01
1.5393E+01
1.5392E+01
1.5392E+01
1.5395E+01
1.5399E+01
1.5402E+01
1.5401E+01
1.5398E+01
1.5392E+01
1.5387E+01
1.5385E+01
1.5385E+01
1.5386E+01
1.5390E+01
1.5395E+01
1.5402E+01
1.5410E+01
1.5417E+01
1.5424E+01
1.5430E+01
1.5435E+01
1.5442E+01
1.5450E+01
1.5460E+01
1.5473E+01
1.5486E+01
1.5500E+01
1.5514E+01
1.5528E+01
1.5540E+01
1.5553E+01
1.5567E+01
1.5582E+01
1.5599E+01
1.5618E+01
1.5639E+01
1.5663E+01
1.5687E+01
1.5711E+01
1.5733E+01
1.5754E+01
1.5776E+01
1.5798E+01
1.5819E+01
1.5839E+01
1.5855E+01
1.5871E+01
1.5888E+01
1.5906E+01
1.5925E+01
1.5945E+01
1.5966E+01
1.5988E+01
1.6011E+01
1.6035E+01
1.6061E+01
1.6088E+01
1.6117E+01
1.6146E+01
1.6174E+01
1.6199E+01
1.6223E+01
1.6246E+01
1.6271E+01
1.6297E+01
1.6325E+01
1.6355E+01
1.6385E+01
1.6417E+01
1.6448E+01
1.6478E+01
1.6506E+01
1.6533E+01
1.6560E+01
1.6587E+01
1.6616E+01
1.6647E+01
1.6680E+01
1.6713E+01
1.6744E+01
1.6774E+01
1.6803E+01
1.6833E+01
1.6865E+01
1.6898E+01
1.6931E+01
1.6963E+01
1.6994E+01
1.7026E+01
1.7059E+01
1.7094E+01
1.7128E+01
1.7163E+01
1.7199E+01
1.7236E+01
1.7274E+01
1.7311E+01
1.7346E+01
1.7380E+01
1.7415E+01
1.7453E+01
1.7493E+01
1.7534E+01
1.7575E+01
1.7616E+01
1.7656E+01
1.7696E+01
1.7737E+01
1.7779E+01
1.7822E+01
1.7866E+01
1.7910E+01
1.7954E+01
1.7997E+01
1.8039E+01
1.8080E+01
1.8120E+01
1.8158E+01
1.8194E+01
1.8229E+01
1.8262E+01
1.8295E+01
1.8328E+01
1.8362E+01
1.8395E+01
1.8426E+01
1.8455E+01
1.8484E+01
1.8513E+01
1.8543E+01
1.8574E+01
1.8606E+01
1.8640E+01
1.8674E+01
1.8709E+01
1.8746E+01
1.8787E+01
1.8830E+01
1.8872E+01
1.8913E+01
1.8951E+01
1.8990E+01
1.9032E+01
1.9074E+01
1.9117E+01
1.9159E+01
1.9200E+01
1.9242E+01
1.9286E+01
1.9331E+01
1.9377E+01
1.9420E+01
1.9462E+01
1.9502E+01
1.9541E+01
1.9580E+01
1.9619E+01
1.9659E+01
1.9701E+01
1.9745E+01
1.9792E+01
1.9840E+01
1.9890E+01
1.9940E+01
1.9992E+01
2.0047E+01
2.0102E+01
2.0156E+01
2.0208E+01
2.0257E+01
2.0302E+01
2.0346E+01
2.0388E+01
2.0428E+01
2.0468E+01
2.0506E+01
2.0544E+01
2.0582E+01
2.0623E+01
2.0665E+01
2.0709E+01
2.0753E+01
2.0799E+01
2.0845E+01
2.0893E+01
2.0940E+01
2.0985E+01
2.1030E+01
2.1074E+01
2.1121E+01
2.1168E+01
2.1216E+01
2.1262E+01
2.1307E+01
2.1354E+01
2.1404E+01
2.1454E+01
2.1503E+01
2.1550E+01
2.1596E+01
2.1641E+01
2.1684E+01
2.1728E+01
2.1771E+01
2.1813E+01
2.1856E+01
2.1898E+01
2.1940E+01
2.1981E+01
2.2021E+01
2.2058E+01
2.2093E+01
2.2126E+01
2.2158E+01
2.2187E+01
2.2216E+01
2.2246E+01
2.2278E+01
2.2311E+01
2.2343E+01
2.2371E+01
2.2396E+01
2.2421E+01
2.2448E+01
2.2475E+01
2.2503E+01
2.2531E+01
2.2558E+01
2.2584E+01
2.2610E+01
2.2636E+01
2.2664E+01
2.2692E+01
2.2720E+01
2.2746E+01
2.2772E+01
2.2797E+01
2.2822E+01
2.2845E+01
2.2865E+01
2.2885E+01
2.2904E+01
2.2924E+01
2.2945E+01
2.2966E+01
2.2988E+01
2.3010E+01
2.3031E+01
2.3048E+01
2.3063E+01
2.3075E+01
2.3085E+01
2.3093E+01
2.3099E+01
2.3105E+01
2.3110E+01
2.3112E+01
2.3112E+01
2.3111E+01
2.3110E+01
2.3108E+01
2.3105E+01
2.3102E+01
2.3100E+01
2.3096E+01
2.3090E+01
2.3082E+01
2.3072E+01
2.3062E+01
2.3051E+01
2.3039E+01
2.3027E+01
2.3016E+01
2.3004E+01
2.2990E+01
2.2974E+01
2.2953E+01
2.2930E+01
2.2906E+01
2.2880E+01
2.2853E+01
2.2823E+01
2.2791E+01
2.2760E+01
2.2731E+01
2.2704E+01
2.2677E+01
2.2649E+01
2.2622E+01
2.2595E+01
2.2570E+01
2.2546E+01
2.2519E+01
2.2489E+01
2.2456E+01
2.2423E+01
2.2389E+01
2.2356E+01
2.2321E+01
2.2284E+01
2.2246E+01
2.2206E+01
2.2166E+01
2.2124E+01
2.2083E+01
2.2042E+01
2.2000E+01
2.1960E+01
2.1920E+01
2.1883E+01
2.1846E+01
2.1810E+01
2.1774E+01
2.1737E+01
2.1700E+01
2.1664E+01
2.1626E+01
2.1586E+01
2.1543E+01
2.1499E+01
2.1453E+01
2.1408E+01
2.1364E+01
2.1321E+01
2.1278E+01
2.1236E+01
2.1194E+01
2.1152E+01
2.1108E+01
2.1063E+01
2.1015E+01
2.0965E+01
2.0913E+01
2.0859E+01
2.0805E+01
2.0749E+01
2.0691E+01
2.0634E+01
2.0578E+01
2.0523E+01
2.0470E+01
2.0418E+01
2.0365E+01
2.0313E+01
2.0262E+01
2.0210E+01
2.0157E+01
2.0104E+01
2.0050E+01
1.9995E+01
1.9938E+01
1.9880E+01
1.9820E+01
1.9759E+01
1.9697E+01
1.9636E+01
1.9576E+01
1.9516E+01
1.9457E+01
1.9398E+01
1.9339E+01
1.9282E+01
1.9225E+01
1.9167E+01
1.9108E+01
1.9046E+01
1.8982E+01
1.8917E+01
1.8850E+01
1.8783E+01
1.8716E+01
1.8648E+01
1.8580E+01
1.8514E+01
1.8449E+01
1.8386E+01
1.8324E+01
1.8265E+01
1.8205E+01
1.8145E+01
1.8085E+01
1.8023E+01
1.7957E+01
1.7888E+01
1.7815E+01
1.7740E+01
1.7664E+01
1.7586E+01
1.7509E+01
1.7432E+01
1.7356E+01
1.7284E+01
1.7216E+01
1.7152E+01
1.7090E+01
1.7028E+01
1.6968E+01
1.6906E+01
1.6843E+01
1.6779E+01
1.6713E+01
1.6648E+01
1.6585E+01
1.6524E+01
1.6466E+01
1.6410E+01
1.6355E+01
1.6305E+01
1.6257E+01
1.6210E+01
1.6163E+01
1.6115E+01
1.6068E+01
1.6020E+01
1.5970E+01
1.5919E+01
1.5868E+01
1.5819E+01
1.5770E+01
1.5721E+01
1.5675E+01
1.5631E+01
1.5589E+01
1.5550E+01
1.5512E+01
1.5476E+01
1.5442E+01
1.5409E+01
1.5378E+01
1.5347E+01
1.5315E+01
1.5281E+01
1.5245E+01
1.5209E+01
1.5173E+01
1.5140E+01
1.5109E+01
1.5082E+01
1.5056E+01
1.5034E+01
1.5013E+01
1.4993E+01
1.4972E+01
1.4950E+01
1.4925E+01
1.4901E+01
1.4875E+01
1.4849E+01
1.4822E+01
1.4795E+01
1.4768E+01
1.4741E+01
1.4714E+01
1.4686E+01
1.4657E+01
1.4626E+01
1.4592E+01
1.4559E+01
1.4529E+01
1.4501E+01
1.4475E+01
1.4448E+01
1.4420E+01
1.4389E+01
1.4358E+01
1.4327E+01
1.4298E+01
1.4270E+01
1.4242E+01
1.4216E+01
1.4195E+01
1.4180E+01
1.4172E+01
1.4168E+01
1.4163E+01
1.4157E+01
1.4150E+01
1.4144E+01
1.4137E+01
1.4130E+01
1.4120E+01
1.4109E+01
1.4098E+01
1.4088E+01
1.4082E+01
1.4080E+01
1.4080E+01
1.4083E+01
1.4088E+01
1.4093E+01
1.4099E+01
1.4108E+01
1.4119E+01
1.4133E+01
1.4150E+01
1.4170E+01
1.4191E+01
1.4216E+01
1.4244E+01
1.4277E+01
1.4316E+01
1.4360E+01
1.4406E+01
1.4451E+01
1.4496E+01
1.4543E+01
1.4595E+01
1.4649E+01
1.4702E+01
1.4755E+01
1.4806E+01
1.4857E+01
1.4910E+01
1.4968E+01
1.5030E+01
1.5096E+01
1.5164E+01
1.5236E+01
1.5313E+01
1.5394E+01
1.5478E+01
1.5564E+01
1.5655E+01
1.5751E+01
1.5853E+01
1.5957E+01
1.6061E+01
1.6164E+01
1.6262E+01
1.6356E+01
1.6446E+01
1.6530E+01
1.6610E+01
1.6685E+01
1.6757E+01
1.6827E+01
1.6897E+01
1.6968E+01
1.7042E+01
1.7121E+01
1.7204E+01
1.7289E+01
1.7374E+01
1.7456E+01
1.7535E+01
1.7611E+01
1.7682E+01
1.7747E+01
1.7806E+01
1.7862E+01
1.7916E+01
1.7971E+01
1.8028E+01
1.8086E+01
1.8147E+01
1.8211E+01
1.8279E+01
1.8348E+01
1.8417E+01
1.8484E+01
1.8548E+01
1.8612E+01
1.8677E+01
1.8743E+01
1.8809E+01
1.8875E+01
1.8942E+01
1.9007E+01
1.9070E+01
1.9131E+01
1.9188E+01
1.9242E+01
1.9291E+01
1.9337E+01
1.9379E+01
1.9418E+01
1.9455E+01
1.9488E+01
1.9520E+01
1.9554E+01
1.9591E+01
1.9629E+01
1.9666E+01
1.9701E+01
1.9737E+01
1.9773E+01
1.9810E+01
1.9849E+01
1.9888E+01
1.9929E+01
1.9973E+01
2.0019E+01
2.0071E+01
2.0128E+01
2.0190E+01
2.0257E+01
2.0326E+01
2.0397E+01
2.0473E+01
2.0553E+01
2.0636E+01
2.0721E+01
2.0806E+01
2.0889E+01
2.0973E+01
2.1060E+01
2.1151E+01
2.1247E+01
2.1348E+01
2.1455E+01
2.1565E+01
2.1678E+01
2.1791E+01
2.1908E+01
2.2028E+01
2.2151E+01
2.2275E+01
2.2397E+01
2.2513E+01
2.2621E+01
2.2721E+01
2.2816E+01
2.2908E+01
2.3001E+01
2.3096E+01
2.3191E+01
2.3282E+01
2.3368E+01
2.3450E+01
2.3532E+01
2.3616E+01
2.3701E+01
2.3786E+01
2.3870E+01
2.3953E+01
2.4034E+01
2.4114E+01
2.4191E+01
2.4263E+01
2.4332E+01
2.4398E+01
2.4461E+01
2.4524E+01
2.4587E+01
2.4653E+01
2.4722E+01
2.4794E+01
2.4869E+01
2.4943E+01
2.5013E+01
2.5081E+01
2.5148E+01
2.5215E+01
2.5281E+01
2.5348E+01
2.5414E+01
2.5481E+01
2.5550E+01
2.5620E+01
2.5691E+01
2.5763E+01
2.5837E+01
2.5914E+01
2.5995E+01
2.6076E+01
2.6157E+01
2.6239E+01
2.6323E+01
2.6409E+01
2.6496E+01
2.6579E+01
2.6657E+01
2.6733E+01
2.6809E+01
2.6890E+01
2.6976E+01
2.7065E+01
2.7156E+01
2.7247E+01
2.7338E+01
2.7426E+01
2.7511E+01
2.7594E+01
2.7677E+01
2.7761E+01
2.7845E+01
2.7931E+01
2.8019E+01
2.8108E+01
2.8200E+01
2.8296E+01
2.8396E+01
2.8499E+01
2.8604E+01
2.8711E+01
2.8819E+01
2.8927E+01
2.9034E+01
2.9138E+01
2.9237E+01
2.9330E+01
2.9416E+01
2.9494E+01
2.9566E+01
2.9633E+01
2.9698E+01
2.9763E+01
2.9828E+01
2.9894E+01
2.9966E+01
3.0043E+01
3.0126E+01
3.0216E+01
3.0310E+01
3.0408E+01
3.0506E+01
3.0601E+01
3.0688E+01
3.0768E+01
3.0838E+01
3.0899E+01
3.0954E+01
3.1004E+01
3.1054E+01
3.1105E+01
3.1155E+01
3.1205E+01
3.1256E+01
3.1313E+01
3.1378E+01
3.1453E+01
3.1538E+01
3.1629E+01
3.1723E+01
3.1820E+01
3.1917E+01
3.2013E+01
3.2103E+01
3.2185E+01
3.2258E+01
3.2321E+01
3.2378E+01
3.2430E+01
3.2480E+01
3.2529E+01
3.2576E+01
3.2625E+01
3.2678E+01
3.2736E+01
3.2795E+01
3.2852E+01
3.2905E+01
3.2956E+01
3.3009E+01
3.3068E+01
3.3134E+01
3.3206E+01
3.3282E+01
3.3357E+01
3.3428E+01
3.3493E+01
3.3552E+01
3.3606E+01
3.3656E+01
3.3703E+01
3.3749E+01
3.3795E+01
3.3846E+01
3.3902E+01
3.3963E+01
3.4028E+01
3.4094E+01
3.4163E+01
3.4235E+01
3.4310E+01
3.4386E+01
3.4463E+01
3.4542E+01
3.4625E+01
3.4713E+01
3.4807E+01
3.4902E+01
3.4997E+01
3.5092E+01
3.5186E+01
3.5279E+01
3.5369E+01
3.5458E+01
3.5548E+01
3.5640E+01
3.5733E+01
3.5827E+01
3.5924E+01
3.6021E+01
3.6118E+01
3.6214E+01
3.6310E+01
3.6405E+01
3.6500E+01
3.6593E+01
3.6686E+01
3.6779E+01
3.6870E+01
3.6959E+01
3.7046E+01
3.7130E+01
3.7212E+01
3.7295E+01
3.7377E+01
3.7460E+01
3.7543E+01
3.7627E+01
3.7709E+01
3.7790E+01
3.7868E+01
3.7946E+01
3.8023E+01
3.8099E+01
3.8174E+01
3.8252E+01
3.8334E+01
3.8421E+01
3.8511E+01
3.8601E+01
3.8693E+01
3.8786E+01
3.8884E+01
3.8987E+01
3.9096E+01
3.9205E+01
3.9313E+01
3.9420E+01
3.9526E+01
3.9632E+01
3.9734E+01
3.9831E+01
3.9924E+01
4.0014E+01
4.0104E+01
4.0195E+01
4.0287E+01
4.0382E+01
4.0481E+01
4.0587E+01
4.0697E+01
4.0810E+01
4.0923E+01
4.1032E+01
4.1137E+01
4.1239E+01
4.1342E+01
4.1446E+01
4.1553E+01
4.1662E+01
4.1774E+01
4.1887E+01
4.2002E+01
4.2120E+01
4.2241E+01
4.2362E+01
4.2482E+01
4.2600E+01
4.2718E+01
4.2835E+01
4.2951E+01
4.3067E+01
4.3184E+01
4.3303E+01
4.3424E+01
4.3545E+01
4.3666E+01
4.3785E+01
4.3905E+01
4.4025E+01
4.4144E+01
4.4263E+01
4.4383E+01
4.4503E+01
4.4623E+01
4.4743E+01
4.4862E+01
4.4979E+01
4.5093E+01
4.5205E+01
4.5316E+01
4.5427E+01
4.5536E+01
4.5645E+01
4.5752E+01
4.5859E+01
4.5964E+01
4.6068E+01
4.6168E+01
4.6263E+01
4.6353E+01
4.6438E+01
4.6516E+01
4.6588E+01
4.6654E+01
4.6715E+01
4.6773E+01
4.6828E+01
4.6879E+01
4.6927E+01
4.6975E+01
4.7023E+01
4.7073E+01
4.7127E+01
4.7183E+01
4.7239E+01
4.7291E+01
4.7341E+01
4.7391E+01
4.7445E+01
4.7502E+01
4.7561E+01
4.7618E+01
4.7673E+01
4.7729E+01
4.7787E+01
4.7846E+01
4.7906E+01
4.7967E+01
4.8029E+01
4.8092E+01
4.8159E+01
4.8229E+01
4.8304E+01
4.8382E+01
4.8460E+01
4.8539E+01
4.8618E+01
4.8698E+01
4.8780E+01
4.8860E+01
4.8936E+01
4.9005E+01
4.9067E+01
4.9124E+01
4.9178E+01
4.9228E+01
4.9275E+01
4.9316E+01
4.9353E+01
4.9386E+01
4.9417E+01
4.9448E+01
4.9480E+01
4.9512E+01
4.9544E+01
4.9576E+01
4.9610E+01
4.9645E+01
4.9678E+01
4.9707E+01
4.9731E+01
4.9752E+01
4.9771E+01
4.9787E+01
4.9797E+01
4.9803E+01
4.9807E+01
4.9809E+01
4.9809E+01
4.9806E+01
4.9803E+01
4.9800E+01
4.9799E+01
4.9801E+01
4.9804E+01
4.9811E+01
4.9820E+01
4.9829E+01
4.9836E+01
4.9840E+01
4.9841E+01
4.9841E+01
4.9841E+01
4.9843E+01
4.9844E+01
4.9842E+01
4.9838E+01
4.9834E+01
4.9832E+01
4.9832E+01
4.9836E+01
4.9846E+01
4.9864E+01
4.9891E+01
4.9924E+01
4.9961E+01
5.0001E+01
5.0043E+01
5.0088E+01
5.0138E+01
5.0193E+01
5.0251E+01
5.0314E+01
5.0378E+01
5.0445E+01
5.0512E+01
5.0579E+01
5.0644E+01
5.0708E+01
5.0775E+01
5.0845E+01
5.0920E+01
5.1000E+01
5.1085E+01
5.1172E+01
5.1261E+01
5.1352E+01
5.1444E+01
5.1538E+01
5.1635E+01
5.1733E+01
5.1834E+01
5.1935E+01
5.2035E+01
5.2134E+01
5.2232E+01
5.2331E+01
5.2432E+01
5.2534E+01
5.2637E+01
5.2738E+01
5.2834E+01
5.2928E+01
5.3020E+01
5.3111E+01
5.3200E+01
5.3288E+01
5.3378E+01
5.3469E+01
5.3562E+01
5.3654E+01
5.3746E+01
5.3837E+01
5.3929E+01
5.4020E+01
5.4112E+01
5.4203E+01
5.4293E+01
5.4382E+01
5.4470E+01
5.4558E+01
5.4649E+01
5.4744E+01
5.4842E+01
5.4942E+01
5.5042E+01
5.5144E+01
5.5248E+01
5.5355E+01
5.5464E+01
5.5575E+01
5.5688E+01
5.5804E+01
5.5921E+01
5.6040E+01
5.6160E+01
5.6282E+01
5.6405E+01
5.6528E+01
5.6648E+01
5.6767E+01
5.6885E+01
5.7003E+01
5.7122E+01
5.7240E+01
5.7356E+01
5.7470E+01
5.7585E+01
5.7700E+01
5.7816E+01
5.7930E+01
5.8040E+01
5.8144E+01
5.8244E+01
5.8342E+01
5.8439E+01
5.8538E+01
5.8640E+01
5.8744E+01
5.8851E+01
5.8961E+01
5.9073E+01
5.9186E+01
5.9302E+01
5.9418E+01
5.9534E+01
5.9652E+01
5.9772E+01
5.9896E+01
6.0023E+01
6.0153E+01
6.0283E+01
6.0415E+01
6.0549E+01
6.0685E+01
6.0824E+01
6.0967E+01
6.1116E+01
6.1269E+01
6.1422E+01
6.1573E+01
6.1719E+01
6.1861E+01
6.1999E+01
6.2134E+01
6.2269E+01
6.2401E+01
6.2530E+01
6.2655E+01
6.2778E+01
6.2895E+01
6.3007E+01
6.3110E+01
6.3206E+01
6.3294E+01
6.3376E+01
6.3456E+01
6.3534E+01
6.3614E+01
6.3695E+01
6.3777E+01
6.3856E+01
6.3931E+01
6.4000E+01
6.4061E+01
6.4114E+01
6.4158E+01
6.4193E+01
6.4222E+01
6.4246E+01
6.4269E+01
6.4292E+01
6.4316E+01
6.4344E+01
6.4374E+01
6.4406E+01
6.4436E+01
6.4462E+01
6.4482E+01
6.4496E+01
6.4505E+01
6.4508E+01
6.4507E+01
6.4502E+01
6.4496E+01
6.4493E+01
6.4495E+01
6.4500E+01
6.4506E+01
6.4508E+01
6.4506E+01
6.4502E+01
6.4494E+01
6.4482E+01
6.4462E+01
6.4434E+01
6.4402E+01
6.4369E+01
6.4337E+01
6.4307E+01
6.4277E+01
6.4248E+01
6.4221E+01
6.4195E+01
6.4169E+01
6.4142E+01
6.4112E+01
6.4080E+01
6.4044E+01
6.4004E+01
6.3960E+01
6.3913E+01
6.3864E+01
6.3816E+01
6.3766E+01
6.3715E+01
6.3663E+01
6.3609E+01
6.3553E+01
6.3494E+01
6.3432E+01
6.3366E+01
6.3298E+01
6.3226E+01
6.3148E+01
6.3064E+01
6.2973E+01
6.2874E+01
6.2768E+01
6.2656E+01
6.2542E+01
6.2428E+01
6.2317E+01
6.2206E+01
6.2091E+01
6.1972E+01
6.1853E+01
6.1736E+01
6.1621E+01
6.1508E+01
6.1393E+01
6.1276E+01
6.1156E+01
6.1034E+01
6.0912E+01
6.0791E+01
6.0672E+01
6.0556E+01
6.0445E+01
6.0338E+01
6.0233E+01
6.0128E+01
6.0021E+01
5.9914E+01
5.9805E+01
5.9695E+01
5.9582E+01
5.9468E+01
5.9353E+01
5.9240E+01
5.9130E+01
5.9022E+01
5.8918E+01
5.8817E+01
5.8720E+01
5.8625E+01
5.8531E+01
5.8436E+01
5.8339E+01
5.8239E+01
5.8135E+01
5.8028E+01
5.7919E+01
5.7809E+01
5.7699E+01
5.7588E+01
5.7478E+01
5.7370E+01
5.7267E+01
5.7168E+01
5.7073E+01
5.6980E+01
5.6887E+01
5.6792E+01
5.6696E+01
5.6601E+01
5.6504E+01
5.6407E+01
5.6307E+01
5.6207E+01
5.6108E+01
5.6010E+01
5.5914E+01
5.5819E+01
5.5721E+01
5.5621E+01
5.5515E+01
5.5406E+01
5.5293E+01
5.5175E+01
5.5053E+01
5.4928E+01
5.4802E+01
5.4679E+01
5.4559E+01
5.4442E+01
5.4328E+01
5.4219E+01
5.4117E+01
5.4020E+01
5.3927E+01
5.3835E+01
5.3743E+01
5.3652E+01
5.3562E+01
5.3469E+01
5.3371E+01
5.3269E+01
5.3165E+01
5.3062E+01
5.2963E+01
5.2868E+01
5.2775E+01
5.2684E+01
5.2593E+01
5.2502E+01
5.2410E+01
5.2316E+01
5.2217E+01
5.2112E+01
5.2001E+01
5.1886E+01
5.1772E+01
5.1663E+01
5.1560E+01
5.1464E+01
5.1374E+01
5.1289E+01
5.1208E+01
5.1129E+01
5.1048E+01
5.0966E+01
5.0884E+01
5.0805E+01
5.0730E+01
5.0657E+01
5.0584E+01
5.0511E+01
5.0439E+01
5.0371E+01
5.0308E+01
5.0250E+01
5.0196E+01
5.0144E+01
5.0091E+01
5.0037E+01
4.9981E+01
4.9925E+01
4.9870E+01
4.9815E+01
4.9761E+01
4.9711E+01
4.9667E+01
4.9631E+01
4.9607E+01
4.9592E+01
4.9584E+01
4.9579E+01
4.9570E+01
4.9555E+01
4.9530E+01
4.9499E+01
4.9465E+01
4.9430E+01
4.9394E+01
4.9355E+01
4.9311E+01
4.9262E+01
4.9210E+01
4.9154E+01
4.9096E+01
4.9034E+01
4.8969E+01
4.8900E+01
4.8830E+01
4.8760E+01
4.8689E+01
4.8620E+01
4.8551E+01
4.8481E+01
4.8413E+01
4.8347E+01
4.8284E+01
4.8224E+01
4.8166E+01
4.8112E+01
4.8062E+01
4.8019E+01
4.7979E+01
4.7942E+01
4.7906E+01
4.7869E+01
4.7835E+01
4.7805E+01
4.7779E+01
4.7757E+01
4.7739E+01
4.7723E+01
4.7708E+01
4.7693E+01
4.7677E+01
4.7659E+01
4.7641E+01
4.7625E+01
4.7610E+01
4.7598E+01
4.7591E+01
4.7590E+01
4.7592E+01
4.7594E+01
4.7593E+01
4.7585E+01
4.7571E+01
4.7549E+01
4.7520E+01
4.7489E+01
4.7458E+01
4.7432E+01
4.7413E+01
4.7402E+01
4.7396E+01
4.7392E+01
4.7389E+01
4.7386E+01
4.7384E+01
4.7385E+01
4.7390E+01
4.7397E+01
4.7404E+01
4.7409E+01
4.7414E+01
4.7419E+01
4.7426E+01
4.7434E+01
4.7447E+01
4.7464E+01
4.7486E+01
4.7515E+01
4.7550E+01
4.7590E+01
4.7636E+01
4.7689E+01
4.7747E+01
4.7809E+01
4.7872E+01
4.7936E+01
4.8003E+01
4.8072E+01
4.8143E+01
4.8212E+01
4.8279E+01
4.8341E+01
4.8398E+01
4.8449E+01
4.8493E+01
4.8532E+01
4.8569E+01
4.8605E+01
4.8642E+01
4.8678E+01
4.8713E+01
4.8744E+01
4.8770E+01
4.8789E+01
4.8800E+01
4.8806E+01
4.8808E+01
4.8808E+01
4.8806E+01
4.8803E+01
4.8799E+01
4.8796E+01
4.8793E+01
4.8790E+01
4.8785E+01
4.8777E+01
4.8766E+01
4.8750E+01
4.8732E+01
4.8711E+01
4.8689E+01
4.8665E+01
4.8641E+01
4.8617E+01
4.8591E+01
4.8562E+01
4.8530E+01
4.8493E+01
4.8453E+01
4.8409E+01
4.8365E+01
4.8323E+01
4.8285E+01
4.8248E+01
4.8213E+01
4.8180E+01
4.8150E+01
4.8123E+01
4.8098E+01
4.8072E+01
4.8045E+01
4.8020E+01
4.7998E+01
4.7979E+01
4.7962E+01
4.7946E+01
4.7933E+01
4.7922E+01
4.7915E+01
4.7910E+01
4.7907E+01
4.7904E+01
4.7903E+01
4.7903E+01
4.7908E+01
4.7913E+01
4.7917E+01
4.7914E+01
4.7905E+01
4.7889E+01
4.7869E+01
4.7849E+01
4.7827E+01
4.7804E+01
4.7780E+01
4.7758E+01
4.7738E+01
4.7721E+01
4.7706E+01
4.7692E+01
4.7678E+01
4.7664E+01
4.7647E+01
4.7626E+01
4.7600E+01
4.7570E+01
4.7536E+01
4.7500E+01
4.7462E+01
4.7421E+01
4.7376E+01
4.7328E+01
4.7275E+01
4.7219E+01
4.7160E+01
4.7097E+01
4.7033E+01
4.6971E+01
4.6915E+01
4.6863E+01
4.6818E+01
4.6777E+01
4.6740E+01
4.6708E+01
4.6682E+01
4.6661E+01
4.6645E+01
4.6637E+01
4.6633E+01
4.6634E+01
4.6637E+01
4.6641E+01
4.6646E+01
4.6652E+01
4.6656E+01
4.6660E+01
4.6662E+01
4.6663E+01
4.6663E+01
4.6662E+01
4.6663E+01
4.6665E+01
4.6671E+01
4.6681E+01
4.6693E+01
4.6706E+01
4.6719E+01
4.6731E+01
4.6742E+01
4.6753E+01
4.6765E+01
4.6777E+01
4.6788E+01
4.6797E+01
4.6806E+01
4.6817E+01
4.6832E+01
4.6851E+01
4.6871E+01
4.6891E+01
4.6915E+01
4.6944E+01
4.6979E+01
4.7017E+01
4.7059E+01
4.7102E+01
4.7148E+01
4.7193E+01
4.7237E+01
4.7278E+01
4.7315E+01
4.7348E+01
4.7378E+01
4.7407E+01
4.7439E+01
4.7472E+01
4.7506E+01
4.7538E+01
4.7565E+01
4.7590E+01
4.7611E+01
4.7632E+01
4.7650E+01
4.7667E+01
4.7683E+01
4.7696E+01
4.7707E+01
4.7715E+01
4.7719E+01
4.7721E+01
4.7719E+01
4.7714E+01
4.7707E+01
4.7699E+01
4.7692E+01
4.7683E+01
4.7671E+01
4.7656E+01
4.7637E+01
4.7618E+01
4.7598E+01
4.7577E+01
4.7555E+01
4.7531E+01
4.7505E+01
4.7479E+01
4.7455E+01
4.7433E+01
4.7410E+01
4.7386E+01
4.7359E+01
4.7330E+01
4.7303E+01
4.7279E+01
4.7260E+01
4.7245E+01
4.7234E+01
4.7223E+01
4.7213E+01
4.7203E+01
4.7193E+01
4.7184E+01
4.7178E+01
4.7175E+01
4.7176E+01
4.7179E+01
4.7184E+01
4.7189E+01
4.7193E+01
4.7197E+01
4.7200E+01
4.7200E+01
4.7200E+01
4.7198E+01
4.7194E+01
4.7188E+01
4.7179E+01
4.7167E+01
4.7154E+01
4.7140E+01
4.7128E+01
4.7117E+01
4.7108E+01
4.7100E+01
4.7095E+01
4.7090E+01
4.7087E+01
4.7086E+01
4.7087E+01
4.7090E+01
4.7092E+01
4.7094E+01
4.7096E+01
4.7101E+01
4.7109E+01
4.7120E+01
4.7133E+01
4.7149E+01
4.7167E+01
4.7188E+01
4.7216E+01
4.7248E+01
4.7285E+01
4.7325E+01
4.7368E+01
4.7413E+01
4.7460E+01
4.7510E+01
4.7562E+01
4.7618E+01
4.7680E+01
4.7750E+01
4.7829E+01
4.7914E+01
4.8004E+01
4.8095E+01
4.8188E+01
4.8284E+01
4.8381E+01
4.8479E+01
4.8574E+01
4.8662E+01
4.8743E+01
4.8815E+01
4.8880E+01
4.8939E+01
4.8993E+01
4.9044E+01
4.9091E+01
4.9136E+01
4.9178E+01
4.9218E+01
4.9253E+01
4.9283E+01
4.9308E+01
4.9328E+01
4.9344E+01
4.9359E+01
4.9371E+01
4.9379E+01
4.9381E+01
4.9377E+01
4.9367E+01
4.9355E+01
4.9344E+01
4.9335E+01
4.9328E+01
4.9324E+01
4.9321E+01
4.9320E+01
4.9322E+01
4.9324E+01
4.9326E+01
4.9327E+01
4.9327E+01
4.9327E+01
4.9327E+01
4.9329E+01
4.9331E+01
4.9331E+01
4.9330E+01
4.9330E+01
4.9332E+01
4.9337E+01
4.9344E+01
4.9351E+01
4.9359E+01
4.9365E+01
4.9370E+01
4.9374E+01
4.9377E+01
4.9381E+01
4.9388E+01
4.9398E+01
4.9410E+01
4.9424E+01
4.9437E+01
4.9450E+01
4.9459E+01
4.9464E+01
4.9466E+01
4.9465E+01
4.9463E+01
4.9461E+01
4.9459E+01
4.9458E+01
4.9459E+01
4.9465E+01
4.9474E+01
4.9486E+01
4.9498E+01
4.9511E+01
4.9522E+01
4.9531E+01
4.9537E+01
4.9542E+01
4.9549E+01
4.9555E+01
4.9558E+01
4.9558E+01
4.9554E+01
4.9546E+01
4.9535E+01
4.9523E+01
4.9510E+01
4.9499E+01
4.9490E+01
4.9482E+01
4.9474E+01
4.9465E+01
4.9458E+01
4.9453E+01
4.9449E+01
4.9446E+01
4.9441E+01
4.9433E+01
4.9425E+01
4.9416E+01
4.9410E+01
4.9404E+01
4.9398E+01
4.9391E+01
4.9381E+01
4.9370E+01
4.9360E+01
4.9352E+01
4.9345E+01
4.9338E+01
4.9329E+01
4.9319E+01
4.9309E+01
4.9298E+01
4.9286E+01
4.9274E+01
4.9262E+01
4.9252E+01
4.9242E+01
4.9234E+01
4.9225E+01
4.9218E+01
4.9212E+01
4.9207E+01
4.9203E+01
4.9200E+01
4.9197E+01
4.9191E+01
4.9184E+01
4.9175E+01
4.9166E+01
4.9159E+01
4.9154E+01
4.9151E+01
4.9151E+01
4.9153E+01
4.9158E+01
4.9163E+01
4.9169E+01
4.9174E+01
4.9177E+01
4.9178E+01
4.9177E+01
4.9177E+01
4.9174E+01
4.9170E+01
4.9165E+01
4.9161E+01
4.9159E+01
4.9158E+01
4.9158E+01
4.9159E+01
4.9160E+01
4.9162E+01
4.9163E+01
4.9164E+01
4.9164E+01
4.9162E+01
4.9158E+01
4.9152E+01
4.9143E+01
4.9131E+01
4.9117E+01
4.9101E+01
4.9082E+01
4.9061E+01
4.9038E+01
4.9016E+01
4.8996E+01
4.8977E+01
4.8958E+01
4.8937E+01
4.8914E+01
4.8889E+01
4.8861E+01
4.8830E+01
4.8797E+01
4.8762E+01
4.8729E+01
4.8698E+01
4.8671E+01
4.8646E+01
4.8620E+01
4.8593E+01
4.8566E+01
4.8538E+01
4.8509E+01
4.8478E+01
4.8446E+01
4.8414E+01
4.8386E+01
4.8362E+01
4.8339E+01
4.8319E+01
4.8301E+01
4.8287E+01
4.8276E+01
4.8268E+01
4.8262E+01
4.8257E+01
4.8252E+01
4.8246E+01
4.8241E+01
4.8237E+01
4.8234E+01
4.8231E+01
4.8229E+01
4.8225E+01
4.8221E+01
4.8217E+01
4.8213E+01
4.8210E+01
4.8208E+01
4.8207E+01
4.8207E+01
4.8210E+01
4.8214E+01
4.8220E+01
4.8226E+01
4.8231E+01
4.8233E+01
4.8232E+01
4.8229E+01
4.8224E+01
4.8221E+01
4.8218E+01
4.8216E+01
4.8214E+01
4.8213E+01
4.8215E+01
4.8220E+01
4.8229E+01
4.8239E+01
4.8249E+01
4.8259E+01
4.8269E+01
4.8280E+01
4.8291E+01
4.8303E+01
4.8315E+01
4.8328E+01
4.8343E+01
4.8360E+01
4.8378E+01
4.8398E+01
4.8418E+01
4.8437E+01
4.8454E+01
4.8469E+01
4.8483E+01
4.8498E+01
4.8513E+01
4.8529E+01
4.8544E+01
4.8560E+01
4.8576E+01
4.8594E+01
4.8613E+01
4.8634E+01
4.8653E+01
4.8669E+01
4.8684E+01
4.8698E+01
4.8713E+01
4.8730E+01
4.8747E+01
4.8764E+01
4.8782E+01
4.8802E+01
4.8823E+01
4.8846E+01
4.8870E+01
4.8896E+01
4.8924E+01
4.8954E+01
4.8986E+01
4.9020E+01
4.9054E+01
4.9088E+01
4.9121E+01
4.9153E+01
4.9184E+01
4.9214E+01
4.9246E+01
4.9277E+01
4.9307E+01
4.9337E+01
4.9366E+01
4.9393E+01
4.9420E+01
4.9447E+01
4.9476E+01
4.9507E+01
4.9541E+01
4.9576E+01
4.9613E+01
4.9650E+01
4.9688E+01
4.9725E+01
4.9763E+01
4.9802E+01
4.9840E+01
4.9876E+01
4.9910E+01
4.9942E+01
4.9972E+01
5.0002E+01
5.0030E+01
5.0058E+01
5.0085E+01
5.0113E+01
5.0140E+01
5.0167E+01
5.0195E+01
5.0224E+01
5.0255E+01
5.0288E+01
5.0321E+01
5.0353E+01
5.0385E+01
5.0417E+01
5.0450E+01
5.0483E+01
5.0516E+01
5.0549E+01
5.0583E+01
5.0616E+01
5.0649E+01
5.0680E+01
5.0712E+01
5.0744E+01
5.0777E+01
5.0812E+01
5.0849E+01
5.0888E+01
5.0928E+01
5.0969E+01
5.1011E+01
5.1052E+01
5.1094E+01
5.1135E+01
5.1176E+01
5.1216E+01
5.1253E+01
5.1288E+01
5.1318E+01
5.1345E+01
5.1369E+01
5.1392E+01
5.1412E+01
5.1431E+01
5.1450E+01
5.1470E+01
5.1491E+01
5.1511E+01
5.1531E+01
5.1550E+01
5.1567E+01
5.1582E+01
5.1593E+01
5.1601E+01
5.1608E+01
5.1613E+01
5.1618E+01
5.1623E+01
5.1629E+01
5.1638E+01
5.1651E+01
5.1667E+01
5.1684E+01
5.1700E+01
5.1717E+01
5.1733E+01
5.1750E+01
5.1770E+01
5.1792E+01
5.1814E+01
5.1835E+01
5.1854E+01
5.1871E+01
5.1887E+01
5.1904E+01
5.1922E+01
5.1939E+01
5.1955E+01
5.1972E+01
5.1989E+01
5.2007E+01
5.2026E+01
5.2046E+01
5.2065E+01
5.2085E+01
5.2103E+01
5.2121E+01
5.2137E+01
5.2154E+01
5.2170E+01
5.2188E+01
5.2207E+01
5.2227E+01
5.2249E+01
5.2273E+01
5.2296E+01
5.2318E+01
5.2339E+01
5.2358E+01
5.2374E+01
5.2387E+01
5.2398E+01
5.2408E+01
5.2416E+01
5.2425E+01
5.2433E+01
5.2442E+01
5.2451E+01
5.2460E+01
5.2469E+01
5.2479E+01
5.2489E+01
5.2498E+01
5.2506E+01
5.2513E+01
5.2521E+01
5.2529E+01
5.2538E+01
5.2545E+01
5.2552E+01
5.2558E+01
5.2562E+01
5.2565E+01
5.2567E+01
5.2570E+01
5.2573E+01
5.2577E+01
5.2582E+01
5.2587E+01
5.2593E+01
5.2600E+01
5.2606E+01
5.2612E+01
5.2617E+01
5.2621E+01
5.2624E+01
5.2627E+01
5.2631E+01
5.2636E+01
5.2645E+01
5.2654E+01
5.2665E+01
5.2678E+01
5.2693E+01
5.2710E+01
5.2729E+01
5.2749E+01
5.2769E+01
5.2787E+01
5.2804E+01
5.2818E+01
5.2832E+01
5.2845E+01
5.2857E+01
5.2870E+01
5.2883E+01
5.2897E+01
5.2912E+01
5.2929E+01
5.2948E+01
5.2966E+01
5.2982E+01
5.2996E+01
5.3008E+01
5.3020E+01
5.3033E+01
5.3046E+01
5.3059E+01
5.3075E+01
5.3093E+01
5.3114E+01
5.3137E+01
5.3162E+01
5.3187E+01
5.3212E+01
5.3237E+01
5.3261E+01
5.3283E+01
5.3304E+01
5.3323E+01
5.3342E+01
5.3362E+01
5.3384E+01
5.3409E+01
5.3436E+01
5.3463E+01
5.3491E+01
5.3517E+01
5.3542E+01
5.3568E+01
5.3593E+01
5.3617E+01
5.3640E+01
5.3661E+01
5.3681E+01
5.3700E+01
5.3719E+01
5.3737E+01
5.3756E+01
5.3776E+01
5.3798E+01
5.3819E+01
5.3840E+01
5.3862E+01
5.3884E+01
5.3906E+01
5.3929E+01
5.3951E+01
5.3972E+01
5.3991E+01
5.4008E+01
5.4022E+01
5.4036E+01
5.4050E+01
5.4063E+01
5.4076E+01
5.4089E+01
5.4103E+01
5.4119E+01
5.4135E+01
5.4151E+01
5.4167E+01
5.4183E+01
5.4200E+01
5.4215E+01
5.4230E+01
5.4244E+01
5.4257E+01
5.4269E+01
5.4280E+01
5.4289E+01
5.4296E+01
5.4302E+01
5.4308E+01
5.4314E+01
5.4320E+01
5.4327E+01
5.4336E+01
5.4344E+01
5.4352E+01
5.4358E+01
5.4363E+01
5.4367E+01
5.4371E+01
5.4375E+01
5.4378E+01
5.4382E+01
5.4385E+01
5.4388E+01
5.4391E+01
5.4393E+01
5.4394E+01
5.4394E+01
5.4392E+01
5.4388E+01
5.4384E+01
5.4381E+01
5.4380E+01
5.4382E+01
5.4385E+01
5.4389E+01
5.4393E+01
5.4399E+01
5.4406E+01
5.4413E+01
5.4420E+01
5.4426E+01
5.4431E+01
5.4435E+01
5.4436E+01
5.4436E+01
5.4435E+01
5.4432E+01
5.4428E+01
5.4424E+01
5.4420E+01
5.4416E+01
5.4412E+01
5.4410E+01
5.4408E+01
5.4406E+01
5.4403E+01
5.4399E+01
5.4392E+01
5.4383E+01
5.4374E+01
5.4363E+01
5.4351E+01
5.4336E+01
5.4320E+01
5.4303E+01
5.4286E+01
5.4269E+01
5.4252E+01
5.4237E+01
5.4222E+01
5.4208E+01
5.4196E+01
5.4186E+01
5.4174E+01
5.4160E+01
5.4142E+01
5.4121E+01
5.4098E+01
5.4073E+01
5.4048E+01
5.4022E+01
5.3996E+01
5.3970E+01
5.3943E+01
5.3916E+01
5.3888E+01
5.3859E+01
5.3830E+01
5.3802E+01
5.3775E+01
5.3747E+01
5.3720E+01
5.3692E+01
5.3664E+01
5.3637E+01
5.3611E+01
5.3588E+01
5.3567E+01
5.3548E+01
5.3527E+01
5.3506E+01
5.3482E+01
5.3459E+01
5.3436E+01
5.3415E+01
5.3396E+01
5.3377E+01
5.3356E+01
5.3335E+01
5.3312E+01
5.3289E+01
5.3266E+01
5.3245E+01
5.3227E+01
5.3211E+01
5.3197E+01
5.3187E+01
5.3180E+01
5.3174E+01
5.3169E+01
5.3162E+01
5.3155E+01
5.3148E+01
5.3140E+01
5.3133E+01
5.3125E+01
5.3116E+01
5.3107E+01
5.3098E+01
5.3090E+01
5.3083E+01
5.3077E+01
5.3073E+01
5.3071E+01
5.3071E+01
5.3073E+01
5.3076E+01
5.3079E+01
5.3083E+01
5.3089E+01
5.3096E+01
5.3105E+01
5.3116E+01
5.3129E+01
5.3143E+01
5.3158E+01
5.3173E+01
5.3186E+01
5.3197E+01
5.3209E+01
5.3220E+01
5.3230E+01
5.3237E+01
5.3244E+01
5.3249E+01
5.3253E+01
5.3256E+01
5.3256E+01
5.3257E+01
5.3259E+01
5.3262E+01
5.3267E+01
5.3271E+01
5.3276E+01
5.3283E+01
5.3293E+01
5.3304E+01
5.3316E+01
5.3327E+01
5.3337E+01
5.3343E+01
5.3349E+01
5.3353E+01
5.3358E+01
5.3363E+01
5.3371E+01
5.3380E+01
5.3392E+01
5.3407E+01
5.3426E+01
5.3447E+01
5.3470E+01
5.3493E+01
5.3517E+01
5.3539E+01
5.3562E+01
5.3584E+01
5.3604E+01
5.3621E+01
5.3635E+01
5.3649E+01
5.3662E+01
5.3678E+01
5.3695E+01
5.3714E+01
5.3736E+01
5.3762E+01
5.3791E+01
5.3823E+01
5.3854E+01
5.3883E+01
5.3911E+01
5.3936E+01
5.3957E+01
5.3975E+01
5.3990E+01
5.4002E+01
5.4012E+01
5.4020E+01
5.4026E+01
5.4034E+01
5.4044E+01
5.4057E+01
5.4072E+01
5.4088E+01
5.4104E+01
5.4119E+01
5.4133E+01
5.4147E+01
5.4159E+01
5.4169E+01
5.4179E+01
5.4187E+01
5.4195E+01
5.4202E+01
5.4208E+01
5.4214E+01
5.4220E+01
5.4228E+01
5.4238E+01
5.4253E+01
5.4271E+01
5.4292E+01
5.4315E+01
5.4337E+01
5.4360E+01
5.4383E+01
5.4406E+01
5.4427E+01
5.4447E+01
5.4465E+01
5.4482E+01
5.4499E+01
5.4517E+01
5.4533E+01
5.4549E+01
5.4566E+01
5.4584E+01
5.4601E+01
5.4619E+01
5.4636E+01
5.4655E+01
5.4672E+01
5.4688E+01
5.4700E+01
5.4710E+01
5.4718E+01
5.4725E+01
5.4732E+01
5.4740E+01
5.4749E+01
5.4759E+01
5.4768E+01
5.4776E+01
5.4782E+01
5.4785E+01
5.4785E+01
5.4785E+01
5.4782E+01
5.4776E+01
5.4768E+01
5.4757E+01
5.4747E+01
5.4739E+01
5.4733E+01
5.4730E+01
5.4729E+01
5.4731E+01
5.4737E+01
5.4747E+01
5.4759E+01
5.4775E+01
5.4793E+01
5.4812E+01
5.4832E+01
5.4851E+01
5.4867E+01
5.4882E+01
5.4893E+01
5.4901E+01
5.4907E+01
5.4911E+01
5.4914E+01
5.4918E+01
5.4923E+01
5.4928E+01
5.4935E+01
5.4944E+01
5.4953E+01
5.4961E+01
5.4967E+01
5.4972E+01
5.4977E+01
5.4982E+01
5.4988E+01
5.4994E+01
5.5001E+01
5.5008E+01
5.5016E+01
5.5026E+01
5.5037E+01
5.5047E+01
5.5056E+01
5.5062E+01
5.5064E+01
5.5063E+01
5.5060E+01
5.5056E+01
5.5051E+01
5.5044E+01
5.5035E+01
5.5024E+01
5.5011E+01
5.4997E+01
5.4983E+01
5.4969E+01
5.4953E+01
5.4936E+01
5.4921E+01
5.4907E+01
5.4896E+01
5.4887E+01
5.4880E+01
5.4875E+01
5.4871E+01
5.4868E+01
5.4865E+01
5.4862E+01
5.4861E+01
5.4860E+01
5.4858E+01
5.4855E+01
5.4852E+01
5.4848E+01
5.4846E+01
5.4845E+01
5.4846E+01
5.4849E+01
5.4855E+01
5.4862E+01
5.4868E+01
5.4873E+01
5.4876E+01
5.4878E+01
5.4879E+01
5.4880E+01
5.4878E+01
5.4873E+01
5.4865E+01
5.4856E+01
5.4846E+01
5.4835E+01
5.4825E+01
5.4814E+01
5.4803E+01
5.4794E+01
5.4787E+01
5.4780E+01
5.4773E+01
5.4764E+01
5.4754E+01
5.4741E+01
5.4726E+01
5.4709E+01
5.4690E+01
5.4669E+01
5.4646E+01
5.4622E+01
5.4598E+01
5.4573E+01
5.4548E+01
5.4523E+01
5.4496E+01
5.4468E+01
5.4441E+01
5.4413E+01
5.4386E+01
5.4357E+01
5.4328E+01
5.4298E+01
5.4270E+01
5.4243E+01
5.4217E+01
5.4192E+01
5.4167E+01
5.4143E+01
5.4121E+01
5.4099E+01
5.4080E+01
5.4062E+01
5.4044E+01
5.4027E+01
5.4010E+01
5.3994E+01
5.3979E+01
5.3964E+01
5.3950E+01
5.3936E+01
5.3921E+01
5.3906E+01
5.3890E+01
5.3873E+01
5.3856E+01
5.3839E+01
5.3825E+01
5.3813E+01
5.3804E+01
5.3797E+01
5.3792E+01
5.3789E+01
5.3785E+01
5.3782E+01
5.3778E+01
5.3775E+01
5.3772E+01
5.3769E+01
5.3765E+01
5.3758E+01
5.3749E+01
5.3738E+01
5.3724E+01
5.3709E+01
5.3692E+01
5.3675E+01
5.3657E+01
5.3637E+01
5.3615E+01
5.3592E+01
5.3569E+01
5.3548E+01
5.3528E+01
5.3511E+01
5.3494E+01
5.3477E+01
5.3458E+01
5.3439E+01
5.3419E+01
5.3399E+01
5.3379E+01
5.3359E+01
5.3339E+01
5.3319E+01
5.3298E+01
5.3277E+01
5.3255E+01
5.3234E+01
5.3213E+01
5.3191E+01
5.3168E+01
5.3144E+01
5.3121E+01
5.3098E+01
5.3075E+01
5.3051E+01
5.3028E+01
5.3004E+01
5.2982E+01
5.2960E+01
5.2941E+01
5.2924E+01
5.2908E+01
5.2891E+01
5.2876E+01
5.2859E+01
5.2843E+01
5.2827E+01
5.2811E+01
5.2795E+01
5.2777E+01
5.2757E+01
5.2735E+01
5.2713E+01
5.2691E+01
5.2669E+01
5.2648E+01
5.2627E+01
5.2607E+01
5.2588E+01
5.2571E+01
5.2556E+01
5.2541E+01
5.2527E+01
5.2515E+01
5.2503E+01
5.2493E+01
5.2484E+01
5.2475E+01
5.2467E+01
5.2458E+01
5.2451E+01
5.2444E+01
5.2439E+01
5.2435E+01
5.2433E+01
5.2432E+01
5.2432E+01
5.2432E+01
5.2432E+01
5.2432E+01
5.2431E+01
5.2430E+01
5.2428E+01
5.2425E+01
5.2421E+01
5.2416E+01
5.2411E+01
5.2407E+01
5.2403E+01
5.2399E+01
5.2391E+01
5.2380E+01
5.2366E+01
5.2351E+01
5.2335E+01
5.2319E+01
5.2302E+01
5.2287E+01
5.2273E+01
5.2261E+01
5.2252E+01
5.2242E+01
5.2231E+01
5.2219E+01
5.2207E+01
5.2195E+01
5.2182E+01
5.2169E+01
5.2156E+01
5.2143E+01
5.2130E+01
5.2118E+01
5.2106E+01
5.2094E+01
5.2084E+01
5.2074E+01
5.2065E+01
5.2056E+01
5.2048E+01
5.2040E+01
5.2031E+01
5.2020E+01
5.2009E+01
5.1996E+01
5.1983E+01
5.1969E+01
5.1955E+01
5.1939E+01
5.1923E+01
5.1906E+01
5.1887E+01
5.1865E+01
5.1842E+01
5.1818E+01
5.1794E+01
5.1771E+01
5.1750E+01
5.1729E+01
5.1710E+01
5.1692E+01
5.1675E+01
5.1660E+01
5.1646E+01
5.1632E+01
5.1620E+01
5.1610E+01
5.1600E+01
5.1592E+01
5.1583E+01
5.1575E+01
5.1566E+01
5.1556E+01
5.1546E+01
5.1536E+01
5.1525E+01
5.1516E+01
5.1507E+01
5.1498E+01
5.1487E+01
5.1477E+01
5.1467E+01
5.1459E+01
5.1452E+01
5.1446E+01
5.1441E+01
5.1437E+01
5.1433E+01
5.1430E+01
5.1426E+01
5.1420E+01
5.1414E+01
5.1409E+01
5.1403E+01
5.1396E+01
5.1389E+01
5.1381E+01
5.1373E+01
5.1364E+01
5.1353E+01
5.1340E+01
5.1326E+01
5.1312E+01
5.1299E+01
5.1288E+01
5.1278E+01
5.1267E+01
5.1255E+01
5.1242E+01
5.1229E+01
5.1217E+01
5.1205E+01
5.1193E+01
5.1181E+01
5.1168E+01
5.1154E+01
5.1141E+01
5.1128E+01
5.1115E+01
5.1103E+01
5.1093E+01
5.1084E+01
5.1077E+01
5.1071E+01
5.1065E+01
5.1059E+01
5.1053E+01
5.1047E+01
5.1042E+01
5.1036E+01
5.1030E+01
5.1024E+01
5.1017E+01
5.1011E+01
5.1005E+01
5.0999E+01
5.0993E+01
5.0986E+01
5.0976E+01
5.0965E+01
5.0952E+01
5.0939E+01
5.0926E+01
5.0915E+01
5.0906E+01
5.0898E+01
5.0890E+01
5.0882E+01
5.0874E+01
5.0864E+01
5.0854E+01
5.0844E+01
5.0835E+01
5.0827E+01
5.0818E+01
5.0809E+01
5.0799E+01
5.0789E+01
5.0779E+01
5.0771E+01
5.0765E+01
5.0760E+01
5.0755E+01
5.0751E+01
5.0747E+01
5.0743E+01
5.0739E+01
5.0736E+01
5.0734E+01
5.0733E+01
5.0732E+01
5.0734E+01
5.0737E+01
5.0741E+01
5.0744E+01
5.0747E+01
5.0749E+01
5.0752E+01
5.0756E+01
5.0760E+01
5.0765E+01
5.0769E+01
5.0772E+01
5.0776E+01
5.0779E+01
5.0783E+01
5.0786E+01
5.0789E+01
5.0792E+01
5.0794E+01
5.0797E+01
5.0800E+01
5.0805E+01
5.0810E+01
5.0815E+01
5.0821E+01
5.0827E+01
5.0833E+01
5.0840E+01
5.0845E+01
5.0850E+01
5.0854E+01
5.0857E+01
5.0860E+01
5.0863E+01
5.0866E+01
5.0869E+01
5.0874E+01
5.0880E+01
5.0888E+01
5.0896E+01
5.0905E+01
5.0914E+01
5.0923E+01
5.0931E+01
5.0938E+01
5.0943E+01
5.0947E+01
5.0950E+01
5.0952E+01
5.0955E+01
5.0958E+01
5.0962E+01
5.0967E+01
5.0975E+01
5.0985E+01
5.0997E+01
5.1009E+01
5.1021E+01
5.1034E+01
5.1047E+01
5.1062E+01
5.1078E+01
5.1095E+01
5.1113E+01
5.1131E+01
5.1149E+01
5.1166E+01
5.1184E+01
5.1201E+01
5.1217E+01
5.1233E+01
5.1248E+01
5.1263E+01
5.1278E+01
5.1292E+01
5.1306E+01
5.1321E+01
5.1336E+01
5.1353E+01
5.1370E+01
5.1388E+01
5.1407E+01
5.1426E+01
5.1447E+01
5.1468E+01
5.1488E+01
5.1509E+01
5.1531E+01
5.1552E+01
5.1573E+01
5.1592E+01
5.1610E+01
5.1629E+01
5.1648E+01
5.1668E+01
5.1687E+01
5.1704E+01
5.1721E+01
5.1737E+01
5.1753E+01
5.1768E+01
5.1783E+01
5.1798E+01
5.1813E+01
5.1828E+01
5.1842E+01
5.1856E+01
5.1869E+01
5.1882E+01
5.1895E+01
5.1907E+01
5.1919E+01
5.1931E+01
5.1943E+01
5.1953E+01
5.1962E+01
5.1971E+01
5.1979E+01
5.1988E+01
5.1998E+01
5.2007E+01
5.2015E+01
5.2024E+01
5.2032E+01
5.2041E+01
5.2051E+01
5.2062E+01
5.2073E+01
5.2086E+01
5.2098E+01
5.2111E+01
5.2122E+01
5.2132E+01
5.2141E+01
5.2151E+01
5.2160E+01
5.2169E+01
5.2177E+01
5.2184E+01
5.2189E+01
5.2195E+01
5.2201E+01
5.2208E+01
5.2214E+01
5.2221E+01
5.2228E+01
5.2236E+01
5.2245E+01
5.2254E+01
5.2264E+01
5.2275E+01
5.2285E+01
5.2295E+01
5.2305E+01
5.2314E+01
5.2322E+01
5.2331E+01
5.2340E+01
5.2349E+01
5.2358E+01
5.2367E+01
5.2376E+01
5.2386E+01
5.2394E+01
5.2402E+01
5.2408E+01
5.2414E+01
5.2418E+01
5.2422E+01
5.2426E+01
5.2431E+01
5.2436E+01
5.2442E+01
5.2447E+01
5.2452E+01
5.2457E+01
5.2462E+01
5.2465E+01
5.2466E+01
5.2465E+01
5.2465E+01
5.2465E+01
5.2466E+01
5.2468E+01
5.2470E+01
5.2473E+01
5.2475E+01
5.2477E+01
5.2479E+01
5.2480E+01
5.2482E+01
5.2483E+01
5.2484E+01
5.2485E+01
5.2486E+01
5.2487E+01
5.2489E+01
5.2491E+01
5.2493E+01
5.2493E+01
5.2494E+01
5.2494E+01
5.2494E+01
5.2495E+01
5.2496E+01
5.2499E+01
5.2503E+01
5.2508E+01
5.2513E+01
5.2520E+01
5.2526E+01
5.2532E+01
5.2536E+01
5.2542E+01
5.2548E+01
5.2555E+01
5.2561E+01
5.2566E+01
5.2570E+01
5.2573E+01
5.2577E+01
5.2582E+01
5.2589E+01
5.2597E+01
5.2606E+01
5.2614E+01
5.2623E+01
5.2632E+01
5.2641E+01
5.2650E+01
5.2659E+01
5.2667E+01
5.2675E+01
5.2681E+01
5.2686E+01
5.2690E+01
5.2693E+01
5.2696E+01
5.2700E+01
5.2705E+01
5.2712E+01
5.2719E+01
5.2728E+01
5.2739E+01
5.2749E+01
5.2759E+01
5.2769E+01
5.2778E+01
5.2787E+01
5.2795E+01
5.2802E+01
5.2808E+01
5.2814E+01
5.2820E+01
5.2828E+01
5.2836E+01
5.2845E+01
5.2853E+01
5.2862E+01
5.2870E+01
5.2878E+01
5.2886E+01
5.2895E+01
5.2904E+01
5.2913E+01
5.2921E+01
5.2928E+01
5.2935E+01
5.2942E+01
5.2948E+01
5.2955E+01
5.2963E+01
5.2971E+01
5.2980E+01
5.2989E+01
5.2999E+01
5.3009E+01
5.3021E+01
5.3033E+01
5.3047E+01
5.3061E+01
5.3075E+01
5.3089E+01
5.3100E+01
5.3110E+01
5.3120E+01
5.3129E+01
5.3139E+01
5.3148E+01
5.3157E+01
5.3163E+01
5.3167E+01
5.3172E+01
5.3177E+01
5.3184E+01
5.3191E+01
5.3199E+01
5.3208E+01
5.3218E+01
5.3228E+01
5.3240E+01
5.3252E+01
5.3265E+01
5.3278E+01
5.3291E+01
5.3304E+01
5.3317E+01
5.3330E+01
5.3342E+01
5.3354E+01
5.3364E+01
5.3374E+01
5.3382E+01
5.3390E+01
5.3397E+01
5.3404E+01
5.3410E+01
5.3416E+01
5.3423E+01
5.3429E+01
5.3435E+01
5.3442E+01
5.3449E+01
5.3454E+01
5.3460E+01
5.3465E+01
5.3470E+01
5.3475E+01
5.3480E+01
5.3486E+01
5.3492E+01
5.3498E+01
5.3506E+01
5.3514E+01
5.3522E+01
5.3532E+01
5.3541E+01
5.3551E+01
5.3561E+01
5.3570E+01
5.3577E+01
5.3583E+01
5.3588E+01
5.3591E+01
5.3594E+01
5.3596E+01
5.3598E+01
5.3599E+01
5.3600E+01
5.3601E+01
5.3600E+01
5.3598E+01
5.3595E+01
5.3593E+01
5.3590E+01
5.3587E+01
5.3584E+01
5.3580E+01
5.3574E+01
5.3568E+01
5.3562E+01
5.3555E+01
5.3548E+01
5.3539E+01
5.3530E+01
5.3521E+01
5.3513E+01
5.3507E+01
5.3501E+01
5.3495E+01
5.3488E+01
5.3482E+01
5.3476E+01
5.3472E+01
5.3470E+01
5.3469E+01
5.3469E+01
5.3469E+01
5.3470E+01
5.3472E+01
5.3474E+01
5.3476E+01
5.3478E+01
5.3480E+01
5.3482E+01
5.3485E+01
5.3488E+01
5.3490E+01
5.3493E+01
5.3495E+01
5.3497E+01
5.3499E+01
5.3500E+01
5.3501E+01
5.3502E+01
5.3503E+01
5.3505E+01
5.3507E+01
5.3510E+01
5.3512E+01
5.3514E+01
5.3515E+01
5.3518E+01
5.3521E+01
5.3526E+01
5.3532E+01
5.3538E+01
5.3544E+01
5.3550E+01
5.3556E+01
5.3562E+01
5.3569E+01
5.3575E+01
5.3580E+01
5.3584E+01
5.3587E+01
5.3590E+01
5.3593E+01
5.3597E+01
5.3600E+01
5.3603E+01
5.3606E+01
5.3610E+01
5.3614E+01
5.3620E+01
5.3626E+01
5.3632E+01
5.3639E+01
5.3645E+01
5.3651E+01
5.3656E+01
5.3660E+01
5.3663E+01
5.3665E+01
5.3667E+01
5.3669E+01
5.3669E+01
5.3669E+01
5.3669E+01
5.3668E+01
5.3667E+01
5.3667E+01
5.3667E+01
5.3666E+01
5.3666E+01
5.3665E+01
5.3664E+01
5.3663E+01
5.3661E+01
5.3660E+01
5.3659E+01
5.3659E+01
5.3659E+01
5.3659E+01
5.3658E+01
5.3657E+01
5.3657E+01
5.3656E+01
5.3656E+01
5.3657E+01
5.3659E+01
5.3661E+01
5.3662E+01
5.3663E+01
5.3665E+01
5.3668E+01
5.3671E+01
5.3675E+01
5.3678E+01
5.3682E+01
5.3686E+01
5.3689E+01
5.3694E+01
5.3700E+01
5.3706E+01
5.3713E+01
5.3720E+01
5.3727E+01
5.3734E+01
5.3740E+01
5.3745E+01
5.3750E+01
5.3756E+01
5.3763E+01
5.3771E+01
5.3781E+01
5.3790E+01
5.3801E+01
5.3811E+01
5.3822E+01
5.3832E+01
5.3840E+01
5.3848E+01
5.3855E+01
5.3864E+01
5.3873E+01
5.3883E+01
5.3893E+01
5.3904E+01
5.3917E+01
5.3931E+01
5.3945E+01
5.3960E+01
5.3976E+01
5.3993E+01
5.4012E+01
5.4032E+01
5.4054E+01
5.4078E+01
5.4103E+01
5.4130E+01
5.4158E+01
5.4189E+01
5.4221E+01
5.4255E+01
5.4290E+01
5.4326E+01
5.4363E+01
5.4401E+01
5.4438E+01
5.4475E+01
5.4511E+01
5.4547E+01
5.4584E+01
5.4620E+01
5.4657E+01
5.4693E+01
5.4729E+01
5.4763E+01
5.4797E+01
5.4830E+01
5.4861E+01
5.4890E+01
5.4916E+01
5.4940E+01
5.4961E+01
5.4982E+01
5.5001E+01
5.5019E+01
5.5036E+01
5.5051E+01
5.5064E+01
5.5075E+01
5.5084E+01
5.5089E+01
5.5092E+01
5.5090E+01
5.5085E+01
5.5076E+01
5.5066E+01
5.5054E+01
5.5041E+01
5.5027E+01
5.5010E+01
5.4993E+01
5.4973E+01
5.4951E+01
5.4927E+01
5.4901E+01
5.4871E+01
5.4840E+01
5.4806E+01
5.4770E+01
5.4733E+01
5.4695E+01
5.4655E+01
5.4613E+01
5.4569E+01
5.4523E+01
5.4474E+01
5.4422E+01
5.4368E+01
5.4312E+01
5.4254E+01
5.4194E+01
5.4132E+01
5.4071E+01
5.4008E+01
5.3944E+01
5.3879E+01
5.3812E+01
5.3744E+01
5.3675E+01
5.3606E+01
5.3538E+01
5.3470E+01
5.3404E+01
5.3339E+01
5.3274E+01
5.3212E+01
5.3150E+01
5.3090E+01
5.3031E+01
5.2975E+01
5.2922E+01
5.2872E+01
5.2825E+01
5.2780E+01
5.2736E+01
5.2694E+01
5.2653E+01
5.2615E+01
5.2579E+01
5.2545E+01
5.2515E+01
5.2487E+01
5.2463E+01
5.2442E+01
5.2425E+01
5.2412E+01
5.2401E+01
5.2392E+01
5.2384E+01
5.2378E+01
5.2374E+01
5.2372E+01
5.2370E+01
5.2369E+01
5.2370E+01
5.2372E+01
5.2377E+01
5.2384E+01
5.2392E+01
5.2399E+01
5.2407E+01
5.2417E+01
5.2431E+01
5.2448E+01
5.2470E+01
5.2493E+01
5.2519E+01
5.2547E+01
5.2577E+01
5.2611E+01
5.2649E+01
5.2691E+01
5.2735E+01
5.2781E+01
5.2829E+01
5.2877E+01
5.2927E+01
5.2977E+01
5.3027E+01
5.3077E+01
5.3127E+01
5.3179E+01
5.3234E+01
5.3292E+01
5.3353E+01
5.3418E+01
5.3486E+01
5.3556E+01
5.3628E+01
5.3700E+01
5.3771E+01
5.3843E+01
5.3915E+01
5.3986E+01
5.4056E+01
5.4127E+01
5.4197E+01
5.4267E+01
5.4338E+01
5.4408E+01
5.4479E+01
5.4550E+01
5.4622E+01
5.4693E+01
5.4765E+01
5.4836E+01
5.4905E+01
5.4973E+01
5.5038E+01
5.5104E+01
5.5169E+01
5.5234E+01
5.5298E+01
5.5359E+01
5.5417E+01
5.5472E+01
5.5526E+01
5.5577E+01
5.5626E+01
5.5674E+01
5.5722E+01
5.5770E+01
5.5817E+01
5.5863E+01
5.5908E+01
5.5952E+01
5.5995E+01
5.6038E+01
5.6080E+01
5.6121E+01
5.6160E+01
5.6196E+01
5.6229E+01
5.6260E+01
5.6289E+01
5.6316E+01
5.6341E+01
5.6363E+01
5.6382E+01
5.6398E+01
5.6413E+01
5.6428E+01
5.6442E+01
5.6456E+01
5.6471E+01
5.6486E+01
5.6501E+01
5.6516E+01
5.6529E+01
5.6542E+01
5.6553E+01
5.6562E+01
5.6569E+01
5.6574E+01
5.6575E+01
5.6573E+01
5.6568E+01
5.6560E+01
5.6549E+01
5.6536E+01
5.6520E+01
5.6503E+01
5.6483E+01
5.6462E+01
5.6439E+01
5.6414E+01
5.6388E+01
5.6361E+01
5.6334E+01
5.6305E+01
5.6275E+01
5.6243E+01
5.6210E+01
5.6174E+01
5.6137E+01
5.6097E+01
5.6055E+01
5.6012E+01
5.5968E+01
5.5923E+01
5.5877E+01
5.5833E+01
5.5789E+01
5.5747E+01
5.5705E+01
5.5663E+01
5.5623E+01
5.5584E+01
5.5545E+01
5.5507E+01
5.5469E+01
5.5431E+01
5.5392E+01
5.5353E+01
5.5314E+01
5.5275E+01
5.5235E+01
5.5194E+01
5.5152E+01
5.5110E+01
5.5066E+01
5.5023E+01
5.4980E+01
5.4937E+01
5.4895E+01
5.4854E+01
5.4813E+01
5.4773E+01
5.4733E+01
5.4693E+01
5.4654E+01
5.4616E+01
5.4579E+01
5.4543E+01
5.4508E+01
5.4474E+01
5.4442E+01
5.4412E+01
5.4382E+01
5.4354E+01
5.4326E+01
5.4298E+01
5.4270E+01
5.4240E+01
5.4211E+01
5.4184E+01
5.4158E+01
5.4134E+01
5.4112E+01
5.4093E+01
5.4076E+01
5.4060E+01
5.4047E+01
5.4035E+01
5.4024E+01
5.4014E+01
5.4006E+01
5.3998E+01
5.3990E+01
5.3984E+01
5.3978E+01
5.3972E+01
5.3967E+01
5.3962E+01
5.3959E+01
5.3956E+01
5.3954E+01
5.3952E+01
5.3949E+01
5.3944E+01
5.3938E+01
5.3930E+01
5.3921E+01
5.3911E+01
5.3901E+01
5.3892E+01
5.3884E+01
5.3878E+01
5.3873E+01
5.3869E+01
5.3867E+01
5.3865E+01
5.3863E+01
5.3862E+01
5.3860E+01
5.3859E+01
5.3857E+01
5.3854E+01
5.3851E+01
5.3848E+01
5.3845E+01
5.3840E+01
5.3834E+01
5.3827E+01
5.3818E+01
5.3808E+01
5.3798E+01
5.3788E+01
5.3779E+01
5.3770E+01
5.3760E+01
5.3750E+01
5.3738E+01
5.3726E+01
5.3713E+01
5.3699E+01
5.3683E+01
5.3665E+01
5.3647E+01
5.3627E+01
5.3606E+01
5.3582E+01
5.3558E+01
5.3533E+01
5.3506E+01
5.3479E+01
5.3450E+01
5.3421E+01
5.3392E+01
5.3363E+01
5.3332E+01
5.3301E+01
5.3270E+01
5.3237E+01
5.3204E+01
5.3169E+01
5.3133E+01
5.3096E+01
5.3059E+01
5.3021E+01
5.2984E+01
5.2947E+01
5.2910E+01
5.2873E+01
5.2835E+01
5.2797E+01
5.2761E+01
5.2725E+01
5.2690E+01
5.2655E+01
5.2620E+01
5.2585E+01
5.2552E+01
5.2519E+01
5.2488E+01
5.2459E+01
5.2432E+01
5.2407E+01
5.2384E+01
5.2362E+01
5.2341E+01
5.2322E+01
5.2305E+01
5.2290E+01
5.2276E+01
5.2264E+01
5.2252E+01
5.2241E+01
5.2230E+01
5.2219E+01
5.2208E+01
5.2197E+01
5.2186E+01
5.2176E+01
5.2165E+01
5.2156E+01
5.2146E+01
5.2137E+01
5.2129E+01
5.2121E+01
5.2115E+01
5.2112E+01
5.2110E+01
5.2110E+01
5.2111E+01
5.2114E+01
5.2119E+01
5.2127E+01
5.2136E+01
5.2146E+01
5.2157E+01
5.2169E+01
5.2180E+01
5.2192E+01
5.2205E+01
5.2217E+01
5.2231E+01
5.2246E+01
5.2263E+01
5.2282E+01
5.2303E+01
5.2326E+01
5.2350E+01
5.2375E+01
5.2401E+01
5.2429E+01
5.2456E+01
5.2484E+01
5.2512E+01
5.2539E+01
5.2566E+01
5.2594E+01
5.2624E+01
5.2655E+01
5.2687E+01
5.2720E+01
5.2753E+01
5.2786E+01
5.2819E+01
5.2853E+01
5.2887E+01
5.2921E+01
5.2957E+01
5.2993E+01
5.3029E+01
5.3066E+01
5.3103E+01
5.3140E+01
5.3176E+01
5.3212E+01
5.3248E+01
5.3285E+01
5.3321E+01
5.3358E+01
5.3395E+01
5.3432E+01
5.3469E+01
5.3506E+01
5.3544E+01
5.3581E+01
5.3619E+01
5.3656E+01
5.3694E+01
5.3731E+01
5.3767E+01
5.3803E+01
5.3838E+01
5.3873E+01
5.3907E+01
5.3940E+01
5.3972E+01
5.4004E+01
5.4035E+01
5.4065E+01
5.4095E+01
5.4124E+01
5.4153E+01
5.4181E+01
5.4209E+01
5.4238E+01
5.4267E+01
5.4297E+01
5.4326E+01
5.4354E+01
5.4381E+01
5.4408E+01
5.4434E+01
5.4459E+01
5.4483E+01
5.4504E+01
5.4524E+01
5.4542E+01
5.4559E+01
5.4576E+01
5.4591E+01
5.4607E+01
5.4622E+01
5.4637E+01
5.4651E+01
5.4666E+01
5.4682E+01
5.4699E+01
5.4717E+01
5.4736E+01
5.4755E+01
5.4773E+01
5.4791E+01
5.4809E+01
5.4826E+01
5.4842E+01
5.4856E+01
5.4871E+01
5.4886E+01
5.4901E+01
5.4917E+01
5.4933E+01
5.4949E+01
5.4965E+01
5.4981E+01
5.4996E+01
5.5013E+01
5.5030E+01
5.5046E+01
5.5060E+01
5.5072E+01
5.5082E+01
5.5091E+01
5.5099E+01
5.5106E+01
5.5112E+01
5.5119E+01
5.5125E+01
5.5132E+01
5.5138E+01
5.5145E+01
5.5150E+01
5.5156E+01
5.5162E+01
5.5166E+01
5.5169E+01
5.5171E+01
5.5171E+01
5.5169E+01
5.5167E+01
5.5165E+01
5.5162E+01
5.5161E+01
5.5160E+01
5.5159E+01
5.5160E+01
5.5161E+01
5.5162E+01
5.5162E+01
5.5161E+01
5.5160E+01
5.5158E+01
5.5157E+01
5.5156E+01
5.5156E+01
5.5157E+01
5.5159E+01
5.5161E+01
5.5165E+01
5.5170E+01
5.5175E+01
5.5181E+01
5.5185E+01
5.5189E+01
5.5193E+01
5.5198E+01
5.5205E+01
5.5212E+01
5.5220E+01
5.5228E+01
5.5236E+01
5.5245E+01
5.5254E+01
5.5264E+01
5.5275E+01
5.5287E+01
5.5300E+01
5.5313E+01
5.5327E+01
5.5341E+01
5.5354E+01
5.5369E+01
5.5383E+01
5.5399E+01
5.5414E+01
5.5431E+01
5.5448E+01
5.5467E+01
5.5486E+01
5.5505E+01
5.5524E+01
5.5545E+01
5.5567E+01
5.5591E+01
5.5616E+01
5.5641E+01
5.5667E+01
5.5692E+01
5.5717E+01
5.5742E+01
5.5765E+01
5.5789E+01
5.5813E+01
5.5838E+01
5.5862E+01
5.5886E+01
5.5910E+01
5.5935E+01
5.5960E+01
5.5985E+01
5.6011E+01
5.6036E+01
5.6062E+01
5.6088E+01
5.6113E+01
5.6139E+01
5.6164E+01
5.6189E+01
5.6213E+01
5.6237E+01
5.6261E+01
5.6285E+01
5.6309E+01
5.6333E+01
5.6357E+01
5.6381E+01
5.6405E+01
5.6428E+01
5.6451E+01
5.6473E+01
5.6494E+01
5.6516E+01
5.6537E+01
5.6560E+01
5.6582E+01
5.6604E+01
5.6626E+01
5.6647E+01
5.6668E+01
5.6687E+01
5.6704E+01
5.6721E+01
5.6736E+01
5.6751E+01
5.6766E+01
5.6782E+01
5.6797E+01
5.6813E+01
5.6830E+01
5.6847E+01
5.6865E+01
5.6883E+01
5.6901E+01
5.6918E+01
5.6934E+01
5.6950E+01
5.6963E+01
5.6976E+01
5.6988E+01
5.7000E+01
5.7012E+01
5.7024E+01
5.7038E+01
5.7053E+01
5.7070E+01
5.7087E+01
5.7105E+01
5.7123E+01
5.7140E+01
5.7158E+01
5.7175E+01
5.7193E+01
5.7210E+01
5.7226E+01
5.7240E+01
5.7252E+01
5.7263E+01
5.7273E+01
5.7283E+01
5.7291E+01
5.7299E+01
5.7305E+01
5.7311E+01
5.7315E+01
5.7320E+01
5.7324E+01
5.7327E+01
5.7328E+01
5.7328E+01
5.7327E+01
5.7325E+01
5.7322E+01
5.7319E+01
5.7317E+01
5.7314E+01
5.7311E+01
5.7310E+01
5.7308E+01
5.7308E+01
5.7307E+01
5.7305E+01
5.7304E+01
5.7303E+01
5.7300E+01
5.7297E+01
5.7293E+01
5.7287E+01
5.7281E+01
5.7272E+01
5.7263E+01
5.7252E+01
5.7240E+01
5.7227E+01
5.7212E+01
5.7197E+01
5.7182E+01
5.7168E+01
5.7154E+01
5.7140E+01
5.7127E+01
5.7115E+01
5.7103E+01
5.7091E+01
5.7080E+01
5.7070E+01
5.7061E+01
5.7053E+01
5.7044E+01
5.7036E+01
5.7027E+01
5.7019E+01
5.7012E+01
5.7005E+01
5.7001E+01
5.6998E+01
5.6997E+01
5.6998E+01
5.7001E+01
5.7005E+01
5.7010E+01
5.7014E+01
5.7018E+01
5.7021E+01
5.7024E+01
5.7025E+01
5.7025E+01
5.7023E+01
5.7019E+01
5.7013E+01
5.7005E+01
5.6996E+01
5.6986E+01
5.6975E+01
5.6963E+01
5.6950E+01
5.6937E+01
5.6924E+01
5.6912E+01
5.6902E+01
5.6894E+01
5.6888E+01
5.6881E+01
5.6874E+01
5.6866E+01
5.6858E+01
5.6848E+01
5.6838E+01
5.6828E+01
5.6818E+01
5.6809E+01
5.6801E+01
5.6794E+01
5.6788E+01
5.6782E+01
5.6777E+01
5.6771E+01
5.6765E+01
5.6760E+01
5.6755E+01
5.6750E+01
5.6745E+01
5.6740E+01
5.6735E+01
5.6730E+01
5.6724E+01
5.6718E+01
5.6711E+01
5.6704E+01
5.6697E+01
5.6691E+01
5.6684E+01
5.6677E+01
5.6670E+01
5.6662E+01
5.6656E+01
5.6651E+01
5.6646E+01
5.6642E+01
5.6638E+01
5.6635E+01
5.6634E+01
5.6635E+01
5.6638E+01
5.6641E+01
5.6646E+01
5.6651E+01
5.6658E+01
5.6665E+01
5.6673E+01
5.6680E+01
5.6687E+01
5.6693E+01
5.6701E+01
5.6710E+01
5.6719E+01
5.6728E+01
5.6738E+01
5.6749E+01
5.6761E+01
5.6775E+01
5.6788E+01
5.6803E+01
5.6817E+01
5.6831E+01
5.6845E+01
5.6858E+01
5.6872E+01
5.6886E+01
5.6899E+01
5.6911E+01
5.6923E+01
5.6934E+01
5.6945E+01
5.6956E+01
5.6967E+01
5.6978E+01
5.6990E+01
5.7003E+01
5.7017E+01
5.7031E+01
5.7045E+01
5.7058E+01
5.7070E+01
5.7082E+01
5.7094E+01
5.7107E+01
5.7120E+01
5.7133E+01
5.7146E+01
5.7157E+01
5.7169E+01
5.7181E+01
5.7193E+01
5.7205E+01
5.7216E+01
5.7225E+01
5.7235E+01
5.7246E+01
5.7258E+01
5.7272E+01
5.7286E+01
5.7300E+01
5.7316E+01
5.7334E+01
5.7350E+01
5.7365E+01
5.7378E+01
5.7390E+01
5.7399E+01
5.7408E+01
5.7414E+01
5.7418E+01
5.7421E+01
5.7423E+01
5.7427E+01
5.7430E+01
5.7434E+01
5.7436E+01
5.7438E+01
5.7440E+01
5.7441E+01
5.7441E+01
5.7441E+01
5.7440E+01
5.7439E+01
5.7439E+01
5.7438E+01
5.7438E+01
5.7437E+01
5.7436E+01
5.7435E+01
5.7433E+01
5.7432E+01
5.7431E+01
5.7429E+01
5.7427E+01
5.7423E+01
5.7419E+01
5.7414E+01
5.7409E+01
5.7404E+01
5.7398E+01
5.7392E+01
5.7385E+01
5.7377E+01
5.7369E+01
5.7360E+01
5.7350E+01
5.7339E+01
5.7326E+01
5.7314E+01
5.7300E+01
5.7287E+01
5.7274E+01
5.7260E+01
5.7246E+01
5.7232E+01
5.7217E+01
5.7203E+01
5.7189E+01
5.7177E+01
5.7166E+01
5.7155E+01
5.7146E+01
5.7137E+01
5.7130E+01
5.7122E+01
5.7114E+01
5.7106E+01
5.7097E+01
5.7089E+01
5.7080E+01
5.7071E+01
5.7063E+01
5.7055E+01
5.7048E+01
5.7040E+01
5.7033E+01
5.7026E+01
5.7019E+01
5.7013E+01
5.7008E+01
5.7002E+01
5.6996E+01
5.6991E+01
5.6986E+01
5.6980E+01
5.6974E+01
5.6969E+01
5.6963E+01
5.6959E+01
5.6953E+01
5.6947E+01
5.6938E+01
5.6930E+01
5.6920E+01
5.6910E+01
5.6900E+01
5.6888E+01
5.6876E+01
5.6864E+01
5.6852E+01
5.6840E+01
5.6829E+01
5.6818E+01
5.6808E+01
5.6796E+01
5.6783E+01
5.6770E+01
5.6756E+01
5.6743E+01
5.6729E+01
5.6714E+01
5.6700E+01
5.6685E+01
5.6670E+01
5.6655E+01
5.6639E+01
5.6622E+01
5.6604E+01
5.6585E+01
5.6565E+01
5.6545E+01
5.6523E+01
5.6499E+01
5.6474E+01
5.6449E+01
5.6424E+01
5.6399E+01
5.6375E+01
5.6352E+01
5.6329E+01
5.6306E+01
5.6282E+01
5.6258E+01
5.6232E+01
5.6206E+01
5.6179E+01
5.6153E+01
5.6127E+01
5.6101E+01
5.6076E+01
5.6052E+01
5.6028E+01
5.6005E+01
5.5983E+01
5.5959E+01
5.5935E+01
5.5909E+01
5.5883E+01
5.5858E+01
5.5832E+01
5.5807E+01
5.5782E+01
5.5759E+01
5.5736E+01
5.5714E+01
5.5692E+01
5.5670E+01
5.5650E+01
5.5633E+01
5.5616E+01
5.5599E+01
5.5582E+01
5.5564E+01
5.5545E+01
5.5525E+01
5.5504E+01
5.5481E+01
5.5456E+01
5.5429E+01
5.5400E+01
5.5368E+01
5.5335E+01
5.5303E+01
5.5271E+01
5.5240E+01
5.5210E+01
5.5181E+01
5.5151E+01
5.5123E+01
5.5094E+01
5.5065E+01
5.5035E+01
5.5004E+01
5.4971E+01
5.4937E+01
5.4903E+01
5.4869E+01
5.4835E+01
5.4800E+01
5.4767E+01
5.4734E+01
5.4703E+01
5.4675E+01
5.4648E+01
5.4623E+01
5.4599E+01
5.4575E+01
5.4551E+01
5.4528E+01
5.4504E+01
5.4479E+01
5.4454E+01
5.4429E+01
5.4403E+01
5.4378E+01
5.4354E+01
5.4329E+01
5.4306E+01
5.4283E+01
5.4260E+01
5.4239E+01
5.4218E+01
5.4196E+01
5.4174E+01
5.4153E+01
5.4133E+01
5.4116E+01
5.4099E+01
5.4081E+01
5.4064E+01
5.4046E+01
5.4029E+01
5.4013E+01
5.3995E+01
5.3977E+01
5.3958E+01
5.3938E+01
5.3919E+01
5.3901E+01
5.3883E+01
5.3867E+01
5.3849E+01
5.3832E+01
5.3816E+01
5.3802E+01
5.3789E+01
5.3778E+01
5.3769E+01
5.3760E+01
5.3751E+01
5.3741E+01
5.3732E+01
5.3723E+01
5.3715E+01
5.3707E+01
5.3699E+01
5.3692E+01
5.3687E+01
5.3682E+01
5.3677E+01
5.3674E+01
5.3671E+01
5.3670E+01
5.3670E+01
5.3670E+01
5.3668E+01
5.3666E+01
5.3663E+01
5.3660E+01
5.3656E+01
5.3652E+01
5.3648E+01
5.3645E+01
5.3642E+01
5.3639E+01
5.3634E+01
5.3629E+01
5.3623E+01
5.3616E+01
5.3609E+01
5.3602E+01
5.3596E+01
5.3589E+01
5.3582E+01
5.3576E+01
5.3572E+01
5.3569E+01
5.3566E+01
5.3563E+01
5.3561E+01
5.3558E+01
5.3556E+01
5.3553E+01
5.3549E+01
5.3546E+01
5.3542E+01
5.3540E+01
5.3538E+01
5.3538E+01
5.3540E+01
5.3544E+01
5.3550E+01
5.3556E+01
5.3563E+01
5.3570E+01
5.3576E+01
5.3582E+01
5.3588E+01
5.3594E+01
5.3600E+01
5.3606E+01
5.3612E+01
5.3617E+01
5.3624E+01
5.3633E+01
5.3641E+01
5.3649E+01
5.3656E+01
5.3661E+01
5.3665E+01
5.3670E+01
5.3676E+01
5.3682E+01
5.3687E+01
5.3690E+01
5.3692E+01
5.3694E+01
5.3694E+01
5.3694E+01
5.3692E+01
5.3690E+01
5.3688E+01
5.3685E+01
5.3682E+01
5.3680E+01
5.3679E+01
5.3680E+01
5.3681E+01
5.3682E+01
5.3682E+01
5.3681E+01
5.3681E+01
5.3680E+01
5.3679E+01
5.3678E+01
5.3678E+01
5.3679E+01
5.3682E+01
5.3686E+01
5.3691E+01
5.3697E+01
5.3702E+01
5.3707E+01
5.3711E+01
5.3714E+01
5.3717E+01
5.3721E+01
5.3725E+01
5.3729E+01
5.3734E+01
5.3740E+01
5.3745E+01
5.3751E+01
5.3757E+01
5.3763E+01
5.3769E+01
5.3776E+01
5.3782E+01
5.3787E+01
5.3792E+01
5.3797E+01
5.3803E+01
5.3808E+01
5.3813E+01
5.3818E+01
5.3822E+01
5.3827E+01
5.3832E+01
5.3837E+01
5.3844E+01
5.3854E+01
5.3866E+01
5.3878E+01
5.3892E+01
5.3907E+01
5.3922E+01
5.3936E+01
5.3951E+01
5.3964E+01
5.3978E+01
5.3990E+01
5.4003E+01
5.4016E+01
5.4030E+01
5.4044E+01
5.4060E+01
5.4075E+01
5.4090E+01
5.4104E+01
5.4119E+01
5.4134E+01
5.4149E+01
5.4164E+01
5.4179E+01
5.4195E+01
5.4210E+01
5.4227E+01
5.4245E+01
5.4263E+01
5.4282E+01
5.4300E+01
5.4319E+01
5.4338E+01
5.4357E+01
5.4375E+01
5.4394E+01
5.4411E+01
5.4428E+01
5.4445E+01
5.4463E+01
5.4483E+01
5.4506E+01
5.4529E+01
5.4553E+01
5.4576E+01
5.4600E+01
5.4623E+01
5.4647E+01
5.4670E+01
5.4695E+01
5.4719E+01
5.4744E+01
5.4769E+01
5.4795E+01
5.4822E+01
5.4848E+01
5.4875E+01
5.4900E+01
5.4924E+01
5.4947E+01
5.4969E+01
5.4991E+01
5.5012E+01
5.5032E+01
5.5052E+01
5.5071E+01
5.5090E+01
5.5109E+01
5.5128E+01
5.5149E+01
5.5171E+01
5.5194E+01
5.5216E+01
5.5237E+01
5.5257E+01
5.5275E+01
5.5292E+01
5.5306E+01
5.5320E+01
5.5333E+01
5.5347E+01
5.5360E+01
5.5373E+01
5.5385E+01
5.5397E+01
5.5410E+01
5.5423E+01
5.5438E+01
5.5452E+01
5.5465E+01
5.5478E+01
5.5489E+01
5.5501E+01
5.5513E+01
5.5524E+01
5.5535E+01
5.5545E+01
5.5555E+01
5.5564E+01
5.5574E+01
5.5583E+01
5.5593E+01
5.5602E+01
5.5612E+01
5.5620E+01
5.5628E+01
5.5636E+01
5.5643E+01
5.5650E+01
5.5657E+01
5.5663E+01
5.5669E+01
5.5673E+01
5.5677E+01
5.5679E+01
5.5680E+01
5.5679E+01
5.5678E+01
5.5677E+01
5.5677E+01
5.5677E+01
5.5678E+01
5.5678E+01
5.5679E+01
5.5681E+01
5.5682E+01
5.5684E+01
5.5687E+01
5.5689E+01
5.5691E+01
5.5693E+01
5.5695E+01
5.5696E+01
5.5697E+01
5.5696E+01
5.5695E+01
5.5695E+01
5.5695E+01
5.5696E+01
5.5700E+01
5.5705E+01
5.5712E+01
5.5720E+01
5.5729E+01
5.5739E+01
5.5749E+01
5.5760E+01
5.5771E+01
5.5782E+01
5.5791E+01
5.5800E+01
5.5807E+01
5.5813E+01
5.5819E+01
5.5825E+01
5.5831E+01
5.5838E+01
5.5843E+01
5.5848E+01
5.5852E+01
5.5857E+01
5.5861E+01
5.5866E+01
5.5871E+01
5.5876E+01
5.5882E+01
5.5887E+01
5.5893E+01
5.5898E+01
5.5903E+01
5.5908E+01
5.5914E+01
5.5921E+01
5.5929E+01
5.5937E+01
5.5943E+01
5.5950E+01
5.5956E+01
5.5963E+01
5.5969E+01
5.5976E+01
5.5983E+01
5.5991E+01
5.6001E+01
5.6011E+01
5.6022E+01
5.6033E+01
5.6043E+01
5.6051E+01
5.6058E+01
5.6063E+01
5.6067E+01
5.6069E+01
5.6071E+01
5.6073E+01
5.6076E+01
5.6080E+01
5.6086E+01
5.6092E+01
5.6099E+01
5.6106E+01
5.6114E+01
5.6121E+01
5.6128E+01
5.6135E+01
5.6141E+01
5.6145E+01
5.6148E+01
5.6151E+01
5.6153E+01
5.6157E+01
5.6159E+01
5.6161E+01
5.6162E+01
5.6161E+01
5.6160E+01
5.6157E+01
5.6155E+01
5.6152E+01
5.6151E+01
5.6151E+01
5.6151E+01
5.6152E+01
5.6154E+01
5.6156E+01
5.6159E+01
5.6162E+01
5.6166E+01
5.6170E+01
5.6175E+01
5.6179E+01
5.6182E+01
5.6183E+01
5.6182E+01
5.6180E+01
5.6177E+01
5.6173E+01
5.6168E+01
5.6162E+01
5.6157E+01
5.6151E+01
5.6145E+01
5.6139E+01
5.6134E+01
5.6130E+01
5.6127E+01
5.6123E+01
5.6118E+01
5.6113E+01
5.6108E+01
5.6103E+01
5.6098E+01
5.6093E+01
5.6089E+01
5.6085E+01
5.6083E+01
5.6081E+01
5.6079E+01
5.6076E+01
5.6071E+01
5.6065E+01
5.6058E+01
5.6050E+01
5.6042E+01
5.6032E+01
5.6022E+01
5.6011E+01
5.6000E+01
5.5988E+01
5.5976E+01
5.5964E+01
5.5952E+01
5.5940E+01
5.5927E+01
5.5913E+01
5.5898E+01
5.5882E+01
5.5867E+01
5.5852E+01
5.5837E+01
5.5823E+01
5.5809E+01
5.5794E+01
5.5780E+01
5.5765E+01
5.5751E+01
5.5736E+01
5.5720E+01
5.5704E+01
5.5688E+01
5.5671E+01
5.5654E+01
5.5637E+01
5.5619E+01
5.5602E+01
5.5586E+01
5.5572E+01
5.5558E+01
5.5545E+01
5.5532E+01
5.5518E+01
5.5506E+01
5.5494E+01
5.5483E+01
5.5472E+01
5.5460E+01
5.5449E+01
5.5438E+01
5.5427E+01
5.5416E+01
5.5405E+01
5.5393E+01
5.5380E+01
5.5367E+01
5.5355E+01
5.5343E+01
5.5334E+01
5.5326E+01
5.5320E+01
5.5314E+01
5.5309E+01
5.5305E+01
5.5301E+01
5.5298E+01
5.5296E+01
5.5292E+01
5.5288E+01
5.5284E+01
5.5280E+01
5.5275E+01
5.5271E+01
5.5267E+01
5.5263E+01
5.5259E+01
5.5256E+01
5.5252E+01
5.5249E+01
5.5245E+01
5.5242E+01
5.5239E+01
5.5235E+01
5.5231E+01
5.5225E+01
5.5220E+01
5.5213E+01
5.5206E+01
5.5199E+01
5.5192E+01
5.5185E+01
5.5178E+01
5.5170E+01
5.5162E+01
5.5153E+01
5.5143E+01
5.5132E+01
5.5120E+01
5.5107E+01
5.5093E+01
5.5079E+01
5.5066E+01
5.5053E+01
5.5040E+01
5.5027E+01
5.5013E+01
5.4999E+01
5.4986E+01
5.4974E+01
5.4962E+01
5.4950E+01
5.4938E+01
5.4926E+01
5.4914E+01
5.4903E+01
5.4891E+01
5.4880E+01
5.4869E+01
5.4858E+01
5.4848E+01
5.4839E+01
5.4828E+01
5.4817E+01
5.4806E+01
5.4795E+01
5.4784E+01
5.4774E+01
5.4764E+01
5.4754E+01
5.4743E+01
5.4733E+01
5.4723E+01
5.4713E+01
5.4702E+01
5.4692E+01
5.4682E+01
5.4674E+01
5.4665E+01
5.4656E+01
5.4648E+01
5.4639E+01
5.4631E+01
5.4624E+01
5.4618E+01
5.4613E+01
5.4609E+01
5.4604E+01
5.4599E+01
5.4594E+01
5.4588E+01
5.4581E+01
5.4574E+01
5.4567E+01
5.4559E+01
5.4551E+01
5.4544E+01
5.4537E+01
5.4530E+01
5.4523E+01
5.4514E+01
5.4506E+01
5.4497E+01
5.4488E+01
5.4479E+01
5.4469E+01
5.4459E+01
5.4450E+01
5.4440E+01
5.4431E+01
5.4421E+01
5.4410E+01
5.4400E+01
5.4390E+01
5.4380E+01
5.4371E+01
5.4362E+01
5.4354E+01
5.4345E+01
5.4337E+01
5.4330E+01
5.4322E+01
5.4315E+01
5.4309E+01
5.4303E+01
5.4297E+01
5.4292E+01
5.4287E+01
5.4282E+01
5.4277E+01