7.0010E+03
1.0000E-02
0.0000E+00
-2.6107E-04
-2.7471E-05
-2.6203E-04
-2.0931E-05
-2.6292E-04
-2.0969E-05
-2.6231E-04
-2.7106E-05
-2.6673E-04
-1.6743E-05
-2.7496E-04
-2.0686E-05
-2.5955E-04
-2.3719E-05
-2.6722E-04
-1.1986E-05
-2.6989E-04
-1.9316E-05
-2.6309E-04
-1.8293E-05
-2.6709E-04
-1.7890E-05
-2.7217E-04
-1.7572E-05
-2.5853E-04
-2.2607E-05
-2.7645E-04
-1.1892E-05
-2.6335E-04
-2.5696E-05
-2.6762E-04
-1.3270E-05
-2.6901E-04
-1.5571E-05
-2.6862E-04
-1.8488E-05
-2.6968E-04
-7.2712E-06
-2.6811E-04
-2.1853E-05
-2.7110E-04
-9.0300E-06
-2.6811E-04
-1.2931E-05
-2.7294E-04
-1.5056E-05
-2.6501E-04
-1.3847E-05
-2.7568E-04
-1.1232E-05
-2.6845E-04
-1.8341E-05
-2.7558E-04
-1.2892E-05
-2.6687E-04
-1.0310E-05
-2.7536E-04
-1.6308E-05
-2.7422E-04
-4.6504E-06
-2.8074E-04
-1.3103E-05
-2.7638E-04
-5.7500E-06
-2.7766E-04
-1.3704E-05
-2.7042E-04
-8.2023E-08
-2.8735E-04
-1.2084E-05
-2.7286E-04
-1.1139E-05
-2.7653E-04
-8.9843E-06
-2.7960E-04
-1.0782E-05
-2.6954E-04
-1.2906E-05
-2.8143E-04
-5.0382E-06
-2.7404E-04
-9.9705E-06
-2.7718E-04
-1.3072E-05
-2.7981E-04
-4.1245E-06
-2.8057E-04
-6.0447E-06
-2.7066E-04
-8.9459E-06
-2.9128E-04
6.6752E-06
-2.8086E-04
-1.6082E-05
-2.8063E-04
4.4894E-06
-2.8863E-04
-7.7584E-06
-2.7888E-04
-2.3098E-06
-2.8925E-04
4.3819E-06
-2.8446E-04
-6.6221E-06
-2.7875E-04
6.3161E-06
-2.9826E-04
-2.0795E-06
-2.6944E-04
-5.0648E-06
-2.9674E-04
3.6542E-06
-2.8677E-04
4.3048E-07
-2.8254E-04
3.9379E-06
-2.9367E-04
2.1985E-06
-2.8461E-04
2.0313E-06
-2.9269E-04
7.9548E-06
-2.8689E-04
-1.1247E-06
-2.8776E-04
3.3559E-06
-2.9496E-04
8.2103E-06
-2.8310E-04
-5.2037E-06
-2.8413E-04
6.8166E-06
-3.0008E-04
7.3805E-06
-2.8986E-04
1.2064E-05
-2.9348E-04
3.2097E-06
-2.9419E-04
4.3645E-06
-2.9206E-04
1.7798E-05
-2.9390E-04
5.2261E-06
-2.9399E-04
8.3773E-06
-3.0006E-04
1.5616E-05
-2.8933E-04
9.3674E-06
-3.0243E-04
1.1067E-05
-2.9966E-04
7.4069E-06
-2.9194E-04
1.4851E-05
-2.9740E-04
1.3660E-05
-2.9304E-04
9.7562E-06
-3.0405E-04
1.9080E-05
-2.9417E-04
5.9817E-06
-2.9969E-04
2.2200E-05
-3.0429E-04
5.9901E-06
-2.9045E-04
2.2016E-05
-3.0964E-04
1.8988E-05
-2.9382E-04
7.2569E-06
-3.0322E-04
2.4965E-05
-3.0083E-04
1.8208E-05
-3.0095E-04
1.8859E-05
-3.0236E-04
2.2867E-05
-3.0863E-04
1.5808E-05
-3.0133E-04
3.7364E-05
-2.9634E-04
3.7451E-05
-2.8269E-04
5.3123E-05
-2.8389E-04
2.9622E-05
-3.0646E-04
4.0713E-05
-2.5986E-04
7.8335E-05
-2.8761E-04
2.7055E-05
-3.2497E-04
2.4805E-05
-2.8902E-04
5.4225E-05
-3.0166E-04
3.3922E-05
-2.9769E-04
7.4329E-05
-2.2765E-04
5.4788E-05
-3.8334E-04
-1.7036E-05
-2.3497E-04
2.2246E-04
-1.6358E-04
5.3886E-05
-2.4749E-04
2.5363E-04
-2.2365E-05
1.8869E-04
-1.7706E-04
3.2840E-04
6.2763E-05
3.5622E-04
2.4681E-06
4.4955E-04
3.4924E-04
8.6705E-04
4.1915E-04
6.4482E-04
4.4981E-05
1.0894E-04
-3.6852E-04
-1.1409E-04
-4.1946E-04
-1.4415E-06
-5.0852E-04
3.7225E-05
-1.3327E-04
-1.2243E-04
-1.4024E-03
-1.0868E-03
-7.5198E-04
-2.2676E-04
-7.2302E-04
9.8998E-04
2.1534E-03
1.4537E-03
-1.3580E-03
-1.0353E-03
1.2371E-03
2.3311E-03
-1.0290E-03
-2.1776E-03
9.8483E-04
2.1123E-03
3.0950E-06
-1.6834E-03
-1.4532E-03
1.0128E-03
-4.9528E-04
-1.4484E-03
-6.4639E-04
5.1455E-04
-2.6515E-03
-3.9040E-03
-1.1205E-03
2.0378E-03
-1.3828E-04
-2.6020E-03
-2.7432E-03
-7.9041E-04
-1.2132E-03
-2.7639E-04
1.0343E-03
-5.5018E-04
-3.4820E-03
5.1396E-04
2.7949E-03
1.1557E-03
-5.0281E-03
-3.8710E-03
1.6307E-03
1.5463E-03
-3.0601E-03
-3.3567E-03
8.9936E-05
2.5131E-03
-1.9196E-04
1.8058E-03
1.3527E-03
-1.7537E-03
-2.7355E-03
-2.8721E-03
-5.0908E-03
-5.0340E-03
-1.8978E-04
1.5973E-03
-9.1460E-04
1.8719E-03
1.5387E-03
-1.9151E-03
-1.0736E-03
3.8353E-03
5.7222E-04
-4.6239E-03
2.6892E-03
5.7583E-03
-1.8978E-03
-4.1105E-03
6.1659E-04
4.9515E-03
-4.1930E-04
-5.8080E-03
-5.4347E-03
2.2734E-04
5.4288E-03
6.4544E-03
-1.8368E-03
-5.4394E-03
1.1190E-03
7.9912E-03
2.2471E-03
-4.4031E-03
-5.8088E-03
-1.7069E-03
5.1940E-03
5.8042E-03
-6.8594E-03
-1.2776E-02
-7.5055E-03
2.6832E-03
1.1938E-02
1.7539E-02
8.4994E-03
-7.9795E-03
-1.8801E-02
-1.4286E-02
-7.0001E-03
4.3494E-03
1.8758E-02
9.2694E-03
-8.2157E-03
2.2341E-03
1.6226E-02
8.8494E-03
-7.7509E-03
-7.4445E-03
3.7854E-03
1.2484E-02
1.0729E-02
1.3690E-03
-7.6895E-03
-1.9135E-02
-2.8199E-02
-1.2781E-02
1.1030E-02
1.5204E-02
-9.8562E-04
-9.6565E-03
-3.8991E-03
3.5324E-03
7.6232E-03
9.7914E-03
5.5695E-03
4.3174E-03
9.5825E-03
1.5668E-02
3.2271E-03
-1.3816E-02
-8.9890E-03
6.4995E-03
-4.1067E-05
-1.4583E-02
-1.2422E-02
-3.2301E-03
3.4601E-04
-1.8137E-04
4.2999E-03
7.3715E-03
4.0404E-03
1.2514E-03
4.3602E-03
1.0010E-02
6.8269E-03
1.7391E-03
1.1406E-03
2.2395E-03
8.2295E-04
-3.0050E-03
-7.8291E-03
-8.3643E-03
-5.7966E-03
-6.6419E-03
-9.9246E-03
-6.0908E-03
-8.0016E-03
-8.4892E-05
5.8741E-03
-1.2194E-03
-8.2829E-03
6.3104E-03
1.5307E-02
3.0321E-03
-2.2865E-02
-3.7376E-02
-2.8565E-02
-6.1546E-03
9.4893E-03
4.5813E-03
-3.9978E-03
8.1447E-03
1.9948E-02
1.0295E-02
-4.8445E-03
8.1260E-03
2.5463E-02
2.2046E-02
2.4051E-03
-1.8680E-02
-2.0990E-02
-5.7878E-04
2.0088E-03
-9.3972E-03
-2.4687E-02
-1.2800E-02
3.3352E-03
1.0660E-02
2.7019E-03
-6.3506E-03
1.0127E-02
2.4378E-02
1.5050E-02
7.0688E-03
-4.4487E-04
-8.0948E-03
-1.4908E-02
-2.8355E-02
-2.3379E-02
-2.7979E-02
-2.3424E-02
-3.6215E-03
-2.0124E-03
1.3257E-02
2.1867E-02
6.1420E-03
-3.7438E-03
-2.7760E-02
-3.1657E-02
1.7395E-02
3.8217E-02
-2.2767E-02
-1.1119E-01
-1.1576E-01
-2.3389E-02
7.6681E-02
5.7153E-02
1.2528E-04
2.2297E-02
7.8904E-02
7.9553E-02
1.7402E-02
-3.2769E-02
-2.3978E-02
-3.4485E-02
-9.7692E-02
-1.0293E-01
-2.2085E-03
5.0970E-02
2.2195E-02
-2.4388E-02
-1.5206E-02
-8.5702E-03
-7.5872E-04
4.2935E-02
8.4849E-02
8.8917E-02
5.5052E-02
-2.3234E-02
-4.0296E-02
-3.2768E-03
-5.7149E-03
-6.1408E-02
-7.2362E-02
-4.6245E-02
-1.6458E-02
1.8998E-02
6.7045E-02
9.2942E-02
3.2560E-02
-6.1838E-02
-1.3345E-01
-1.0705E-01
1.8004E-02
8.2217E-02
5.1123E-02
3.7912E-02
6.1219E-02
3.4072E-02
-2.0804E-02
-4.1135E-02
-4.8176E-02
-3.6212E-02
2.8743E-02
1.0414E-01
1.3436E-01
9.2987E-02
-7.9038E-03
-7.8537E-02
-1.4411E-01
-1.7034E-01
-7.1096E-02
9.8767E-02
1.6684E-01
1.2357E-01
8.7882E-02
8.0872E-02
2.7793E-02
-9.6980E-02
-1.7853E-01
-7.3522E-02
9.1581E-02
1.4193E-01
6.6445E-02
-7.6098E-02
-1.2846E-01
-5.4815E-02
1.4016E-02
6.5135E-04
-3.8745E-02
-3.2348E-02
3.5684E-02
1.0557E-01
8.5057E-02
-4.6584E-02
-8.4402E-02
-1.1825E-03
2.7988E-02
-5.0030E-02
-5.8235E-02
4.4720E-02
7.0897E-02
-1.2706E-02
-9.6201E-02
-5.6173E-02
2.8016E-02
6.2064E-02
4.9629E-02
5.2384E-02
2.0825E-02
-6.8155E-02
-1.0513E-01
-6.4897E-02
5.1396E-02
1.4983E-01
1.2280E-01
-2.1833E-02
-1.3219E-01
-1.6932E-01
-1.7060E-01
-1.1415E-01
-3.5448E-02
9.4110E-03
-3.4643E-02
-6.7154E-02
3.7503E-03
5.3600E-02
1.9019E-03
-8.4846E-02
-9.4327E-02
-4.0715E-02
4.2963E-02
9.3388E-02
2.6124E-02
-8.8312E-02
-1.2253E-01
-6.1814E-02
1.4395E-02
8.2421E-02
4.7934E-02
-1.3987E-02
2.7611E-02
6.0860E-02
-5.2975E-03
-8.9335E-02
-1.1855E-01
-8.2675E-02
2.7810E-02
1.1449E-01
1.5082E-01
1.1014E-01
5.0690E-02
7.2836E-02
7.2299E-02
3.8228E-02
3.2576E-02
7.3570E-02
1.2321E-01
8.0568E-02
-2.3426E-03
-2.4601E-02
-3.8674E-02
-5.9535E-02
-8.2919E-02
-1.2421E-01
-1.1315E-01
-1.8114E-02
1.3200E-01
1.4078E-01
-2.4233E-02
-1.1393E-01
-1.0186E-01
-8.8968E-02
-8.9404E-02
-1.5533E-01
-1.7106E-01
-1.0238E-01
-3.3356E-02
4.0834E-02
7.3582E-02
5.4025E-02
9.4915E-02
1.0783E-01
1.5544E-02
-1.0512E-01
-7.6271E-02
-9.8362E-03
-9.7945E-03
-6.4550E-02
-9.7310E-02
-6.6106E-02
-2.4682E-02
-3.8126E-02
-6.5765E-02
-4.0306E-02
6.2081E-02
1.4714E-01
1.2839E-01
6.4388E-02
-5.8470E-02
-1.3083E-01
-3.1829E-02
4.8365E-02
8.4257E-03
-5.5035E-02
-2.8769E-02
6.6166E-02
7.9124E-02
3.3466E-02
-6.3944E-02
-9.0776E-02
-3.2677E-02
6.7342E-02
9.1723E-02
4.8786E-02
1.0727E-02
2.9432E-02
6.2114E-02
3.1182E-02
-8.6825E-02
-1.6764E-01
-2.3396E-01
-1.9002E-01
6.6366E-03
2.0700E-01
2.0267E-01
8.2746E-02
-2.9036E-02
-6.5475E-02
8.3897E-02
1.0087E-01
8.0453E-02
1.7973E-01
2.8112E-01
2.7121E-01
2.6906E-01
2.8239E-01
2.1298E-01
1.0464E-01
2.0476E-03
1.0998E-02
1.7520E-01
2.7380E-01
2.4565E-01
1.7201E-01
1.3440E-01
1.6903E-01
1.5849E-01
2.1563E-01
2.9785E-01
3.4012E-01
2.8979E-01
2.0734E-01
1.7187E-01
1.9278E-01
2.0057E-01
1.1856E-01
1.6220E-01
2.5020E-01
3.5983E-01
4.3271E-01
4.2589E-01
4.3689E-01
4.2865E-01
3.6362E-01
2.8401E-01
3.0393E-01
3.7521E-01
4.2933E-01
4.7006E-01
5.3563E-01
4.8499E-01
4.4939E-01
4.8017E-01
4.1449E-01
1.6111E-01
-1.5405E-02
-1.9788E-01
-1.5756E-01
-9.2834E-03
1.7157E-02
-7.4640E-02
-1.3952E-01
-9.8455E-02
-8.2095E-02
-3.6551E-02
-1.1037E-02
8.2625E-03
-4.2411E-02
-1.0887E-01
-1.6564E-01
-2.4419E-01
-3.1261E-01
-3.5765E-01
-4.1503E-01
-4.0855E-01
-2.3888E-01
-6.3860E-02
-2.8330E-02
-1.6776E-01
-2.4141E-01
-1.5641E-01
-6.4530E-02
-7.0198E-02
-1.0506E-01
-1.0821E-01
-5.0929E-02
3.9081E-02
-2.0624E-02
-1.3064E-01
-1.5412E-01
-3.1478E-02
4.2589E-02
4.1162E-03
-5.2406E-02
3.3991E-02
1.7125E-01
1.8858E-01
1.0069E-01
6.2449E-02
9.8977E-02
1.4283E-01
2.2764E-01
2.7920E-01
1.8893E-01
2.2790E-02
-6.4841E-02
-7.5209E-02
1.4826E-02
2.6221E-03
-1.2770E-01
-2.1741E-01
-2.0871E-01
-1.2118E-01
9.6878E-03
1.5468E-01
3.1216E-01
3.8220E-01
3.9964E-01
3.4373E-01
2.1112E-01
6.8014E-02
-1.1299E-01
-2.7631E-01
-3.5180E-01
-3.4874E-01
-3.0772E-01
-3.1893E-01
-3.4757E-01
-2.7688E-01
-5.2556E-02
1.2828E-01
1.5783E-01
4.5912E-02
-7.6873E-02
-1.1765E-01
-1.2042E-01
-1.8376E-01
-2.6125E-01
-3.0041E-01
-2.1734E-01
-1.1708E-01
-8.2206E-02
-1.2610E-01
-1.4000E-01
-1.3575E-01
-9.3057E-02
-8.2556E-02
-1.6602E-01
-2.7042E-01
-2.5743E-01
-1.5584E-01
6.9475E-03
-1.0754E-02
-1.1454E-01
-2.2493E-01
-1.8880E-01
-1.2976E-01
-9.1968E-02
-2.0331E-01
-3.6856E-01
-4.1923E-01
-2.8159E-01
-4.1385E-02
5.8783E-02
-1.0407E-01
-3.0097E-01
-3.2414E-01
-1.3512E-01
1.6763E-03
-7.0082E-02
-2.3658E-01
-1.9354E-01
-9.9208E-02
-1.1282E-01
-1.6430E-01
-1.1403E-01
-1.6534E-02
3.0472E-02
8.5181E-04
-7.3247E-02
-8.6879E-02
5.0741E-03
-8.7905E-03
-3.9705E-02
-1.1511E-01
-9.3420E-02
-4.7455E-02
-3.4849E-02
-8.7820E-02
-1.6760E-01
-1.9122E-01
-1.4658E-01
-8.1640E-02
-6.8633E-02
-5.4516E-02
3.5203E-02
8.2342E-02
6.8721E-02
3.0506E-02
1.3771E-02
-1.8498E-02
2.3637E-02
6.2513E-02
7.9712E-02
4.9539E-02
-5.6225E-02
-1.4649E-01
-1.6369E-01
-9.6799E-02
-2.6610E-02
5.9328E-02
1.5608E-01
1.6681E-01
1.3600E-01
1.3070E-01
9.5266E-02
1.1459E-02
-2.7180E-02
5.1270E-02
1.2092E-01
9.0977E-02
-2.0017E-02
-1.3420E-01
-1.9191E-01
-2.4262E-01
-1.9358E-01
-6.8163E-02
7.9708E-02
1.7173E-01
1.2444E-01
-6.5587E-02
-2.7589E-01
-4.0148E-01
-4.2857E-01
-3.5725E-01
-1.7744E-01
-1.2544E-02
3.3115E-02
-1.4674E-02
-1.2732E-02
-1.6004E-03
-2.9085E-02
-1.0247E-01
-1.5605E-01
-1.9363E-01
-2.0570E-01
-1.8047E-01
-8.6838E-02
-2.3051E-02
-5.8951E-02
-1.2673E-01
-1.6716E-01
-8.5422E-02
-1.2728E-02
5.6158E-03
1.1802E-01
2.7001E-01
3.4308E-01
2.0581E-01
-3.1496E-02
-2.2267E-01
-2.8283E-01
-2.7288E-01
-2.4264E-01
-1.8077E-01
-9.6939E-02
-3.3937E-03
1.0587E-01
1.0346E-01
-4.0204E-02
-1.6437E-01
-9.5414E-02
1.5508E-01
3.0621E-01
2.4669E-01
6.3220E-02
-1.2954E-01
-2.2252E-01
-1.8319E-01
-9.2946E-02
-5.4331E-02
-6.5446E-02
-8.0391E-02
-1.0565E-01
-1.1623E-01
-1.1212E-01
-1.2572E-01
-1.5516E-01
-1.3592E-01
-8.4903E-02
-6.1053E-02
-9.5821E-02
-7.1230E-02
7.3503E-02
2.3338E-01
2.7993E-01
2.3026E-01
1.3314E-01
4.5592E-02
4.8726E-02
1.2608E-01
1.9033E-01
1.7553E-01
1.0100E-01
5.1787E-02
2.2549E-02
-7.9504E-02
-1.9448E-01
-2.6673E-01
-2.1696E-01
-8.5059E-02
3.4337E-02
7.0318E-02
3.1216E-03
-4.8791E-02
-4.7606E-02
2.6423E-02
1.1466E-01
9.6651E-02
2.2223E-02
-6.5101E-02
-1.3977E-01
-2.1012E-01
-2.0961E-01
-7.2429E-02
9.7204E-02
2.5069E-01
3.5630E-01
3.6056E-01
2.5259E-01
8.0301E-02
-3.8864E-02
-3.8005E-02
4.1810E-02
1.1891E-01
9.7907E-02
-9.6202E-03
-1.0233E-01
-1.0943E-01
-2.2194E-02
4.1003E-02
7.3657E-03
-7.5269E-02
-8.4509E-02
5.9566E-02
2.8766E-01
4.2692E-01
3.3184E-01
1.2902E-01
1.5611E-02
5.2342E-02
1.8325E-01
2.7402E-01
2.5660E-01
1.3662E-01
-2.3283E-02
-1.0803E-01
-4.4644E-02
3.5773E-02
7.2663E-02
1.3190E-01
2.1748E-01
2.7091E-01
2.3229E-01
1.0409E-01
-1.8866E-02
-9.1347E-02
-7.7638E-02
-1.9720E-02
1.6707E-02
-3.5657E-02
-1.2275E-01
-1.0365E-01
1.3585E-02
6.9558E-02
1.5952E-02
-8.3043E-02
-1.6954E-01
-1.4067E-01
-4.1325E-02
2.7878E-02
4.3618E-02
-6.2859E-03
-7.9980E-02
-1.0992E-01
-5.5640E-02
6.1476E-02
2.0996E-01
3.1368E-01
2.9272E-01
2.2414E-01
2.2325E-01
2.3592E-01
2.2905E-01
1.8138E-01
1.3345E-01
9.2595E-02
4.8261E-02
-2.4803E-03
5.2501E-02
6.7179E-02
-2.2851E-02
-1.4274E-01
-2.4774E-01
-2.4181E-01
-9.7381E-02
5.8000E-02
9.4880E-02
6.9427E-02
8.5172E-02
1.3820E-01
1.1948E-01
7.4761E-02
1.0377E-01
1.1362E-01
2.7830E-03
-7.7920E-02
-4.9111E-02
3.6805E-02
9.5922E-02
6.2096E-02
-1.6317E-02
-1.0285E-01
-1.6991E-01
-1.3704E-01
2.5809E-02
1.6150E-01
1.6347E-01
7.0932E-02
-2.3290E-02
-4.5071E-02
-1.0798E-02
1.1527E-02
-8.9983E-03
-3.7919E-02
-4.6162E-03
7.8608E-02
1.2063E-01
8.7842E-02
7.2165E-02
1.1535E-01
1.1670E-01
-7.4356E-04
-9.9844E-02
-6.6935E-02
1.0681E-01
2.1330E-01
9.1338E-02
-1.0645E-01
-2.3315E-01
-2.6636E-01
-2.2951E-01
-1.5423E-01
-4.6395E-02
5.3534E-02
1.8033E-01
2.9954E-01
3.1388E-01
1.6733E-01
-1.2905E-02
-3.8177E-02
1.5541E-02
-4.8369E-02
-1.6572E-01
-2.6894E-01
-2.7967E-01
-2.1967E-01
-1.5740E-01
-1.1386E-01
-1.4300E-01
-2.2438E-01
-2.2803E-01
-9.4581E-02
9.9510E-02
1.4889E-01
1.5529E-02
-1.0973E-01
-9.2480E-02
3.0758E-02
1.1304E-01
1.5476E-01
1.1673E-01
3.2865E-02
-3.3005E-02
-4.3913E-03
7.8030E-02
1.3444E-01
1.9643E-01
1.7317E-01
-9.4686E-03
-2.0273E-01
-2.5416E-01
-1.6187E-01
-6.8212E-02
-3.5568E-02
-5.3820E-02
-8.4149E-02
-5.7185E-02
2.1652E-02
9.7897E-02
1.4430E-01
1.4680E-01
3.3317E-02
-1.2005E-01
-1.9939E-01
-1.7091E-01
-7.3983E-02
3.3278E-02
1.1116E-01
1.3104E-01
4.9159E-02
-5.7875E-02
-8.6391E-02
-2.5943E-02
4.1390E-02
4.5938E-02
-4.4478E-02
-1.1553E-01
-9.9924E-02
-2.3561E-02
1.7092E-02
9.2498E-03
-4.5201E-02
-5.6956E-02
-1.8956E-02
4.1410E-03
5.5863E-02
9.7544E-02
6.5907E-02
-7.5277E-02
-1.8857E-01
-9.1719E-02
1.2002E-01
2.6832E-01
1.8153E-01
2.0925E-02
-6.8782E-02
-5.7539E-02
-8.2002E-03
-1.0737E-02
-8.0724E-02
-1.2124E-01
-6.9832E-02
-4.2144E-02
-1.0137E-01
-1.7635E-01
-1.8774E-01
-6.3387E-02
1.0470E-01
1.2918E-01
-7.4179E-03
-1.3368E-01
-1.3955E-01
-8.6298E-02
-1.2311E-02
6.0849E-02
1.0589E-01
6.6288E-02
3.3018E-03
-8.3440E-03
4.0159E-03
7.4511E-02
1.4023E-01
9.2117E-02
-9.2531E-03
-7.7046E-02
-4.3068E-02
2.1341E-02
6.9138E-02
3.7048E-02
-3.4002E-02
-8.8594E-02
-8.5600E-02
-4.5088E-02
3.9405E-03
2.9689E-02
7.4043E-02
1.4043E-01
1.5165E-01
6.1066E-02
-3.9928E-02
-5.2838E-02
3.9452E-02
1.3310E-01
7.4479E-02
-8.0938E-02
-1.7956E-01
-1.9831E-01
-7.7979E-02
1.0462E-01
1.5941E-01
5.8372E-02
-3.5581E-02
3.8327E-03
1.3765E-01
1.9700E-01
1.6456E-01
1.0669E-01
9.3252E-02
3.2392E-02
-5.3390E-02
-1.4336E-01
-1.9477E-01
-1.6162E-01
-1.0171E-01
-9.2622E-02
-1.1515E-01
-5.0059E-02
1.4810E-01
2.8577E-01
2.1800E-01
-1.4973E-03
-2.0463E-01
-3.1340E-01
-2.9717E-01
-1.6236E-01
-5.4797E-03
6.7231E-02
4.6281E-02
-1.2797E-02
-3.1358E-02
-3.3313E-02
-2.3525E-02
6.8855E-03
3.1026E-02
1.3929E-02
-4.0900E-02
-1.0222E-01
-1.0720E-01
-5.3287E-02
-1.0323E-02
7.0703E-03
3.0461E-02
8.6392E-03
-3.3996E-02
-6.1176E-02
-1.6228E-02
2.1295E-02
-4.9568E-02
-1.6579E-01
-2.3760E-01
-2.4156E-01
-1.4435E-01
-1.7119E-02
3.9997E-02
-2.1077E-02
-9.7335E-02
-5.4640E-02
9.7610E-02
1.9646E-01
1.9186E-01
1.4544E-01
1.0138E-01
1.3494E-01
1.9978E-01
1.4789E-01
3.0666E-02
-3.4287E-02
-4.4382E-02
-9.3484E-02
-1.3954E-01
-9.5429E-02
2.5658E-02
1.5053E-01
1.7647E-01
7.8081E-02
-9.2993E-02
-2.0588E-01
-2.3067E-01
-9.1644E-02
9.8949E-02
1.9963E-01
1.6961E-01
8.2071E-02
1.9759E-02
2.6114E-02
8.8469E-02
7.8168E-02
-7.3345E-02
-2.3848E-01
-2.6641E-01
-1.6973E-01
-6.2585E-02
8.9585E-03
1.3156E-02
-5.0011E-02
-1.1048E-01
-5.1460E-02
1.1514E-01
2.4729E-01
2.1897E-01
3.1387E-02
-1.5853E-01
-2.4467E-01
-2.4846E-01
-1.8594E-01
-8.5784E-02
-5.3069E-03
4.7101E-02
8.8773E-02
9.9451E-02
5.5463E-02
5.4147E-03
-2.8077E-02
-5.4146E-02
-6.4505E-02
6.4814E-03
1.4103E-01
2.0227E-01
1.1527E-01
-2.5368E-02
-6.8563E-02
-2.9956E-02
1.5220E-02
-7.5761E-03
-5.0257E-02
-4.3391E-02
-5.7285E-02
-1.0669E-01
-1.4778E-01
-1.1953E-01
-3.0495E-02
7.3048E-02
1.1051E-01
1.3729E-02
-1.0304E-01
-1.0705E-01
4.6664E-02
2.0513E-01
1.9826E-01
1.8091E-02
-1.9070E-01
-2.5174E-01
-1.5402E-01
2.8691E-02
1.7343E-01
1.8890E-01
1.1595E-01
6.8031E-02
1.1225E-01
1.6487E-01
1.5326E-01
1.0023E-01
8.7759E-02
9.8454E-02
1.3061E-01
1.7828E-01
1.9547E-01
1.0395E-01
-8.7651E-03
-5.5620E-02
4.0940E-03
7.8413E-02
5.6297E-02
-4.3378E-02
-1.3076E-01
-1.5442E-01
-8.6775E-02
1.3526E-02
6.6416E-02
4.7601E-02
-5.6835E-03
-5.6370E-02
-6.9707E-02
-1.9872E-02
5.7384E-02
1.0316E-01
6.4722E-02
-5.1384E-02
-1.0046E-01
-6.3675E-02
9.6461E-03
8.4360E-02
1.1772E-01
7.5854E-02
1.5399E-02
2.6635E-02
8.4866E-02
1.0219E-01
7.2177E-02
3.1121E-02
3.2159E-02
6.3502E-02
6.6472E-02
3.1942E-02
1.3638E-02
2.3668E-02
2.5084E-02
-2.4230E-03
-5.2914E-02
-4.6215E-02
8.3581E-03
4.4642E-02
2.3173E-02
-2.9012E-02
-5.0151E-02
-2.1996E-02
3.7242E-02
6.6944E-02
4.6190E-02
-1.3141E-02
-5.6040E-02
-2.2327E-02
1.0657E-01
1.7864E-01
1.1097E-01
-2.9523E-03
-5.9849E-02
-7.8750E-02
-1.1496E-01
-1.5906E-01
-1.7422E-01
-1.3864E-01
-9.0799E-02
-1.0140E-01
-1.3773E-01
-1.0321E-01
3.7180E-03
1.1313E-01
1.7432E-01
1.3733E-01
3.0768E-02
-5.1301E-02
-6.3008E-02
-2.9595E-02
3.1987E-03
1.1201E-02
-1.5522E-02
-3.8327E-02
-2.8742E-02
3.2752E-02
1.1100E-01
1.6636E-01
1.6494E-01
1.0923E-01
5.1813E-02
2.4908E-02
-2.7321E-05
-3.3800E-02
-5.8393E-02
-3.5242E-02
3.0691E-02
7.3932E-02
7.0443E-02
5.5655E-02
5.6233E-02
4.4544E-02
-1.8814E-02
-1.1403E-01
-1.8218E-01
-1.7298E-01
-7.2720E-02
3.7177E-02
6.3252E-02
3.8262E-03
-2.4306E-02
4.5668E-02
1.3664E-01
1.5608E-01
7.9332E-02
-2.8686E-02
-1.0575E-01
-1.3883E-01
-9.0421E-02
-1.5785E-03
3.9822E-02
-1.4932E-02
-8.9764E-02
-9.1676E-02
3.2961E-04
9.7605E-02
1.0506E-01
3.7686E-02
-9.9823E-03
-4.7746E-03
3.3477E-02
6.7222E-02
3.4621E-02
-5.6705E-02
-9.2252E-02
-1.0848E-02
1.0531E-01
1.1137E-01
1.2165E-02
-9.6295E-02
-1.5721E-01
-1.3864E-01
-8.1537E-02
-4.4409E-02
-2.8802E-02
-3.0276E-02
8.6587E-03
6.1282E-02
9.8445E-02
7.7299E-02
-2.1745E-03
-6.9731E-02
-6.2668E-02
-7.5761E-03
-1.0941E-03
-6.4276E-02
-1.2624E-01
-1.2061E-01
-6.8397E-02
-1.9117E-02
1.7717E-02
1.3288E-02
-2.0581E-02
-5.4442E-03
5.4609E-02
9.6308E-02
1.0130E-01
7.1829E-02
2.6812E-02
-3.1947E-03
-2.9812E-04
5.7569E-03
-8.5479E-03
-3.6982E-02
-6.1416E-02
-8.2878E-02
-8.4927E-02
-5.6240E-02
-2.6146E-02
-1.1155E-02
-1.3837E-02
-4.5245E-02
-7.8500E-02
-5.8792E-02
1.9447E-02
7.1074E-02
6.4860E-02
2.4879E-02
-1.3680E-02
-1.5446E-02
1.6725E-02
3.4016E-02
3.3215E-02
2.8656E-02
4.0595E-02
8.4874E-02
1.2377E-01
9.3957E-02
9.0176E-03
-8.2915E-02
-1.2256E-01
-9.6188E-02
-3.4881E-02
2.9180E-02
6.4236E-02
3.9555E-02
-2.2965E-02
-4.6269E-02
-8.3686E-03
1.5932E-02
-7.2427E-03
-2.4452E-02
-1.6982E-02
-1.5350E-02
-8.8138E-03
5.1189E-04
-3.3134E-02
-8.2431E-02
-8.0528E-02
-1.9502E-02
3.9414E-02
7.0961E-02
5.4211E-02
-9.8786E-03
-6.4400E-02
-4.2551E-02
3.2730E-02
7.2834E-02
3.3435E-02
-4.2647E-02
-8.6018E-02
-8.2855E-02
-3.6493E-02
3.6067E-02
9.0789E-02
1.0859E-01
9.7484E-02
6.0746E-02
8.4463E-03
-3.7798E-02
-5.4093E-02
-6.3962E-02
-8.3838E-02
-9.5282E-02
-6.8688E-02
9.6739E-03
9.4328E-02
1.0751E-01
4.1119E-02
-1.7286E-02
-1.7569E-02
1.0728E-02
1.2861E-02
-2.4535E-02
-5.6829E-02
-5.0335E-02
-3.7176E-03
4.3766E-02
5.8795E-02
3.6152E-02
-1.8417E-03
-2.1289E-02
4.4994E-03
2.7915E-02
-8.0712E-03
-5.6022E-02
-4.8115E-02
1.1914E-02
5.0231E-02
4.5844E-02
3.3981E-02
3.8705E-02
4.8084E-02
2.8760E-02
-2.2361E-02
-6.1626E-02
-5.7704E-02
-3.0249E-02
-2.8587E-02
-6.1832E-02
-9.3199E-02
-9.3612E-02
-5.8763E-02
-2.5416E-02
-1.2761E-02
-1.7752E-02
-3.1632E-02
-5.1170E-02
-5.6563E-02
-4.2504E-02
-5.1595E-03
4.1531E-02
6.5203E-02
3.8826E-02
-2.6346E-02
-8.3077E-02
-7.3080E-02
7.2404E-03
9.7433E-02
1.4454E-01
1.5597E-01
1.1896E-01
5.3094E-02
1.1039E-03
-6.4076E-03
1.7950E-03
-4.8011E-03
-2.0192E-02
-2.0177E-02
1.9192E-03
3.9999E-02
4.7759E-02
4.3012E-02
1.5004E-02
-2.5337E-02
-4.4241E-02
-1.5779E-02
2.1872E-02
1.7894E-02
-3.0024E-02
-7.1960E-02
-8.0364E-02
-3.7721E-02
4.0671E-02
5.6209E-02
-3.1807E-02
-1.1882E-01
-9.9497E-02
2.7499E-02
1.4742E-01
1.8040E-01
1.2490E-01
6.2548E-02
1.5401E-02
-1.3359E-02
-1.7588E-03
3.0838E-02
5.9694E-03
-6.1411E-02
-1.0437E-01
-5.8749E-02
5.9814E-02
1.4461E-01
1.3087E-01
5.1572E-02
-6.2051E-03
-2.8906E-02
-3.1382E-02
-4.6167E-03
1.5107E-02
1.7906E-02
2.4104E-02
4.7935E-02
5.3994E-02
3.2497E-02
-1.0949E-02
-4.0107E-02
-4.2795E-02
-2.5316E-02
-4.9500E-03
8.7328E-03
1.8416E-02
1.6042E-02
1.1782E-02
1.0498E-02
8.3690E-03
-1.5460E-02
-6.7955E-02
-1.0524E-01
-9.2249E-02
-3.9921E-02
1.0011E-02
2.6002E-02
1.1716E-02
1.5612E-03
-1.3016E-03
-2.7139E-04
-7.9240E-03
-1.4839E-02
1.4341E-02
7.4276E-02
1.3046E-01
1.6121E-01
1.5820E-01
1.1178E-01
5.4372E-02
1.5722E-02
-3.7674E-03
-2.9999E-02
-7.4470E-02
-1.0639E-01
-8.6085E-02
-3.2053E-02
-8.1723E-03
-2.3893E-02
-4.8657E-02
-4.0900E-02
-1.9839E-03
5.6024E-02
1.1588E-01
1.1273E-01
2.2876E-02
-7.2058E-02
-1.1474E-01
-6.6740E-02
2.1022E-02
5.0101E-02
3.5117E-03
-4.5461E-02
-3.6563E-02
-2.1089E-03
1.4861E-02
-4.5071E-03
-4.6397E-02
-7.5254E-02
-5.6952E-02
-1.0126E-02
5.1142E-03
-3.0352E-02
-4.9481E-02
-5.4676E-03
5.4420E-02
8.7365E-02
9.1088E-02
7.3656E-02
4.6933E-02
1.0991E-02
-2.2436E-02
-3.8487E-02
-2.5457E-02
5.7567E-03
3.3305E-02
4.0990E-02
1.5718E-02
-9.2691E-03
1.4700E-02
8.2059E-02
1.2485E-01
9.8494E-02
3.7693E-02
1.2259E-03
9.9111E-03
1.4445E-02
-1.8787E-02
-7.6260E-02
-1.2673E-01
-1.4533E-01
-1.0303E-01
-2.9764E-02
1.5044E-02
2.5496E-02
2.0891E-02
1.5178E-02
2.5061E-02
3.4780E-02
3.0573E-02
2.7344E-02
4.1335E-02
5.9874E-02
5.7082E-02
3.2226E-02
1.5349E-03
-2.9012E-02
-4.9752E-02
-5.4446E-02
-4.8475E-02
-2.9865E-02
-1.2194E-02
-1.3275E-02
-6.1952E-02
-1.1187E-01
-1.1713E-01
-7.3017E-02
-3.0690E-02
-1.8268E-02
-1.0765E-02
3.2366E-02
7.6786E-02
7.9779E-02
5.0371E-02
2.6343E-02
-1.4402E-02
-6.7724E-02
-9.4704E-02
-7.1194E-02
-4.0795E-02
-4.8872E-02
-7.4407E-02
-5.6734E-02
-4.3512E-03
3.1936E-02
3.9319E-02
2.7584E-02
1.4260E-02
1.2367E-02
2.5878E-02
2.8945E-02
1.3780E-02
-3.7946E-03
4.6724E-03
2.7063E-02
2.9237E-02
1.3694E-02
7.4448E-04
1.4498E-02
4.5100E-02
6.2277E-02
2.9367E-02
-3.2813E-02
-7.9082E-02
-8.9375E-02
-5.7705E-02
1.4228E-02
6.7519E-02
7.1791E-02
5.0413E-02
4.3232E-02
4.5873E-02
3.8031E-02
2.0450E-02
1.5269E-04
-1.8714E-02
-3.1803E-02
-1.5534E-02
2.0671E-02
5.5480E-02
6.7170E-02
4.9289E-02
2.2744E-02
1.4666E-02
4.9377E-03
-1.6491E-02
-2.2711E-02
1.4927E-03
2.4734E-02
2.6043E-02
4.5228E-02
6.8221E-02
7.2583E-02
5.2209E-02
1.6627E-02
-2.0205E-02
-4.1090E-02
-3.4145E-02
7.5894E-03
3.2650E-02
-1.2151E-02
-7.0370E-02
-7.0186E-02
-2.2558E-02
1.8226E-02
3.6115E-02
3.3480E-02
2.5693E-02
2.9754E-02
3.0828E-02
1.8097E-02
2.0185E-02
4.5003E-02
5.0172E-02
3.7644E-02
7.4988E-03
-3.6020E-02
-6.5111E-02
-5.3186E-02
-7.6785E-03
3.6757E-02
5.0827E-02
4.4262E-02
3.9086E-02
3.2566E-02
1.1905E-02
-7.0847E-03
-2.4807E-02
-3.6633E-02
-4.1205E-02
-2.3291E-02
1.5833E-02
4.9190E-02
6.5926E-02
5.0034E-02
2.6676E-03
-4.3399E-02
-5.1143E-02
-1.7805E-02
2.6182E-02
4.9382E-02
3.4462E-02
-4.0089E-03
-3.2223E-02
-2.0444E-02
1.8266E-02
4.2668E-02
2.7581E-02
-1.1291E-03
1.5327E-03
3.6810E-02
5.4441E-02
1.2493E-02
-4.5796E-02
-5.9863E-02
-1.6639E-02
4.1800E-02
7.0526E-02
5.9065E-02
2.0768E-02
-6.4833E-03
-6.1166E-03
-9.3850E-03
-1.0096E-02
1.5019E-02
4.1020E-02
3.2540E-02
1.5874E-02
4.4009E-03
-5.3123E-03
-1.4480E-02
-2.9283E-02
-3.5306E-02
-3.0465E-02
-3.6781E-02
-4.7320E-02
-5.0219E-02
-4.1208E-02
-1.0174E-02
2.1479E-02
1.7965E-02
-2.3436E-02
-5.3837E-02
-4.5562E-02
-1.6367E-02
3.1433E-03
2.3256E-02
4.0097E-02
3.7207E-02
1.9501E-02
7.9135E-03
3.0292E-02
6.9539E-02
8.3289E-02
5.7219E-02
-5.0959E-03
-6.0663E-02
-5.7249E-02
1.2236E-02
6.7744E-02
4.3818E-02
-7.4852E-03
-2.6571E-02
-1.1678E-02
2.3065E-02
4.4027E-02
3.9905E-02
3.5674E-03
-4.1123E-02
-6.0628E-02
-4.9945E-02
-2.4323E-02
2.2034E-03
1.5406E-02
1.7728E-02
3.2163E-02
6.6228E-02
7.9286E-02
5.1290E-02
1.2134E-02
1.6664E-02
5.5003E-02
6.2644E-02
1.8598E-02
-2.8104E-02
-5.5833E-02
-7.7802E-02
-8.5336E-02
-6.7105E-02
-3.7666E-02
-2.7593E-02
-3.3745E-02
-3.2157E-02
-1.0904E-02
2.2269E-02
4.6484E-02
5.6199E-02
3.2966E-02
1.6807E-02
2.0217E-02
3.2400E-02
2.7707E-02
-2.7152E-03
-4.2485E-02
-4.7777E-02
4.7530E-03
5.7785E-02
4.7088E-02
-1.4851E-02
-4.9658E-02
-1.1840E-02
4.6114E-02
6.3463E-02
2.1559E-02
-2.5444E-02
-4.3268E-02
-4.9219E-02
-3.7374E-02
-1.2517E-02
-1.0019E-02
-1.7317E-02
-7.8126E-03
-1.6686E-03
4.5495E-03
-6.8530E-03
-3.1003E-02
-4.4837E-02
-5.0976E-02
-5.3564E-02
-5.9780E-02
-5.1452E-02
-3.8014E-02
-1.6882E-02
2.0156E-02
5.5097E-02
4.0266E-02
-3.9156E-02
-9.7203E-02
-7.9219E-02
-8.6464E-03
4.3444E-02
3.7246E-02
3.3839E-03
-1.1612E-02
-1.2675E-02
-2.2100E-02
-1.7012E-02
1.4199E-02
4.5039E-02
2.9106E-02
-2.2715E-02
-5.1401E-02
-2.6166E-02
8.7201E-03
-7.9545E-03
-5.4016E-02
-6.5358E-02
-3.2885E-02
2.0257E-03
1.6448E-02
1.7522E-02
1.9077E-02
2.2108E-02
4.7827E-03
-4.7673E-02
-7.9857E-02
-7.2987E-02
-5.8611E-02
-6.6964E-02
-6.1151E-02
-3.0186E-02
-4.1152E-03
-3.1754E-02
-7.0606E-02
-6.4145E-02
-1.5904E-02
3.0574E-03
-2.6796E-02
-3.2754E-02
3.7968E-03
1.5125E-02
-2.5376E-02
-6.4191E-02
-6.6697E-02
-3.6904E-02
-1.9145E-02
-1.7823E-02
-1.1162E-02
4.9700E-04
4.2573E-03
-5.8150E-03
-3.7579E-02
-8.4985E-02
-1.0925E-01
-7.5191E-02
-2.0782E-02
-1.9908E-02
-5.7595E-02
-7.6783E-02
-4.2286E-02
2.2898E-02
6.3358E-02
4.3610E-02
-6.2114E-03
-1.5320E-02
6.2133E-03
3.2761E-02
3.9639E-02
5.2490E-03
-5.2342E-02
-8.8630E-02
-7.7468E-02
-2.0448E-02
1.3636E-02
-2.4446E-03
-3.6054E-02
-5.0831E-02
-4.8299E-02
-2.9137E-02
-1.8159E-02
-2.0812E-02
-1.2673E-02
7.5479E-03
9.5564E-03
9.0557E-03
2.7009E-02
4.7099E-02
4.3351E-02
9.5500E-03
-1.9896E-02
-1.0833E-02
1.5059E-02
7.0929E-04
-3.5345E-02
-5.8751E-02
-6.8729E-02
-5.9668E-02
-2.3120E-02
2.2232E-02
3.5114E-02
1.1413E-02
2.3297E-03
1.7633E-02
1.7202E-02
-6.1353E-03
-3.3300E-02
-5.6703E-02
-5.9068E-02
-5.6330E-02
-5.6704E-02
-4.3931E-02
-2.6548E-02
-3.0341E-02
-3.2962E-02
-1.2364E-02
2.8583E-02
5.9612E-02
4.3119E-02
2.8522E-03
-1.1743E-03
2.1082E-02
9.4932E-03
-1.3444E-02
-2.1131E-02
-1.0512E-02
-1.5108E-02
-3.4461E-02
-4.3894E-02
-3.8606E-02
-4.0909E-02
-3.7906E-02
-9.6640E-03
1.6323E-02
2.4689E-02
1.8775E-02
-9.4357E-05
-1.4937E-03
2.2626E-02
3.4598E-02
1.4306E-02
-1.9959E-02
-4.7155E-02
-6.3959E-02
-6.1682E-02
-4.2216E-02
-2.0467E-02
-9.9684E-03
-1.8068E-02
-1.3456E-02
1.0397E-02
3.0538E-02
4.0980E-02
5.0236E-02
5.4363E-02
3.0918E-02
5.1936E-03
-4.8686E-03
-1.0069E-02
-4.7096E-02
-9.1103E-02
-1.0098E-01
-8.2068E-02
-6.7471E-02
-4.5556E-02
-1.6740E-02
6.9583E-04
7.4891E-03
3.2229E-02
8.8729E-02
1.2522E-01
9.7823E-02
5.1107E-02
2.5796E-02
5.9633E-03
-1.9679E-02
-3.4138E-02
-4.6161E-02
-3.2356E-02
7.9875E-03
6.0286E-02
7.8450E-02
5.4195E-02
3.5951E-02
6.1335E-02
9.8993E-02
7.6376E-02
1.8892E-02
-1.0224E-02
-1.9649E-03
5.0189E-03
-2.5928E-02
-5.0488E-02
-2.8213E-02
1.4476E-02
2.3385E-02
1.5280E-02
1.7186E-02
4.5915E-02
6.9017E-02
7.2855E-02
5.3993E-02
3.3446E-02
3.6031E-02
4.7602E-02
5.3645E-02
3.8018E-02
1.6533E-02
-2.6979E-02
-6.4628E-02
-6.5149E-02
-1.6545E-02
3.4906E-02
6.4911E-02
7.2869E-02
7.2240E-02
6.5114E-02
5.7453E-02
5.6924E-02
2.7279E-02
-2.0698E-02
-5.3900E-02
-4.9326E-02
-1.0758E-02
-1.0506E-03
-2.6915E-02
-3.2479E-02
-4.3365E-03
4.7521E-03
-2.6945E-03
7.2322E-03
-4.2387E-03
-4.5801E-02
-7.1366E-02
-5.1245E-02
1.1251E-02
6.7567E-02
7.9591E-02
4.1699E-02
-9.6374E-03
-5.0685E-02
-6.3329E-02
-3.4484E-02
2.2329E-02
5.6074E-02
3.7025E-02
1.1296E-03
2.7493E-02
1.1740E-01
1.8925E-01
1.8525E-01
8.9956E-02
-4.8212E-03
-4.5923E-02
-2.7922E-02
6.2545E-03
9.9286E-03
-2.0093E-02
-4.9720E-02
-6.1124E-02
-1.7299E-02
6.4265E-02
1.0005E-01
9.3858E-02
7.3321E-02
5.7622E-02
4.2381E-02
1.8089E-02
3.1446E-02
5.3001E-02
6.7540E-02
7.6097E-02
7.9193E-02
6.4080E-02
5.7746E-02
7.0983E-02
9.2200E-02
1.2336E-01
1.4800E-01
1.4955E-01
5.9773E-02
-4.1329E-02
-2.4940E-02
8.7017E-02
1.2231E-01
5.3847E-02
-1.1759E-02
-3.4159E-02
-3.9685E-02
-8.6557E-03
5.7771E-02
1.2184E-01
1.3483E-01
7.9534E-02
5.3108E-02
9.5952E-02
1.4115E-01
1.1834E-01
5.5541E-02
5.7380E-02
1.1952E-01
1.6713E-01
1.2937E-01
5.8035E-02
9.5239E-03
-4.8733E-02
-9.7378E-02
-1.2716E-01
-1.2389E-01
-1.2237E-01
-1.2539E-01
-1.1841E-01
-8.9010E-02
-4.6207E-02
-7.6876E-03
2.7402E-02
7.2393E-02
1.2813E-01
1.3223E-01
6.7826E-02
-3.0479E-02
-7.7842E-02
-7.6682E-02
-7.8239E-02
-1.1232E-01
-1.6086E-01
-1.6957E-01
-1.0927E-01
-2.2574E-02
3.2530E-02
4.0547E-02
3.8480E-02
6.2518E-02
1.0455E-01
9.7780E-02
3.9345E-02
-2.3438E-02
-6.0060E-02
-5.8985E-02
-1.8122E-02
2.4953E-02
3.6225E-02
6.8032E-03
1.8014E-03
6.4618E-03
-2.5809E-02
-6.2277E-02
-7.3142E-02
-7.8781E-02
-9.1693E-02
-1.0785E-01
-1.0916E-01
-9.0552E-02
-6.5127E-02
-7.1567E-02
-8.8389E-02
-4.0043E-02
5.1539E-02
8.5224E-02
3.3024E-02
-3.1408E-02
-4.0706E-02
-1.1001E-02
2.5557E-02
4.2608E-02
2.7452E-02
1.5305E-02
4.1787E-02
5.9506E-02
8.3695E-02
1.2193E-01
1.5508E-01
1.4986E-01
9.7905E-02
4.8381E-02
6.8187E-02
1.1746E-01
1.1474E-01
8.4631E-02
4.4868E-02
-5.6536E-03
-3.7950E-02
3.4259E-03
7.4696E-02
1.1282E-01
1.2524E-01
1.4364E-01
1.4721E-01
1.0266E-01
4.6060E-02
2.1127E-02
5.7852E-02
1.1901E-01
9.5236E-02
1.7292E-02
-6.8099E-02
-1.4842E-01
-2.0935E-01
-2.0983E-01
-1.5955E-01
-5.9042E-02
3.4256E-02
6.0254E-02
-1.9984E-03
-9.8642E-02
-1.5457E-01
-1.0900E-01
8.0884E-03
6.7649E-02
3.5464E-02
-1.5273E-02
-2.9534E-02
-2.2519E-02
-2.8325E-02
-5.2402E-02
-8.0085E-02
-9.8113E-02
-1.0423E-01
-9.4708E-02
-5.9724E-02
-2.0730E-02
2.0075E-02
6.7163E-02
9.5281E-02
9.1769E-02
5.8520E-02
-2.0774E-02
-8.9972E-02
-8.1176E-02
-2.9745E-02
6.5112E-03
4.1380E-03
-1.2414E-02
-4.6989E-03
2.0564E-02
4.0451E-02
3.4633E-02
2.2887E-02
3.1084E-02
6.1681E-02
7.6821E-02
7.8737E-02
3.4327E-02
-9.4990E-03
1.1621E-02
5.1271E-02
7.0149E-02
9.9866E-03
-8.7529E-02
-1.3595E-01
-9.2143E-02
3.3845E-02
1.3097E-01
1.3095E-01
7.6097E-02
4.5945E-02
2.3928E-02
-2.4177E-02
-7.3524E-02
-7.0034E-02
-4.9565E-02
-1.7156E-02
1.3306E-02
2.9169E-02
5.0581E-02
3.9835E-02
3.3757E-02
6.2006E-02
1.0937E-01
1.1417E-01
8.3524E-02
5.1190E-02
3.4832E-02
2.9832E-02
2.2698E-02
-3.0252E-02
-8.8361E-02
-1.2347E-01
-1.6313E-01
-1.9118E-01
-1.9605E-01
-1.7310E-01
-1.1589E-01
-5.2655E-02
-1.1913E-02
6.0541E-03
4.4145E-02
1.1325E-01
1.5978E-01
1.7768E-01
1.5204E-01
1.2602E-01
8.9095E-02
2.4979E-02
-9.0048E-02
-1.8885E-01
-2.3534E-01
-2.3447E-01
-2.2822E-01
-1.9108E-01
-9.8675E-02
-7.6288E-03
2.5963E-02
-2.3802E-03
-2.4262E-02
2.2386E-02
1.3069E-01
2.3147E-01
2.8943E-01
2.5414E-01
1.4753E-01
8.0255E-02
6.3265E-02
2.9545E-02
-4.1079E-02
-1.3893E-01
-2.2460E-01
-2.5610E-01
-2.4380E-01
-1.7793E-01
-1.0616E-01
-4.9307E-02
-4.3551E-02
-4.2307E-02
3.1967E-02
1.3014E-01
1.3866E-01
3.7118E-02
-7.3980E-02
-1.1120E-01
-5.5154E-02
5.8436E-02
1.5162E-01
1.9022E-01
1.7643E-01
8.8939E-02
-2.3611E-02
-1.0896E-01
-1.5556E-01
-1.6131E-01
-1.3340E-01
-1.0388E-01
-7.5000E-02
-4.0947E-02
1.7851E-02
1.0738E-01
1.6232E-01
1.4053E-01
7.6284E-02
4.0716E-02
6.1034E-02
9.3854E-02
7.2117E-02
2.8102E-02
6.5565E-03
4.5686E-02
1.1679E-01
1.6367E-01
1.3307E-01
3.7998E-02
-1.5042E-02
-1.3811E-02
-7.7790E-03
-3.4914E-02
-6.2830E-02
-4.0360E-02
1.7438E-02
5.2617E-02
3.9227E-02
3.7264E-02
4.6677E-02
3.2123E-02
-7.0722E-03
-3.1870E-02
-1.3606E-02
-8.3458E-04
-2.1348E-02
-3.9490E-02
-7.1676E-03
1.2801E-03
-3.4804E-02
-6.8778E-02
-6.9205E-02
-5.8654E-02
-3.8304E-02
-1.2156E-02
6.1960E-03
1.7836E-02
1.3981E-02
3.5409E-03
-2.7425E-02
-6.2083E-02
-4.7912E-02
-1.3108E-02
-1.7770E-02
-4.5576E-02
-7.8235E-03
6.6062E-02
1.1689E-01
1.2481E-01
7.8758E-02
1.9748E-02
-9.3142E-05
4.9288E-02
1.2762E-01
1.6769E-01
1.2460E-01
2.5352E-02
-4.2968E-02
-4.7129E-02
1.0973E-04
-8.8177E-03
-8.6127E-02
-1.4724E-01
-1.3112E-01
-5.9391E-02
7.5948E-03
1.9615E-02
2.2973E-02
6.8604E-02
1.3623E-01
1.6332E-01
1.2899E-01
6.6891E-02
-1.5878E-02
-8.6010E-02
-1.1619E-01
-8.1840E-02
-3.0845E-03
5.9726E-02
7.6520E-02
7.3435E-02
5.3443E-02
2.4392E-02
4.7095E-02
9.4048E-02
7.4938E-02
4.4456E-03
-4.1040E-02
-3.4333E-02
-1.5386E-02
-1.5780E-02
-2.6264E-02
-2.2086E-02
2.8928E-02
7.1218E-02
5.2328E-02
6.0198E-03
-2.9013E-02
-2.2194E-02
8.4075E-03
-1.0129E-04
-1.0996E-02
-4.2101E-03
7.0424E-03
1.5717E-02
9.5593E-03
-1.2262E-02
-3.3214E-02
-5.1531E-02
-6.3518E-02
-5.1717E-02
-3.1659E-02
-1.9211E-02
-2.3692E-02
-2.5372E-02
-2.5373E-02
-2.3110E-02
-2.1075E-02
-5.0470E-02
-9.5779E-02
-1.2229E-01
-1.3095E-01
-1.4740E-01
-1.6114E-01
-1.7136E-01
-1.5754E-01
-1.1384E-01
-8.4637E-02
-9.2270E-02
-9.6926E-02
-6.4596E-02
-2.7623E-02
1.5470E-02
7.1411E-02
9.4886E-02
5.8342E-02
-1.7021E-02
-8.2462E-02
-8.6417E-02
2.0790E-03
1.0733E-01
1.1848E-01
2.0903E-02
-5.0699E-02
-4.1284E-02
9.1117E-03
4.4190E-02
4.8943E-02
2.7485E-02
1.4814E-02
1.9240E-02
4.3615E-02
7.7472E-02
1.1093E-01
1.1541E-01
6.9338E-02
1.9434E-02
-4.2664E-05
1.6884E-02
3.9837E-02
3.1747E-02
-3.3855E-02
-1.1882E-01
-1.7522E-01
-1.8004E-01
-1.4353E-01
-9.2251E-02
-7.0352E-02
-9.8170E-02
-1.2684E-01
-1.3651E-01
-1.0440E-01
-5.3650E-02
6.7530E-03
3.7225E-02
1.7393E-02
-1.7906E-02
-5.7434E-03
4.2973E-02
4.0139E-02
-3.8032E-02
-1.1865E-01
-1.2871E-01
-7.7476E-02
-4.4524E-02
-9.1245E-02
-1.4021E-01
-1.2005E-01
-6.3061E-02
-3.8580E-02
-5.0536E-02
-6.2031E-02
-3.0778E-02
2.1204E-02
4.6023E-02
6.0799E-02
6.8274E-02
7.3110E-02
5.6363E-02
1.5885E-02
-4.5382E-02
-9.7086E-02
-9.4564E-02
-3.0282E-02
3.4247E-02
4.2258E-02
-2.1124E-02
-8.1947E-02
-6.8149E-02
4.5903E-03
5.4127E-02
6.3864E-02
8.3260E-02
1.4917E-01
2.2428E-01
2.3864E-01
1.6972E-01
1.0065E-01
6.1991E-02
4.9915E-02
7.9803E-02
1.2092E-01
1.2990E-01
1.1116E-01
8.7836E-02
7.0225E-02
4.9677E-02
1.2149E-02
-2.6147E-02
-3.9111E-02
-1.7518E-02
4.1474E-02
1.0210E-01
1.4252E-01
1.4366E-01
9.9940E-02
6.0419E-02
5.2597E-02
4.9889E-02
4.0096E-02
3.8794E-02
5.6133E-02
7.0944E-02
5.1829E-02
1.0301E-02
-2.2608E-02
-3.9411E-02
-3.0050E-02
1.0700E-02
6.2612E-02
6.6546E-02
4.4166E-03
-7.0612E-02
-9.9824E-02
-7.9665E-02
-4.4748E-02
-3.8799E-02
-4.6538E-02
-1.5556E-02
3.8218E-02
6.2006E-02
2.9566E-02
-1.6496E-02
-2.9897E-02
-1.6060E-03
1.2426E-02
3.3553E-04
-7.5321E-03
-1.1854E-02
-1.6734E-02
-3.5510E-02
-3.7311E-02
4.6534E-03
8.2870E-02
1.1917E-01
8.2291E-02
2.1669E-02
1.8099E-02
3.8095E-02
6.6190E-02
6.2727E-02
5.5185E-02
5.9095E-02
6.5748E-02
5.9927E-02
4.1560E-02
2.5615E-02
3.6566E-02
5.7136E-02
4.0595E-02
-1.5592E-02
-7.0378E-02
-6.3259E-02
-4.3532E-03
2.6432E-02
1.1020E-02
-3.0850E-02
-5.8095E-02
-4.4227E-02
4.7427E-03
4.2059E-02
1.6675E-02
-6.1053E-02
-1.2041E-01
-1.4096E-01
-1.1224E-01
-5.8160E-02
-3.9770E-03
3.5544E-02
6.6047E-02
7.9210E-02
8.2146E-02
6.4572E-02
4.5339E-02
4.9098E-02
4.8889E-02
2.3886E-02
-3.0859E-03
1.5372E-02
7.7011E-02
1.0830E-01
9.5738E-02
4.9454E-02
2.5589E-02
3.0071E-02
3.9652E-02
5.8172E-02
8.7282E-02
1.2216E-01
1.3698E-01
1.0129E-01
2.3526E-02
-6.5536E-02
-1.1965E-01
-1.3487E-01
-1.0098E-01
-4.7994E-02
-3.2820E-02
-6.2732E-02
-7.8034E-02
-7.8201E-02
-8.9806E-02
-1.1931E-01
-1.6243E-01
-2.0418E-01
-2.1945E-01
-1.9711E-01
-1.4178E-01
-7.6734E-02
-2.1611E-02
2.6570E-02
4.9562E-02
2.2596E-02
-5.4447E-02
-1.2533E-01
-1.6497E-01
-1.8960E-01
-2.2075E-01
-2.4087E-01
-2.2831E-01
-1.7758E-01
-1.0914E-01
-4.1083E-02
9.5111E-03
4.8979E-02
7.9651E-02
8.2971E-02
4.0559E-02
-4.3830E-02
-1.1533E-01
-1.6006E-01
-1.6679E-01
-1.3825E-01
-1.1225E-01
-1.2587E-01
-1.2060E-01
-3.8367E-02
8.5832E-02
1.5586E-01
1.0697E-01
-1.0615E-02
-9.4040E-02
-1.1150E-01
-7.2801E-02
-6.2068E-02
-1.2571E-01
-2.0287E-01
-2.1626E-01
-1.2707E-01
-3.0483E-03
4.9808E-02
2.9314E-02
3.9219E-03
2.1228E-02
4.9059E-02
4.4289E-02
4.4076E-03
-4.2836E-02
-6.9580E-02
-7.1422E-02
-7.6996E-02
-1.0813E-01
-1.2443E-01
-8.1078E-02
-1.8812E-02
-5.9312E-03
-2.8618E-02
-3.8412E-02
-3.0923E-02
-3.2879E-02
-5.2792E-02
-8.4713E-02
-8.9042E-02
-7.6855E-02
-7.4777E-02
-1.0324E-01
-1.3421E-01
-1.6663E-01
-1.9197E-01
-1.9993E-01
-1.9138E-01
-1.5211E-01
-6.8315E-02
2.9349E-02
7.3315E-02
3.2442E-03
-1.0281E-01
-1.1642E-01
-1.7996E-02
7.4143E-02
7.5898E-02
2.2605E-02
-3.3996E-02
-6.9908E-02
-7.5579E-02
-4.0561E-02
-9.0867E-03
2.1405E-02
5.2210E-02
8.5741E-02
1.2286E-01
1.1964E-01
5.1308E-02
-2.4060E-02
-3.2539E-02
-1.3455E-02
-2.4958E-02
-5.7050E-02
-6.2426E-02
-3.9257E-02
-4.8807E-03
3.1375E-02
6.9417E-02
8.8946E-02
8.4453E-02
7.9233E-02
8.7399E-02
7.7601E-02
2.8295E-02
-2.7863E-02
-6.7168E-02
-7.8880E-02
-8.7885E-02
-9.0725E-02
-6.2886E-02
-1.8880E-02
1.9122E-03
-6.5213E-03
1.1788E-03
5.2459E-02
1.1576E-01
1.4450E-01
1.0736E-01
3.9577E-02
-2.3128E-02
-4.2248E-02
-1.6762E-02
1.1164E-02
-1.4029E-02
-5.2210E-02
-4.8175E-02
-1.4734E-02
2.1502E-02
4.7399E-02
5.3174E-02
1.5710E-02
-4.8353E-02
-9.5634E-02
-1.1734E-01
-1.1071E-01
-9.9777E-02
-1.1493E-01
-1.1813E-01
-8.4764E-02
-1.1370E-02
5.7768E-02
9.4124E-02
8.3542E-02
7.6267E-02
1.1801E-01
1.7163E-01
1.8112E-01
9.2946E-02
6.2671E-03
-1.0647E-02
3.3154E-02
2.1797E-02
-5.4260E-02
-1.3062E-01
-1.3686E-01
-5.5276E-02
4.1685E-02
1.0240E-01
1.0843E-01
6.8470E-02
2.9158E-02
1.0065E-02
7.2640E-04
-1.6094E-02
-6.1203E-02
-1.2368E-01
-1.7223E-01
-1.6917E-01
-9.3097E-02
2.3437E-02
1.2412E-01
1.7192E-01
1.7766E-01
1.6124E-01
1.4322E-01
1.1267E-01
3.1316E-02
-4.3275E-02
-5.8850E-02
5.2590E-03
8.7008E-02
1.1074E-01
6.0942E-02
-4.4623E-04
-1.7780E-02
3.3886E-02
1.0427E-01
1.2998E-01
1.3115E-01
1.0266E-01
4.7245E-02
-1.0880E-02
-4.6138E-02
-3.7914E-02
-6.1070E-03
1.2185E-02
1.5561E-02
2.7917E-02
7.8873E-02
1.5914E-01
2.3826E-01
2.7903E-01
2.6211E-01
1.9554E-01
7.0796E-02
-8.4932E-02
-2.0233E-01
-2.3706E-01
-1.8523E-01
-7.8606E-02
-6.1308E-03
-2.1243E-02
-8.3849E-02
-1.2422E-01
-1.2520E-01
-1.0200E-01
-7.6823E-02
-7.6493E-02
-8.7133E-02
-8.8056E-02
-8.4768E-02
-4.8486E-02
-6.7956E-03
1.4031E-02
1.6155E-02
6.8080E-03
1.9161E-03
1.6638E-02
5.6880E-02
8.7021E-02
7.9965E-02
5.1439E-02
7.8339E-02
1.3786E-01
1.6163E-01
1.1721E-01
4.9424E-02
7.2385E-03
3.1814E-03
5.1240E-02
1.0115E-01
1.2033E-01
1.1103E-01
9.3209E-02
6.5730E-02
2.9042E-02
-1.6198E-02
-4.1588E-02
-2.8329E-02
5.5323E-04
2.1540E-02
4.1292E-02
8.0632E-02
1.3908E-01
1.5582E-01
9.5600E-02
-6.7341E-03
-9.4947E-02
-1.5932E-01
-1.8987E-01
-1.9978E-01
-1.7203E-01
-9.2130E-02
2.2525E-02
1.3386E-01
1.9946E-01
2.0190E-01
1.3498E-01
5.8802E-02
9.9742E-03
-2.3393E-03
2.4803E-02
8.2423E-02
1.0375E-01
6.4112E-02
-1.1324E-02
-4.7957E-02
-2.9208E-02
1.9129E-02
4.4749E-02
5.7139E-02
8.2333E-02
1.2462E-01
1.5680E-01
1.6176E-01
1.4685E-01
1.3663E-01
1.5753E-01
1.7554E-01
1.4907E-01
8.2524E-02
3.3083E-02
3.3674E-02
5.4615E-02
7.1589E-02
4.2390E-02
-2.1744E-02
-8.5553E-02
-1.1591E-01
-1.3194E-01
-1.6429E-01
-1.7693E-01
-1.3502E-01
-6.0582E-02
-9.2535E-03
1.0159E-02
1.5009E-03
-3.2161E-02
-8.6719E-02
-1.5091E-01
-1.9845E-01
-1.9143E-01
-1.4078E-01
-9.5257E-02
-6.0379E-02
-4.3077E-02
-3.2742E-02
-8.8498E-03
8.9424E-03
1.0783E-02
-7.7981E-03
-3.5788E-02
-7.2087E-02
-1.0271E-01
-1.1616E-01
-8.5722E-02
-4.6452E-02
-3.3072E-02
-3.0766E-02
-1.9492E-02
-8.2678E-03
-2.9371E-02
-7.0701E-02
-1.0497E-01
-1.1299E-01
-1.0976E-01
-8.5713E-02
-6.3068E-03
7.5048E-02
8.9275E-02
4.9190E-02
1.8868E-02
4.7059E-02
9.7770E-02
9.9566E-02
3.2848E-02
-3.2519E-02
-2.5937E-02
3.7627E-02
8.8230E-02
8.7376E-02
5.0926E-02
3.2277E-02
5.1497E-02
7.8883E-02
9.1422E-02
7.4103E-02
3.0848E-02
1.0173E-03
1.9968E-02
7.3822E-02
1.0133E-01
4.5513E-02
-5.9882E-02
-1.5405E-01
-2.0079E-01
-1.7326E-01
-9.2532E-02
-2.2599E-02
-2.1992E-02
-3.7375E-02
-1.7911E-02
2.6655E-02
7.7250E-02
8.3755E-02
4.3828E-02
1.4678E-02
1.4914E-02
-5.5452E-03
-6.5750E-02
-1.1974E-01
-1.2438E-01
-1.0986E-01
-9.0552E-02
-6.5126E-02
-5.3795E-02
-6.8329E-02
-9.7643E-02
-1.0100E-01
-9.4676E-02
-9.3457E-02
-1.0367E-01
-9.2414E-02
-2.5389E-02
6.1420E-02
1.3064E-01
1.5227E-01
1.4429E-01
1.2101E-01
1.0860E-01
1.2125E-01
1.3705E-01
1.4069E-01
1.5442E-01
1.6993E-01
1.5108E-01
9.8909E-02
5.2975E-02
3.4121E-02
2.3078E-02
5.8910E-03
-1.5146E-02
-2.8965E-02
-3.3990E-02
-3.7217E-02
-3.4330E-02
-1.6321E-02
2.3158E-02
6.6500E-02
9.3225E-02
8.9066E-02
6.8915E-02
3.3305E-02
-4.7024E-03
-3.4302E-02
-2.7350E-02
9.6044E-03
2.5870E-02
-3.3579E-03
-4.0646E-02
-4.6457E-02
-6.0712E-03
6.3175E-02
1.1132E-01
9.0414E-02
3.3564E-02
1.0848E-02
7.0821E-02
1.4430E-01
1.5966E-01
1.0588E-01
6.1888E-02
5.6252E-02
5.1838E-02
8.1965E-03
-4.8069E-02
-7.9197E-02
-9.6156E-02
-1.1104E-01
-9.5229E-02
-1.6231E-02
6.5349E-02
7.5803E-02
8.8796E-03
-7.2916E-02
-1.0941E-01
-9.0888E-02
-5.6579E-02
-4.0467E-02
-4.0254E-02
-3.6757E-02
-4.3046E-02
-5.4667E-02
-7.0110E-02
-7.8759E-02
-7.8834E-02
-7.7457E-02
-8.5772E-02
-8.9068E-02
-6.2798E-02
-1.0909E-02
9.9701E-03
-2.8268E-02
-7.9719E-02
-9.9990E-02
-7.1251E-02
-2.8352E-02
-1.1667E-02
-2.5744E-02
-3.6574E-02
-4.9705E-02
-4.5797E-02
-3.9389E-04
4.9271E-02
5.0341E-02
-1.1439E-03
-5.4872E-02
-8.1806E-02
-4.7349E-02
3.8974E-02
1.0701E-01
1.2642E-01
1.0955E-01
7.1865E-02
3.5507E-02
7.9759E-03
-5.7250E-04
4.9631E-03
2.7576E-02
6.1043E-02
8.9887E-02
9.6437E-02
7.5817E-02
3.4893E-02
4.4672E-03
-1.2306E-02
-2.2856E-02
-3.7162E-02
-4.1058E-02
-3.7300E-02
-3.0147E-02
-4.3398E-02
-6.5654E-02
-8.4051E-02
-7.3460E-02
-3.9010E-02
1.8257E-03
2.6250E-02
3.7212E-02
5.2240E-02
5.4445E-02
3.9285E-02
2.4164E-02
3.3836E-02
5.8526E-02
5.8708E-02
2.4737E-02
-4.4604E-03
-5.9663E-03
1.6819E-02
4.9211E-02
8.3918E-02
9.1696E-02
6.7930E-02
4.1592E-02
5.4924E-02
1.0292E-01
1.4591E-01
1.5030E-01
1.1209E-01
7.3519E-02
5.9812E-02
6.4747E-02
6.5555E-02
5.7364E-02
6.3058E-02
9.7412E-02
1.5299E-01
2.1088E-01
2.3077E-01
1.8218E-01
1.0145E-01
4.2912E-02
3.5933E-02
6.9197E-02
7.0391E-02
6.4817E-03
-8.6237E-02
-1.6565E-01
-2.1424E-01
-2.1829E-01
-1.8945E-01
-1.5076E-01
-1.2073E-01
-9.9457E-02
-8.1490E-02
-6.4813E-02
-5.7480E-02
-7.4581E-02
-1.1260E-01
-1.3808E-01
-1.3780E-01
-1.2211E-01
-8.9352E-02
-5.1582E-02
-5.4233E-02
-1.0229E-01
-1.5736E-01
-1.8554E-01
-1.4320E-01
-5.2829E-02
2.9056E-02
5.9959E-02
5.7146E-02
4.8397E-02
5.3449E-02
6.0881E-02
5.2894E-02
2.2127E-02
-1.0968E-02
-2.6716E-02
-2.8108E-02
-6.9142E-03
2.3652E-02
3.0508E-02
3.0077E-03
-3.4870E-02
-4.5051E-02
1.0914E-02
7.6986E-02
7.9651E-02
4.5100E-02
1.6543E-02
-2.8408E-03
-2.4552E-02
-4.1537E-02
-4.3023E-02
-1.3503E-02
3.5653E-02
7.3875E-02
7.9929E-02
5.8318E-02
3.4101E-02
6.7159E-03
-3.6419E-02
-8.3362E-02
-1.0564E-01
-9.5703E-02
-6.0533E-02
-2.4776E-02
-1.5032E-02
-3.9930E-03
2.5283E-02
7.7695E-02
1.1233E-01
1.0127E-01
5.1303E-02
2.0028E-02
4.0119E-03
-3.0950E-02
-7.2503E-02
-7.1639E-02
-1.1783E-02
3.0502E-02
-3.7238E-03
-6.6371E-02
-1.0352E-01
-1.0973E-01
-9.4427E-02
-7.6660E-02
-4.6565E-02
-8.7950E-04
3.7615E-02
5.6465E-02
3.4887E-02
-6.2391E-03
-1.8243E-02
2.7123E-02
6.8969E-02
5.5632E-02
-3.3252E-03
-5.6170E-02
-6.4737E-02
-3.2595E-02
1.4254E-02
4.2895E-02
3.5462E-02
-5.0587E-03
-4.5529E-02
-6.2076E-02
-3.8683E-02
2.0477E-02
6.1968E-02
3.9838E-02
-2.0479E-02
-4.6064E-02
-2.2002E-02
-4.2309E-03
-2.4401E-02
-2.9883E-02
-2.5352E-03
2.6966E-02
2.5531E-02
1.6344E-02
1.7650E-02
2.2746E-02
1.9371E-02
2.0942E-02
3.3072E-02
4.0263E-02
2.5788E-02
-1.0314E-02
-5.1876E-02
-6.8837E-02
-3.9537E-02
1.6517E-02
4.1737E-02
4.1471E-02
5.4946E-02
8.0066E-02
7.6735E-02
4.4537E-02
2.4434E-02
1.1408E-02
-1.9713E-02
-5.6098E-02
-5.5588E-02
-2.6140E-02
-1.2537E-02
-3.7856E-02
-5.4408E-02
-2.9505E-02
2.5675E-02
5.6858E-02
4.5112E-02
1.7941E-02
1.2523E-02
1.5918E-02
9.5592E-03
-3.8890E-03
-2.0638E-02
-2.8903E-02
-3.3464E-02
-4.1521E-02
-6.8526E-02
-9.0916E-02
-7.7149E-02
-4.6567E-02
-4.4512E-02
-6.9929E-02
-7.5105E-02
-3.8969E-02
1.6714E-02
5.5950E-02
4.6819E-02
-2.5432E-03
-4.9325E-02
-6.6801E-02
-6.4310E-02
-6.3069E-02
-7.5456E-02
-7.3029E-02
-3.4955E-02
2.8998E-02
8.6169E-02
9.6148E-02
4.4112E-02
-1.4886E-02
-3.1369E-02
-1.0089E-02
-2.9146E-03
-3.8010E-02
-6.6193E-02
-3.3058E-02
3.4629E-02
8.7226E-02
8.6993E-02
5.7026E-02
5.1218E-02
7.3710E-02
8.9908E-02
8.8569E-02
7.6177E-02
5.4805E-02
1.7992E-02
-1.4781E-02
-1.3795E-02
1.8569E-02
3.8603E-02
3.1459E-02
1.1613E-02
-8.7634E-03
-2.4423E-02
-2.1579E-02
4.4337E-03
1.5478E-02
1.1968E-02
1.7682E-02
3.0770E-02
4.2795E-02
5.1296E-02
5.6187E-02
4.2868E-02
5.3516E-03
-4.1123E-02
-7.2679E-02
-7.9108E-02
-6.5561E-02
-2.8924E-02
1.7618E-02
3.8031E-02
1.9317E-02
-4.4446E-03
1.3574E-02
7.0668E-02
1.1169E-01
9.1928E-02
3.1692E-02
-1.3270E-02
-9.1163E-03
1.6786E-02
2.0723E-02
6.2951E-03
4.4677E-03
1.8668E-02
3.0186E-02
3.6319E-02
5.3911E-02
5.8567E-02
2.9719E-02
-5.5147E-03
-3.4917E-02
-4.8548E-02
-4.0690E-02
-1.9024E-02
3.3548E-03
1.8481E-02
1.2894E-02
-9.9286E-03
-9.6685E-03
2.2727E-02
5.1648E-02
5.6376E-02
1.7480E-02
-3.8858E-02
-7.1118E-02
-6.1870E-02
-7.5173E-03
3.3689E-02
3.9872E-02
1.3140E-02
3.6686E-03
2.3834E-02
4.2195E-02
3.5999E-02
3.4426E-02
4.1622E-02
4.9914E-02
4.7098E-02
5.0389E-02
5.4736E-02
4.2746E-02
1.9122E-02
-3.8750E-03
-2.7098E-02
-3.9196E-02
-2.4463E-02
1.2876E-03
9.7626E-03
5.9050E-04
-1.0897E-02
-2.1193E-02
-3.1862E-02
-3.4141E-02
-2.3906E-02
1.1333E-02
4.9052E-02
6.3975E-02
6.0309E-02
4.9096E-02
3.8282E-02
1.6138E-02
-6.6053E-03
-2.3512E-03
1.7375E-02
1.9251E-02
-9.3104E-03
-4.1787E-02
-6.3242E-02
-6.4535E-02
-4.3807E-02
-2.5592E-02
-2.2034E-02
-1.4674E-02
-1.4067E-03
3.4795E-03
-4.5465E-03
-1.4802E-02
2.9372E-03
4.1159E-02
6.7676E-02
4.9846E-02
7.1302E-04
-2.6018E-02
-1.3766E-02
1.0451E-02
1.3519E-02
3.2533E-03
5.1257E-03
1.6471E-02
9.4066E-03
-1.3475E-02
-2.5193E-02
-2.3613E-02
-1.1316E-02
1.4683E-02
4.2201E-02
5.2823E-02
4.8709E-02
4.0304E-02
3.2591E-02
2.3243E-02
1.5520E-02
7.2974E-03
-4.1650E-03
-1.0689E-02
-1.3618E-02
-2.2091E-02
-5.2262E-02
-8.8584E-02
-1.0745E-01
-9.2087E-02
-6.1202E-02
-4.9195E-02
-5.6569E-02
-3.6386E-02
2.2827E-03
2.8335E-02
1.5777E-02
-1.1025E-02
-1.4814E-02
-1.4461E-02
-3.6923E-02
-7.3289E-02
-9.5426E-02
-8.3862E-02
-4.9756E-02
-2.2521E-02
-1.1262E-02
1.9633E-03
3.5692E-02
7.8839E-02
9.6942E-02
7.5423E-02
3.1485E-02
-5.4550E-03
-2.0133E-02
-4.0251E-03
3.4379E-02
6.3261E-02
5.8239E-02
1.4240E-02
-3.5793E-02
-6.4273E-02
-4.9589E-02
-7.9197E-03
2.1743E-02
1.2235E-02
-1.6596E-02
-2.5015E-02
3.8097E-03
2.9480E-02
2.6642E-02
1.5364E-02
1.1843E-02
2.1541E-03
-7.9721E-03
-1.5938E-02
-2.9177E-02
-2.7991E-02
-9.5976E-03
1.0767E-02
2.4105E-02
3.9174E-02
4.6394E-02
4.1059E-02
2.1295E-02
4.2801E-03
-1.1685E-02
-4.1534E-02
-6.8307E-02
-7.6100E-02
-6.8277E-02
-5.1945E-02
-3.7114E-02
-2.3176E-02
-1.0298E-02
3.0394E-04
7.2465E-03
4.9586E-03
3.4518E-03
1.4586E-02
1.8068E-02
2.1807E-05
-2.4425E-02
-3.5610E-02
-2.4427E-02
1.1662E-02
2.7550E-02
4.5431E-03
-2.5756E-02
-2.6102E-02
-2.0316E-02
-3.5601E-02
-4.2498E-02
-1.7001E-02
1.1166E-02
2.1082E-02
1.8753E-02
1.1288E-02
1.3653E-02
2.4777E-02
1.6246E-02
-5.4064E-03
-1.8605E-02
-1.8706E-02
-2.2041E-02
-2.8363E-02
-1.2098E-02
2.4524E-02
5.8066E-02
6.1840E-02
4.4051E-02
3.1214E-02
3.5479E-02
5.4176E-02
6.4175E-02
5.4460E-02
3.0804E-02
-1.8806E-03
-3.8193E-02
-6.1250E-02
-5.4504E-02
-2.7780E-02
-8.2808E-03
-3.0174E-03
-6.3748E-04
2.6592E-03
1.7077E-02
4.0680E-02
5.6817E-02
3.9656E-02
-1.4977E-02
-5.6688E-02
-6.2084E-02
-3.3199E-02
-5.4348E-03
7.8494E-03
8.6271E-03
2.0576E-02
4.5108E-02
6.9114E-02
7.7838E-02
6.2809E-02
3.3143E-02
1.1014E-02
1.0499E-03
-8.6631E-03
-2.4710E-02
-3.9171E-02
-4.4135E-02
-3.7674E-02
-1.4790E-02
2.4694E-02
6.2386E-02
7.6679E-02
5.9919E-02
1.6314E-02
-1.9790E-02
-2.9563E-02
-1.3756E-02
2.3096E-03
-5.5520E-03
-2.7789E-02
-4.5100E-02
-4.4656E-02
-2.6674E-02
-1.3051E-02
-1.4054E-02
-9.5193E-03
1.4240E-02
3.6570E-02
2.4354E-02
-2.9144E-04
-1.6781E-03
9.4136E-03
1.2334E-02
1.0821E-02
5.4594E-03
-9.3953E-03
-3.0304E-02
-5.3441E-02
-6.5511E-02
-4.9832E-02
-2.3313E-02
-5.0800E-03
-7.4230E-03
-1.1813E-02
3.9494E-03
2.8990E-02
4.0708E-02
2.6304E-02
-2.5055E-03
-1.5211E-02
-3.7752E-03
9.9542E-03
-5.2628E-03
-3.1364E-02
-3.4514E-02
-1.6525E-02
-1.1442E-02
-3.1973E-02
-5.4406E-02
-5.1961E-02
-2.7114E-02
-5.5331E-03
-1.3178E-03
7.9396E-03
3.1401E-02
3.7551E-02
6.7880E-03
-3.0301E-02
-4.7378E-02
-3.6966E-02
-1.1632E-02
1.2664E-03
-5.2988E-03
-1.1824E-02
-7.1610E-03
5.6994E-04
1.3987E-03
-6.5416E-03
-1.8875E-02
-3.0724E-02
-3.6770E-02
-4.3742E-02
-4.4684E-02
-1.7222E-02
3.0116E-02
6.3762E-02
6.8163E-02
4.2260E-02
9.5518E-03
5.2400E-03
3.4822E-02
4.5438E-02
1.6752E-02
-1.5634E-02
-3.1127E-02
-3.2696E-02
-3.3249E-02
-4.2532E-02
-5.0288E-02
-3.9029E-02
-2.7618E-02
-2.2716E-02
-1.7787E-02
-7.0380E-03
7.7753E-03
2.2027E-02
2.9265E-02
1.5969E-02
-5.3515E-03
-2.6304E-02
-4.5718E-02
-5.6274E-02
-4.7586E-02
-2.8698E-02
-2.3171E-02
-3.8777E-02
-5.7100E-02
-5.2457E-02
-2.4228E-02
5.6307E-04
9.2716E-03
1.3814E-02
1.4861E-02
2.1706E-02
3.7788E-02
4.9501E-02
2.9031E-02
-2.0556E-02
-7.4935E-02
-1.0112E-01
-8.4189E-02
-4.7247E-02
-2.6511E-02
-2.5507E-02
-2.2159E-02
-8.8930E-03
1.1457E-03
-2.1656E-03
-1.8604E-02
-2.6246E-02
-1.9986E-02
-2.8589E-03
1.8440E-02
2.5224E-02
8.8468E-03
-1.1159E-02
-1.5748E-02
-1.6014E-03
2.1692E-02
4.3378E-02
5.9852E-02
6.4251E-02
3.6179E-02
-1.3173E-02
-5.1621E-02
-4.4326E-02
-2.6336E-03
3.0997E-02
4.1978E-02
3.7829E-02
1.0393E-02
-2.5838E-02
-4.1659E-02
-3.3878E-02
-1.2768E-02
1.8939E-02
4.7175E-02
5.9153E-02
6.2992E-02
7.2077E-02
8.1493E-02
7.6245E-02
4.8262E-02
4.1307E-03
-2.6434E-02
-2.3403E-02
-5.1434E-03
2.4137E-03
-5.0136E-03
-1.6647E-02
-2.1255E-02
-1.0142E-02
9.4385E-03
2.0305E-02
2.7263E-02
3.5780E-02
4.6618E-02
5.8301E-02
5.2587E-02
3.4607E-02
2.5836E-02
2.2067E-02
2.1055E-02
2.7953E-02
4.2618E-02
5.2045E-02
5.0050E-02
4.6984E-02
4.6852E-02
2.1687E-02
-2.3785E-02
-4.8228E-02
-3.0640E-02
9.5498E-04
-4.1827E-03
-3.7664E-02
-5.6149E-02
-3.8673E-02
-2.0539E-02
-3.1224E-02
-5.3522E-02
-4.6657E-02
-3.4788E-03
4.3167E-02
5.0099E-02
1.8482E-02
-6.2744E-03
1.4186E-02
5.1411E-02
6.8014E-02
5.6032E-02
1.8224E-02
-2.3551E-02
-5.3802E-02
-6.5511E-02
-5.0369E-02
-1.7321E-02
9.6702E-03
2.9077E-02
4.2919E-02
5.1959E-02
6.5788E-02
8.1583E-02
8.7016E-02
7.5769E-02
4.8497E-02
1.3492E-02
-1.2766E-02
-1.2890E-02
-5.0258E-04
-1.4673E-02
-5.4295E-02
-8.3108E-02
-7.1819E-02
-2.5204E-02
1.5041E-02
3.8308E-02
4.9377E-02
5.6594E-02
7.1598E-02
9.6702E-02
9.8070E-02
5.4547E-02
-5.1238E-03
-4.5238E-02
-5.6899E-02
-6.7768E-02
-8.7468E-02
-9.6015E-02
-7.6234E-02
-6.0955E-02
-6.8866E-02
-6.6264E-02
-2.7507E-02
2.8535E-02
7.4734E-02
8.0579E-02
4.6842E-02
1.4251E-02
-4.1930E-05
-7.5948E-03
-1.8706E-02
-3.3034E-02
-4.1710E-02
-3.3243E-02
-2.2447E-02
-2.4111E-02
-2.8306E-02
-2.4571E-02
-1.8295E-02
-7.1054E-03
9.7560E-03
3.5961E-02
7.8955E-02
1.0941E-01
1.0337E-01
6.3955E-02
2.9547E-02
1.2461E-02
4.5498E-03
4.4807E-03
-8.4312E-03
-3.4297E-02
-5.5812E-02
-4.4619E-02
-8.8152E-03
7.4130E-03
-1.0999E-02
-2.2931E-02
-7.1528E-04
1.9918E-02
1.3045E-02
-1.6590E-03
-1.8495E-03
1.4255E-02
1.0873E-02
-1.5866E-02
-5.1744E-02
-7.7695E-02
-8.2131E-02
-5.1523E-02
-1.9743E-02
2.6767E-03
2.2448E-02
3.8631E-02
2.5522E-02
-1.4341E-02
-4.9209E-02
-6.1936E-02
-6.4353E-02
-5.5000E-02
-4.2662E-02
-4.9565E-02
-7.1069E-02
-8.2859E-02
-5.1940E-02
8.7781E-03
5.3835E-02
6.2872E-02
6.2004E-02
6.9777E-02
8.3493E-02
9.2233E-02
8.8508E-02
8.1520E-02
7.6688E-02
6.6696E-02
3.9444E-02
6.3123E-03
-2.6004E-02
-4.9708E-02
-6.6132E-02
-7.6657E-02
-8.3415E-02
-7.2823E-02
-4.4924E-02
-1.2317E-02
1.1670E-02
2.3709E-02
2.8743E-02
3.6359E-02
3.9510E-02
1.7232E-02
-2.6616E-02
-5.3640E-02
-3.7186E-02
-7.4367E-05
1.7459E-02
1.4655E-02
6.8758E-03
4.5737E-03
1.5054E-02
3.2511E-02
3.8718E-02
2.5448E-02
-2.9832E-03
-4.1276E-02
-7.8360E-02
-9.6155E-02
-8.5530E-02
-5.3243E-02
-2.4698E-02
-2.1081E-02
-4.3699E-02
-6.6254E-02
-6.4467E-02
-3.9257E-02
-1.5112E-02
-5.7164E-03
-1.8733E-02
-3.4158E-02
-2.1934E-02
2.0572E-02
5.9113E-02
6.8625E-02
6.2767E-02
5.2962E-02
4.2099E-02
2.9116E-02
1.3645E-02
5.3268E-03
1.2298E-02
2.3830E-02
1.8098E-02
-7.7660E-03
-3.2477E-02
-3.3148E-02
-1.4607E-04
3.5477E-02
4.6749E-02
4.7339E-02
5.3145E-02
5.9270E-02
3.8818E-02
-5.1032E-03
-4.4557E-02
-5.3405E-02
-3.1726E-02
-1.0653E-02
-1.9539E-02
-5.5612E-02
-8.4178E-02
-8.5156E-02
-4.9380E-02
-7.7907E-03
6.8594E-04
-1.1368E-02
-8.8222E-03
1.4383E-02
3.5853E-02
3.9849E-02
2.2212E-02
-5.3777E-03
-3.3419E-02
-5.2786E-02
-6.1939E-02
-6.1801E-02
-5.8233E-02
-5.2985E-02
-4.5103E-02
-3.9385E-02
-3.9864E-02
-2.2495E-02
7.1214E-03
9.2149E-03
-2.0798E-02
-4.6475E-02
-3.0999E-02
7.7813E-03
2.0320E-02
-5.7633E-03
-3.4111E-02
-2.9624E-02
2.5916E-03
3.2184E-02
3.8311E-02
2.5505E-02
1.7775E-02
1.6746E-02
1.7232E-02
3.0189E-02
4.1956E-02
4.1952E-02
3.3407E-02
2.1429E-02
5.6562E-03
6.8383E-03
1.9523E-02
2.7781E-02
1.8183E-02
6.4346E-03
-1.8780E-03
-7.9145E-03
-1.4293E-02
-2.2509E-02
-2.9296E-02
-1.3461E-02
2.0338E-02
5.4571E-02
7.3842E-02
7.6849E-02
6.2435E-02
4.4973E-02
2.9616E-02
9.3815E-03
-9.6232E-03
-7.0209E-03
1.6142E-02
2.1366E-02
-8.0994E-03
-4.0355E-02
-5.6917E-02
-6.2598E-02
-6.7154E-02
-6.2895E-02
-4.1279E-02
-1.7571E-02
-1.6335E-02
-3.5556E-02
-5.4396E-02
-5.0968E-02
-2.2385E-02
1.2183E-02
3.4672E-02
4.7385E-02
4.7403E-02
2.5643E-02
-7.8147E-03
-3.3936E-02
-3.0669E-02
-9.9758E-03
-1.5459E-03
-1.5232E-03
-3.5510E-04
-1.2091E-03
-7.0130E-03
-1.2387E-02
-1.5751E-02
-1.1052E-03
1.1520E-02
4.2060E-05
-2.4046E-02
-3.1523E-02
-1.4896E-02
4.5649E-03
9.6429E-03
3.9699E-03
-4.3501E-03
-7.7434E-03
-3.0562E-03
1.5090E-02
4.5750E-02
6.1693E-02
4.3701E-02
1.8321E-02
9.8844E-03
5.6585E-03
-5.7845E-03
-9.5947E-03
6.2646E-03
1.6401E-02
-6.5755E-03
-4.5643E-02
-6.6675E-02
-4.8976E-02
-9.8218E-03
1.1716E-02
1.0776E-02
8.2057E-03
6.4116E-03
1.8739E-02
3.8908E-02
5.1174E-02
3.6892E-02
1.8380E-02
1.9343E-02
3.2530E-02
3.6519E-02
3.1882E-02
2.1367E-02
1.0460E-02
8.1038E-03
8.7340E-03
1.2321E-02
2.2802E-02
4.0436E-02
4.7104E-02
3.9311E-02
2.5840E-02
1.2492E-02
5.6222E-03
6.5225E-03
4.7580E-04
-1.3544E-02
-2.0303E-02
-1.7952E-02
-1.9641E-02
-3.2575E-02
-3.2375E-02
-3.3773E-03
3.1017E-02
2.2145E-02
-3.0221E-02
-7.9309E-02
-9.4788E-02
-7.5592E-02
-3.8106E-02
-7.8228E-03
-5.4041E-03
-7.6528E-03
1.1328E-02
4.9786E-02
7.0675E-02
4.6661E-02
-5.7709E-03
-3.3013E-02
-2.2793E-02
-5.7604E-03
-6.8400E-03
-1.3995E-02
-8.7267E-03
5.4601E-03
9.7472E-03
1.6930E-03
-1.0377E-03
9.8825E-03
1.9837E-02
2.6258E-02
2.5138E-02
1.3719E-02
4.4931E-03
8.0672E-03
6.8171E-03
-1.6507E-02
-3.9087E-02
-3.8147E-02
-2.0975E-02
-9.4188E-03
-1.4835E-02
-2.5129E-02
-2.3508E-02
-1.6333E-02
-2.5005E-02
-5.2188E-02
-6.6137E-02
-5.0871E-02
-1.9653E-02
1.1018E-02
3.0359E-02
3.1688E-02
2.6616E-02
2.9943E-02
3.5286E-02
3.6505E-02
2.9656E-02
2.5198E-02
2.9354E-02
3.5265E-02
3.4959E-02
2.9284E-02
2.1115E-02
8.2267E-03
-9.6121E-04
-9.0126E-03
-1.9124E-02
-2.1428E-02
-9.8700E-03
6.2983E-03
2.3858E-02
1.9303E-02
-1.2680E-02
-3.1098E-02
-7.6828E-03
3.0389E-02
4.4281E-02
2.8363E-02
1.3162E-02
2.0914E-02
3.3949E-02
2.6786E-02
-3.2165E-03
-3.2460E-02
-3.1107E-02
-7.0776E-03
1.1571E-02
-1.1036E-03
-2.2867E-02
-2.9827E-02
-1.4862E-02
-1.3571E-03
-1.4997E-02
-4.6559E-02
-5.7345E-02
-4.2189E-02
-1.7373E-03
3.8843E-02
5.6726E-02
3.0726E-02
-1.8979E-02
-4.4878E-02
-3.2023E-02
7.5171E-05
2.1236E-02
2.2156E-02
1.1729E-03
-2.1848E-02
-2.0703E-02
-2.3696E-03
4.4193E-03
4.1708E-04
3.7715E-03
2.2195E-02
4.3326E-02
5.4155E-02
4.0584E-02
1.6706E-02
5.3457E-03
-3.2055E-03
-2.5044E-03
1.0249E-02
1.1891E-02
-4.7018E-03
-1.1220E-02
-9.2329E-03
-4.1278E-03
3.0761E-03
7.7870E-03
4.3093E-03
-6.8425E-03
-2.6938E-02
-4.8734E-02
-5.9504E-02
-4.3492E-02
-1.3723E-02
1.5567E-02
4.3087E-02
5.4079E-02
3.5619E-02
9.7516E-03
-7.6541E-03
-1.6793E-02
-2.4762E-02
-2.2712E-02
2.1213E-03
2.4990E-02
2.4292E-02
-4.0927E-04
-2.4673E-02
-2.7358E-02
-6.4828E-03
2.2622E-02
4.1521E-02
4.5986E-02
3.6071E-02
1.6430E-02
5.5553E-04
-4.0287E-04
7.3546E-03
1.0938E-02
1.3800E-02
1.6051E-02
1.9560E-02
3.2729E-02
4.8415E-02
4.7040E-02
2.0600E-02
-1.3748E-02
-2.6339E-02
-6.8414E-03
1.5817E-02
2.2645E-02
1.5812E-02
-3.9973E-04
-1.2968E-02
-1.0168E-02
-1.1799E-03
4.6845E-03
-2.2858E-04
-5.9625E-03
-1.1056E-02
-1.4023E-02
-7.6221E-03
1.3520E-02
2.8346E-02
2.2818E-02
1.0674E-02
4.5722E-03
7.7633E-03
1.8338E-02
1.3501E-02
-7.0996E-03
-2.4293E-02
-2.7395E-02
-2.0307E-02
-9.5052E-03
-7.4419E-03
-7.7779E-03
2.3201E-03
2.1013E-02
3.1820E-02
3.3950E-02
3.3372E-02
2.6132E-02
1.3750E-02
3.0507E-03
-6.5622E-03
-2.1618E-02
-3.4518E-02
-4.0900E-02
-3.4881E-02
-2.1333E-02
-7.8560E-03
9.0029E-04
5.0542E-03
1.9203E-02
4.6275E-02
6.3462E-02
5.9501E-02
3.9356E-02
1.2959E-02
4.4846E-03
9.9374E-03
1.8808E-02
2.8706E-02
3.6770E-02
3.1585E-02
2.0074E-02
4.0948E-03
-6.4559E-03
-6.9649E-03
-6.0524E-03
-1.2101E-02
-1.6510E-02
-1.3378E-02
-8.6232E-03
-9.9316E-03
-1.2593E-02
-1.0966E-02
-1.0474E-03
1.1799E-02
2.6205E-02
2.9866E-02
1.6123E-02
7.7711E-03
2.2200E-02
3.3031E-02
2.3109E-02
1.8567E-03
-2.8278E-03
1.1874E-02
1.4875E-02
-3.6884E-03
-2.8151E-02
-3.9163E-02
-2.1291E-02
1.3125E-02
2.5621E-02
5.3979E-03
-2.2071E-02
-3.3507E-02
-2.3960E-02
-1.2690E-02
-1.1210E-02
-1.5244E-02
-1.1378E-02
-3.9257E-03
5.1622E-03
5.9993E-03
-8.7530E-03
-2.1373E-02
-1.8507E-02
-8.7795E-03
-6.9134E-03
-8.6459E-03
-3.9091E-03
-9.2741E-04
-1.3696E-02
-3.1503E-02
-3.1564E-02
-1.4255E-02
2.7331E-03
1.1921E-02
6.5839E-03
-6.1894E-03
-1.3163E-02
-1.0024E-02
3.2689E-03
1.8771E-02
2.2275E-02
1.8072E-02
1.8263E-02
2.6442E-02
1.9187E-02
-1.1458E-02
-3.8640E-02
-3.7009E-02
-1.0476E-02
5.0002E-03
6.1701E-04
-1.2190E-02
-2.7814E-02
-3.8933E-02
-2.7126E-02
1.7595E-03
2.0209E-02
1.1738E-02
-8.1523E-03
-5.1573E-03
1.9073E-02
2.8345E-02
2.2228E-02
1.4713E-02
1.5092E-02
1.1198E-02
1.7180E-03
-1.0727E-02
-1.8478E-02
-1.5903E-02
-4.9422E-03
4.6461E-03
2.3339E-03
-5.2737E-03
-1.5235E-03
1.1740E-02
1.2879E-02
-5.7447E-03
-2.1081E-02
-2.2880E-02
-2.3686E-02
-3.1988E-02
-3.7921E-02
-2.1277E-02
1.4151E-02
3.3799E-02
2.4684E-02
-5.0539E-03
-2.1106E-02
-8.6205E-03
6.8932E-03
-7.0234E-03
-3.9879E-02
-5.8593E-02
-3.9613E-02
-1.5002E-03
2.2397E-02
2.7887E-02
1.8906E-02
6.4021E-03
4.9111E-03
1.9028E-03
-8.3391E-03
-1.5488E-02
-6.3577E-03
2.6150E-03
-2.2677E-03
-1.1697E-02
-6.1195E-03
9.9387E-03
1.7846E-02
1.1675E-02
-4.6551E-03
-1.7879E-02
-1.8225E-02
-9.3685E-03
-7.3535E-10
2.2281E-03
7.0888E-03
2.1895E-02
3.0067E-02
2.7663E-02
2.8744E-02
2.9654E-02
1.7957E-02
-5.4905E-03
-2.6418E-02
-1.9168E-02
1.3198E-02
2.9460E-02
1.4257E-02
-1.3209E-02
-3.5078E-02
-3.5904E-02
-1.1846E-02
1.8413E-02
3.6688E-02
3.9231E-02
3.4051E-02
1.6940E-02
2.3709E-04
-9.9604E-04
9.5511E-03
6.3559E-03
-6.4764E-03
-1.1907E-02
-1.1559E-02
-1.5098E-02
-2.6489E-02
-4.2150E-02
-4.1945E-02
-1.5655E-02
1.2257E-02
2.5065E-02
2.7147E-02
2.4627E-02
3.1173E-02
4.6420E-02
3.8215E-02
4.6321E-03
-1.6395E-02
-1.3818E-02
-1.1140E-02
-1.2572E-02
-1.9388E-02
-2.9853E-02
-2.6254E-02
-1.3907E-03
2.0459E-02
2.6245E-02
1.7663E-02
8.7188E-03
2.8221E-03
-5.9162E-03
-1.0965E-02
-4.3178E-03
1.0933E-02
1.7719E-02
4.3168E-03
-1.4054E-02
-1.4607E-02
-8.2109E-03
-1.3665E-02
-1.9030E-02
-5.3929E-03
1.5681E-02
2.2447E-02
1.2448E-02
5.7880E-03
1.0749E-02
2.7532E-02
2.8872E-02
1.5008E-02
1.2185E-02
3.1235E-02
3.4308E-02
3.9065E-03
-3.4590E-02
-5.2469E-02
-4.3836E-02
-1.2502E-02
9.4730E-03
1.1201E-02
-8.3440E-03
-3.9500E-02
-5.6526E-02
-3.7864E-02
-2.0590E-03
2.0937E-02
2.8289E-02
2.8097E-02
2.4852E-02
1.6269E-02
1.3645E-02
2.2316E-02
2.7589E-02
2.3558E-02
1.4218E-02
3.3887E-03
5.9769E-04
-7.1294E-04
-6.7649E-03
-7.5934E-03
-5.6227E-03
-1.3388E-02
-2.5730E-02
-3.1886E-02
-2.9053E-02
-1.8114E-02
-1.3255E-02
-1.2268E-02
-1.0926E-02
-8.1760E-03
3.3874E-04
8.9498E-03
7.8267E-03
1.2589E-03
-7.5181E-03
-1.5307E-02
-1.4847E-02
-7.0120E-03
-3.4908E-04
5.0178E-03
5.3179E-03
5.6045E-03
8.2937E-03
1.6013E-02
2.1335E-02
1.9167E-02
1.3697E-02
1.5501E-02
1.7444E-02
4.8671E-03
-1.2749E-02
-2.4061E-02
-3.1074E-02
-3.7225E-02
-3.9195E-02
-3.2307E-02
-1.8674E-02
-5.0622E-03
-5.1905E-03
-1.4792E-02
-1.8513E-02
-1.6175E-02
-2.3818E-02
-3.2714E-02
-2.1239E-02
-1.5557E-04
6.8908E-03
7.8746E-04
-1.4901E-02
-3.2710E-02
-3.3985E-02
-1.3815E-02
-2.6676E-04
-9.4795E-03
-2.9172E-02
-3.3511E-02
-1.5332E-02
1.5670E-02
3.5615E-02
3.5116E-02
1.3645E-02
-1.0856E-02
-1.3117E-02
2.1616E-03
2.3059E-02
3.8534E-02
4.2744E-02
3.7734E-02
2.7182E-02
1.4647E-02
1.2096E-02
1.8496E-02
1.4864E-02
-1.0819E-03
-9.2171E-03
-3.1148E-03
6.7695E-03
1.1062E-02
8.0264E-03
-3.6232E-03
-1.0314E-02
-4.9927E-03
8.6637E-04
-2.2758E-03
-1.3095E-02
-1.7561E-02
-7.1176E-03
9.8479E-03
2.1993E-02
2.1626E-02
5.5958E-03
-1.3058E-02
-1.8989E-02
-3.9706E-03
2.1155E-02
3.7013E-02
3.4607E-02
1.9005E-02
4.2095E-03
-2.8618E-03
-2.5748E-03
5.5407E-03
1.3072E-02
1.1964E-02
-1.0888E-02
-3.2543E-02
-3.6907E-02
-2.3736E-02
-3.0705E-03
1.4116E-02
9.6888E-03
-6.3135E-03
-1.1837E-02
-3.7909E-03
1.2361E-02
2.9868E-02
3.2011E-02
1.6994E-02
-2.6919E-04
-5.2151E-03
6.8495E-04
2.3633E-03
-1.8197E-02
-4.0962E-02
-3.5462E-02
-1.2550E-02
-4.0365E-03
-1.1234E-02
-1.9076E-02
-2.0368E-02
-1.9345E-02
-9.7762E-03
5.5401E-03
1.4406E-02
9.7555E-03
-7.1920E-04
-8.6951E-03
-1.3074E-02
-1.0049E-02
-5.3336E-03
-6.6718E-03
-1.9198E-04
1.8185E-02
2.7892E-02
8.3162E-03
-1.6724E-02
-1.6244E-02
4.0152E-03
7.6252E-03
1.3557E-03
1.0086E-02
2.3396E-02
1.9001E-02
8.0596E-04
-9.9555E-03
-4.3859E-03
1.3602E-02
2.5885E-02
2.1056E-02
7.5547E-03
-1.9708E-03
-4.5150E-03
6.6528E-04
8.5867E-03
1.9403E-02
2.8842E-02
2.0879E-02
9.9801E-03
5.3327E-03
-2.5841E-03
-1.3357E-02
-1.9513E-02
-1.6317E-02
-1.2473E-03
1.7018E-02
3.2836E-02
3.8201E-02
2.4843E-02
8.1662E-03
1.1573E-02
1.8137E-02
1.2526E-03
-2.9519E-02
-4.3017E-02
-2.3796E-02
1.0241E-02
2.4915E-02
1.4767E-02
4.5322E-03
1.7829E-02
3.8724E-02
3.8966E-02
2.1295E-02
9.5762E-03
1.2222E-02
2.4493E-02
3.9108E-02
4.4822E-02
4.1319E-02
3.8583E-02
4.1587E-02
4.2460E-02
4.0534E-02
4.3644E-02
5.1788E-02
5.0706E-02
3.6550E-02
2.7513E-02
2.9431E-02
3.0394E-02
1.5030E-02
-6.2425E-03
-1.7581E-02
-1.5479E-02
-4.5235E-03
5.6132E-03
9.2464E-03
2.6459E-03
-1.2512E-02
-2.3351E-02
-2.2171E-02
-1.4903E-02
-2.2291E-02
-4.4226E-02
-6.4073E-02
-7.4871E-02
-6.7593E-02
-4.7741E-02
-3.1261E-02
-2.4340E-02
-2.8366E-02
-4.2659E-02
-4.8713E-02
-4.5578E-02
-4.7396E-02
-6.1192E-02
-7.7241E-02
-9.2903E-02
-1.0372E-01
-1.0031E-01
-7.5085E-02
-4.6526E-02
-3.3506E-02
-3.7852E-02
-4.3810E-02
-3.9852E-02
-3.7536E-02
-4.5715E-02
-5.6077E-02
-6.1030E-02
-6.5169E-02
-6.9404E-02
-6.7795E-02
-5.6482E-02
-4.1733E-02
-3.5209E-02
-3.5859E-02
-3.8699E-02
-4.5782E-02
-5.6681E-02
-6.4772E-02
-6.8569E-02
-6.8478E-02
-6.3072E-02
-5.9523E-02
-5.5755E-02
-4.2890E-02
-2.7682E-02
-1.6960E-02
-1.7596E-02
-2.8003E-02
-3.8840E-02
-4.1827E-02
-3.7564E-02
-2.3441E-02
-1.7387E-03
1.7798E-02
2.6586E-02
2.7410E-02
2.7187E-02
3.0432E-02
3.1265E-02
3.2208E-02
3.6150E-02
4.6337E-02
6.4099E-02
8.0497E-02
8.3036E-02
6.7536E-02
4.8018E-02
3.8365E-02
4.0677E-02
4.6481E-02
5.1992E-02
5.9114E-02
6.6903E-02
7.3080E-02
8.0115E-02
8.8920E-02
9.5625E-02
9.6635E-02
8.6738E-02
6.7702E-02
4.7210E-02
3.7507E-02
4.0709E-02
4.9256E-02
4.2449E-02
2.3059E-02
1.4092E-02
3.2315E-02
6.2828E-02
7.2428E-02
4.2686E-02
4.8821E-03
-7.6644E-03
1.9227E-02
6.0485E-02
9.3119E-02
1.0610E-01
9.3376E-02
6.6968E-02
4.8971E-02
4.6872E-02
6.7497E-02
9.4749E-02
1.0602E-01
9.3884E-02
6.8105E-02
4.8394E-02
3.8763E-02
3.0581E-02
2.3325E-02
1.0573E-02
-3.9256E-03
-6.4189E-03
1.1478E-02
4.2171E-02
7.2107E-02
8.7051E-02
9.1669E-02
9.1947E-02
8.1389E-02
5.8275E-02
2.9857E-02
6.0979E-03
-1.2925E-03
1.9773E-03
-4.0933E-03
-1.5225E-02
-1.7221E-02
-6.8267E-03
4.0916E-03
4.9569E-03
4.9283E-04
1.8961E-03
5.5783E-03
4.1165E-03
6.2154E-03
1.0935E-02
5.3204E-03
-1.5624E-02
-4.2950E-02
-5.9480E-02
-4.5264E-02
-1.1438E-02
9.8394E-03
-3.7551E-03
-4.2288E-02
-7.0355E-02
-7.6611E-02
-6.6412E-02
-5.6328E-02
-5.5054E-02
-4.9757E-02
-3.0242E-02
-8.4160E-03
1.1397E-03
-9.1508E-03
-2.7475E-02
-3.6707E-02
-2.9943E-02
-2.0178E-02
-1.1065E-02
-1.1694E-02
-2.9085E-02
-5.5010E-02
-7.4490E-02
-7.6488E-02
-5.8531E-02
-3.9414E-02
-4.2355E-02
-6.7197E-02
-8.5674E-02
-8.2621E-02
-6.1664E-02
-3.3393E-02
-1.5112E-02
-7.5847E-03
2.3399E-03
1.6762E-02
1.8057E-02
2.9057E-03
-2.2584E-02
-3.2808E-02
-2.7307E-02
-3.0359E-02
-4.5870E-02
-5.9513E-02
-6.9870E-02
-7.8257E-02
-8.0724E-02
-8.1658E-02
-8.1712E-02
-7.5661E-02
-6.7173E-02
-5.8847E-02
-4.9715E-02
-4.5928E-02
-4.7141E-02
-4.6368E-02
-4.1322E-02
-3.1638E-02
-2.1736E-02
-1.9502E-02
-2.7902E-02
-4.0198E-02
-4.3406E-02
-4.1803E-02
-4.9735E-02
-6.0225E-02
-5.7069E-02
-4.6026E-02
-3.8108E-02
-3.3260E-02
-2.0922E-02
-1.4559E-03
1.7782E-02
2.6260E-02
2.3662E-02
1.8945E-02
1.8879E-02
2.3546E-02
2.6581E-02
2.3560E-02
1.2439E-02
-4.0119E-04
-1.0399E-02
-1.2124E-02
-8.2733E-03
-3.2873E-03
-5.3603E-03
-1.2089E-02
-2.0992E-02
-2.7384E-02
-2.4392E-02
-1.4166E-02
-5.3442E-03
3.4181E-03
1.5306E-02
2.2547E-02
2.0964E-02
1.0188E-02
2.4403E-03
6.2172E-03
1.4495E-02
1.9816E-02
2.3003E-02
2.6505E-02
2.8844E-02
3.0737E-02
3.1654E-02
3.4326E-02
3.9634E-02
3.8424E-02
2.6694E-02
1.2519E-02
-3.3667E-03
-1.8163E-02
-1.9069E-02
6.9240E-04
3.2044E-02
5.2621E-02
5.9250E-02
5.9491E-02
5.5083E-02
5.0283E-02
4.8472E-02
4.8464E-02
4.2717E-02
3.3957E-02
2.6593E-02
2.2098E-02
1.9192E-02
2.0631E-02
2.0147E-02
1.3589E-02
7.3169E-03
6.2196E-03
1.3959E-02
2.8523E-02
3.4281E-02
1.7828E-02
-9.7651E-03
-2.7389E-02
-3.5316E-02
-4.1690E-02
-4.4045E-02
-3.5288E-02
-1.9090E-02
-1.9289E-04
1.8112E-02
3.2833E-02
3.8339E-02
3.8169E-02
3.7297E-02
2.8134E-02
1.4754E-02
1.0569E-02
7.3815E-03
-2.2497E-03
-1.0574E-02
-1.0871E-02
-9.5111E-03
-6.3304E-03
-6.8548E-03
-1.3919E-02
-2.5231E-02
-3.4877E-02
-3.9482E-02
-3.5634E-02
-2.7877E-02
-1.2726E-02
7.7302E-03
2.0602E-02
9.6784E-03
-1.5360E-02
-2.5259E-02
-1.7793E-02
-2.0074E-02
-3.2626E-02
-3.8834E-02
-3.5618E-02
-2.8058E-02
-2.7537E-02
-4.0841E-02
-5.2859E-02
-4.4688E-02
-2.4324E-02
-1.6821E-02
-2.8655E-02
-3.8243E-02
-2.4787E-02
-4.5566E-03
-2.7624E-03
-1.4268E-02
-2.2024E-02
-1.6841E-02
-1.3728E-02
-2.1563E-02
-3.1181E-02
-3.6462E-02
-3.1218E-02
-1.8580E-02
-8.4808E-03
-2.7736E-03
6.6619E-03
8.7767E-03
-5.3712E-03
-1.9965E-02
-1.1098E-02
1.4444E-02
3.3604E-02
2.4510E-02
1.2558E-03
-5.1776E-03
7.8067E-03
2.0241E-02
2.3268E-02
2.6162E-02
3.6064E-02
4.8568E-02
5.6342E-02
5.4602E-02
4.4546E-02
3.4107E-02
3.3445E-02
4.3761E-02
4.8857E-02
4.7868E-02
4.2400E-02
3.0782E-02
1.6937E-02
9.2428E-03
8.4810E-03
5.5093E-03
1.0361E-03
-3.7612E-03
-1.8083E-04
6.9841E-03
1.2023E-02
1.1330E-02
9.8494E-03
9.0729E-03
1.1177E-02
2.5096E-02
4.5649E-02
5.7185E-02
5.1689E-02
3.6836E-02
3.3641E-02
4.6872E-02
6.3293E-02
6.3077E-02
4.3000E-02
2.3672E-02
1.6485E-02
1.2125E-02
7.6801E-03
7.3763E-03
9.2002E-03
1.0279E-02
1.8497E-02
3.8425E-02
5.6628E-02
5.5181E-02
4.1430E-02
3.7324E-02
4.3216E-02
3.9216E-02
2.6806E-02
1.8975E-02
1.2819E-02
1.6891E-03
-7.4288E-03
-8.6374E-03
4.0728E-04
1.9758E-02
4.0097E-02
4.3698E-02
2.7456E-02
1.0258E-02
5.4774E-03
4.0700E-03
6.1569E-03
8.9132E-03
1.2068E-02
1.5939E-02
1.7145E-02
1.4102E-02
1.2151E-02
1.2537E-02
7.4885E-03
-3.3064E-03
-1.2787E-02
-1.3929E-02
-4.2728E-03
1.0213E-02
1.2538E-02
4.5444E-03
-3.1066E-03
-2.0615E-03
6.1975E-03
1.4313E-02
8.4736E-03
-3.4818E-03
-6.0992E-03
1.2678E-03
3.1648E-03
-9.3049E-03
-2.2046E-02
-2.2888E-02
-1.3131E-02
-7.3836E-03
-1.4294E-02
-2.1501E-02
-2.3929E-02
-2.2817E-02
-1.7485E-02
-1.4997E-02
-1.5234E-02
-1.6014E-02
-1.3533E-02
-7.0367E-03
2.3732E-03
1.1473E-02
1.5467E-02
5.1998E-03
-1.6120E-02
-2.9153E-02
-2.1015E-02
-6.3723E-03
-7.7217E-03
-2.8165E-02
-5.0313E-02
-5.7418E-02
-4.5875E-02
-3.1653E-02
-2.7147E-02
-2.2418E-02
-1.4051E-02
-9.0414E-03
-8.9538E-03
-1.0879E-02
-7.2290E-03
7.1260E-03
2.6486E-02
4.0517E-02
3.3147E-02
8.8767E-03
-1.0009E-02
-1.0577E-02
-1.6754E-03
-4.1901E-03
-2.0287E-02
-3.2006E-02
-2.6022E-02
-7.2350E-03
7.4015E-03
9.4522E-03
8.8833E-03
1.2564E-02
7.9835E-03
-9.4152E-03
-1.3683E-02
3.2812E-03
2.2002E-02
1.6084E-02
-1.5607E-02
-5.1771E-02
-6.7350E-02
-5.3158E-02
-2.8030E-02
-2.1115E-02
-2.1822E-02
-1.7676E-02
-5.0418E-03
7.5393E-03
7.9384E-03
-4.2156E-03
-1.2527E-02
-7.7353E-03
-1.1623E-03
-8.6460E-03
-2.5450E-02
-3.6998E-02
-4.0142E-02
-3.9077E-02
-3.4098E-02
-2.4668E-02
-9.9539E-03
5.8059E-03
1.9291E-02
2.1663E-02
1.7710E-02
1.5453E-02
1.2408E-02
2.5693E-04
-1.4281E-02
-2.2449E-02
-2.2981E-02
-1.1852E-02
4.9329E-03
2.1279E-02
2.6654E-02
1.9563E-02
1.3203E-02
2.4743E-02
3.5581E-02
3.4373E-02
1.8970E-02
-8.3673E-03
-2.8554E-02
-2.2400E-02
6.7215E-03
3.1768E-02
3.8119E-02
2.8075E-02
1.0136E-02
7.4282E-04
1.0902E-03
7.1411E-03
1.9131E-02
3.0830E-02
2.9048E-02
1.9023E-02
1.6286E-02
1.5839E-02
7.2383E-03
-3.2944E-03
2.8246E-03
1.6138E-02
1.6549E-02
7.4916E-03
8.0782E-03
2.3895E-02
3.4488E-02
2.7483E-02
8.4207E-03
-4.2121E-03
6.5891E-03
3.2006E-02
4.7757E-02
4.1633E-02
2.5404E-02
1.0150E-02
6.1483E-03
1.6233E-03
-1.1639E-02
-2.0188E-02
-1.4960E-02
-1.3420E-04
8.5567E-03
4.0325E-03
-4.3019E-03
1.6088E-03
1.0702E-02
1.1402E-02
1.5890E-03
-2.2835E-03
4.2451E-03
1.0128E-02
6.9438E-03
5.9774E-04
-1.7667E-03
-6.2620E-03
-1.1158E-02
-9.8050E-03
-6.9202E-03
-1.0170E-02
-8.8151E-03
-1.3377E-03
9.8309E-03
9.1671E-03
-1.6752E-03
-5.7789E-03
-5.6044E-03
-1.4730E-02
-2.1764E-02
-1.6819E-02
-8.9627E-03
-3.0855E-03
6.7080E-03
1.2838E-02
1.0323E-02
-2.3313E-03
-1.4772E-02
-1.8583E-02
-1.8303E-02
-2.9788E-02
-4.2786E-02
-4.1806E-02
-2.1724E-02
-3.7248E-03
5.1734E-03
3.3619E-03
5.4010E-03
1.1969E-02
1.8363E-02
1.7156E-02
1.1320E-02
4.3495E-03
-2.5404E-03
-1.3242E-02
-2.6398E-02
-3.5178E-02
-3.4803E-02
-2.5702E-02
-1.5066E-02
-8.1062E-03
-2.6164E-05
1.2902E-02
3.1594E-02
4.3978E-02
4.1812E-02
2.2548E-02
3.8870E-03
-6.2908E-03
-5.9714E-03
3.8123E-03
1.0907E-02
-2.8623E-04
-2.0734E-02
-3.7912E-02
-4.6040E-02
-4.1731E-02
-3.2935E-02
-2.3503E-02
-1.5160E-02
-2.0499E-02
-3.0923E-02
-3.4728E-02
-2.3351E-02
-1.0765E-02
-8.3736E-03
-1.4593E-02
-2.5368E-02
-3.7966E-02
-4.1592E-02
-3.4086E-02
-2.0501E-02
-1.0880E-02
-5.2788E-03
-2.8096E-03
3.8695E-03
1.0663E-02
1.4845E-02
1.5378E-02
9.0363E-03
-2.3791E-03
-7.6667E-03
-2.4675E-03
-2.5428E-03
-1.4530E-02
-2.9139E-02
-3.3073E-02
-3.1091E-02
-3.1474E-02
-3.5993E-02
-3.7876E-02
-3.1966E-02
-2.8119E-02
-3.3382E-02
-3.3137E-02
-1.5975E-02
2.1132E-03
1.1980E-02
1.6956E-02
1.5298E-02
1.0378E-02
1.2049E-02
1.2020E-02
1.0181E-02
1.7179E-02
2.6618E-02
2.4036E-02
1.6556E-02
4.5783E-03
-4.1891E-03
-5.1046E-03
4.6195E-03
2.1571E-02
3.3593E-02
4.0211E-02
4.6206E-02
4.9089E-02
5.1954E-02
5.2877E-02
3.7137E-02
9.7524E-03
-8.2723E-03
-1.4983E-02
-1.7994E-02
-2.2192E-02
-2.5863E-02
-3.5540E-02
-4.6531E-02
-5.7013E-02
-5.7122E-02
-4.3903E-02
-3.0179E-02
-2.6970E-02
-2.4900E-02
-2.3432E-02
-2.1582E-02
-1.8657E-02
-2.9999E-04
3.4251E-02
6.3056E-02
5.8796E-02
2.9064E-02
-1.6997E-03
-1.5508E-02
-1.9831E-02
-1.7791E-02
-1.8836E-02
-2.2476E-02
-1.3332E-02
8.4547E-03
2.8371E-02
3.6095E-02
2.8275E-02
1.8692E-02
9.7442E-03
-1.7403E-04
-4.2693E-03
5.0454E-03
1.3759E-02
4.3307E-03
-3.9427E-03
-1.2971E-03
3.3802E-03
-1.1079E-03
-8.8587E-03
-1.2237E-02
-1.3098E-02
-1.2077E-02
-5.0782E-03
6.2856E-03
4.7241E-03
-5.3671E-03
-9.4321E-03
-7.9254E-03
3.8170E-03
2.0858E-02
2.7149E-02
2.2497E-02
1.2710E-02
8.9342E-03
2.2151E-02
4.3809E-02
5.3867E-02
4.3816E-02
2.7261E-02
1.9162E-02
2.4972E-02
3.4471E-02
2.4902E-02
6.6766E-04
-1.4819E-02
-1.3554E-02
5.6436E-03
2.4427E-02
2.4052E-02
1.2012E-02
6.4345E-03
1.2849E-02
2.6669E-02
3.4069E-02
2.6738E-02
1.4220E-02
1.0320E-02
6.8244E-03
-7.4888E-03
-1.3669E-02
-2.2448E-03
9.8570E-03
1.0339E-05
-2.1709E-02
-2.9319E-02
-1.4250E-02
-1.9690E-03
-2.0560E-03
-8.1224E-03
-6.1453E-03
5.8853E-03
2.2517E-02
2.9548E-02
2.5522E-02
1.0079E-02
-1.0416E-02
-2.3509E-02
-2.0232E-02
-5.4509E-03
5.4385E-03
8.9279E-03
1.0527E-02
5.4211E-03
-1.2466E-02
-2.3809E-02
-9.0279E-03
1.4471E-02
1.4547E-02
-1.2777E-02
-4.1303E-02
-3.7363E-02
4.6455E-03
4.4304E-02
4.7700E-02
2.1454E-02
5.4057E-03
2.0038E-02
4.2306E-02
2.9691E-02
-1.1150E-02
-4.5907E-02
-5.7196E-02
-4.5423E-02
-3.2477E-02
-3.9350E-02
-5.8051E-02
-5.9681E-02
-3.4260E-02
5.2073E-04
1.8369E-02
1.2443E-02
-8.5351E-03
-2.1794E-02
-1.9500E-02
-8.7201E-03
-9.1202E-03
-1.9299E-02
-2.2236E-02
-8.8761E-03
3.4621E-03
4.5428E-03
-7.3142E-05
-1.0562E-03
-5.3451E-03
-9.6844E-03
-5.5155E-03
4.8998E-04
3.5587E-03
8.0597E-04
-1.1446E-02
-2.3768E-02
-2.5917E-02
-2.2404E-02
-1.3669E-02
-2.6287E-03
-6.6310E-04
-1.2876E-02
-2.1489E-02
-2.0643E-02
-1.3208E-02
-9.6966E-03
-1.8800E-02
-3.3050E-02
-3.8541E-02
-2.7557E-02
-9.8674E-03
-2.6367E-03
-4.2463E-03
-6.7625E-03
-7.3825E-03
-6.6050E-03
-6.2895E-03
-7.4033E-03
3.2178E-03
1.9467E-02
3.2219E-02
3.3134E-02
2.5051E-02
2.0698E-02
2.3206E-02
1.9902E-02
4.1341E-03
-9.7899E-03
-1.0629E-02
-3.4331E-03
-1.4931E-03
-3.5975E-03
-6.1004E-04
7.1283E-03
1.3022E-02
1.4573E-02
7.1183E-03
-3.4802E-03
-4.8044E-04
1.3529E-02
1.8979E-02
9.0382E-03
-1.4017E-03
-9.3817E-04
7.1093E-03
8.1033E-03
-5.3801E-03
-1.3083E-02
-6.5520E-04
1.8462E-02
1.4939E-02
-1.4455E-02
-4.0079E-02
-3.9585E-02
-1.8724E-02
-8.2331E-03
-1.5737E-02
-2.3704E-02
-1.9864E-02
-1.1872E-02
-5.2859E-03
1.4541E-03
1.1421E-02
1.8546E-02
1.1489E-02
-4.8564E-03
-2.2503E-02
-2.8216E-02
-1.8742E-02
-4.9089E-03
-1.5822E-03
-4.8393E-03
-8.0613E-03
-1.1194E-02
-1.0920E-02
-2.5702E-03
-2.3182E-04
-1.4589E-02
-3.0490E-02
-3.2594E-02
-2.1227E-02
-1.4214E-02
-2.4027E-02
-4.1274E-02
-4.2940E-02
-2.6292E-02
-9.7038E-03
-1.6290E-03
5.0731E-03
2.0280E-02
2.4215E-02
1.0219E-02
-9.0413E-03
-1.3787E-02
-1.7553E-02
-2.5957E-02
-2.7385E-02
-1.0579E-02
1.1357E-02
1.5122E-02
4.6433E-03
7.3539E-03
2.3632E-02
2.8678E-02
1.7867E-02
2.5015E-04
-1.8680E-02
-2.9208E-02
-2.4308E-02
-9.4472E-03
-7.6604E-04
2.0753E-03
7.7228E-03
2.4638E-02
3.4950E-02
2.1671E-02
-9.0780E-04
-3.1224E-03
2.1963E-02
4.7725E-02
5.3209E-02
3.0355E-02
-1.5034E-03
-1.9384E-02
-1.9471E-02
-1.4369E-02
-2.0672E-02
-3.7393E-02
-5.1233E-02
-5.3667E-02
-5.7118E-02
-6.2654E-02
-5.7446E-02
-2.8745E-02
7.6379E-03
2.7276E-02
2.2535E-02
1.1866E-02
1.3308E-02
1.7882E-02
1.2971E-02
1.3763E-03
-1.0620E-02
-2.8731E-02
-3.9662E-02
-3.3673E-02
-2.0849E-02
-1.1640E-02
-6.6029E-03
-1.2811E-03
3.7815E-03
1.1083E-02
2.6157E-02
4.7968E-02
6.6923E-02
5.6315E-02
2.8915E-02
1.4768E-02
1.5744E-02
1.2874E-02
1.2189E-03
-1.3175E-02
-2.1240E-02
-1.7392E-02
-2.4529E-03
8.8230E-03
4.8847E-03
3.4979E-03
1.1826E-02
1.7680E-02
1.6060E-02
1.7203E-02
2.1048E-02
1.1140E-02
-9.4337E-03
-1.2667E-02
1.3890E-02
4.8922E-02
5.2942E-02
1.9756E-02
-1.4421E-02
-1.3435E-02
7.3852E-03
1.8244E-02
5.4508E-03
-1.4252E-02
-2.9047E-02
-3.0111E-02
-1.2142E-02
1.5525E-02
3.1721E-02
2.7747E-02
5.5719E-03
-8.8465E-03
3.9436E-05
2.1613E-02
4.1996E-02
5.6802E-02
5.2780E-02
2.9025E-02
6.6943E-03
-1.9449E-03
-4.2826E-03
-9.7662E-04
9.1949E-03
1.6077E-02
1.1114E-02
8.7821E-03
2.0620E-02
2.8435E-02
2.0819E-02
1.3158E-02
2.0084E-02
3.3730E-02
3.7421E-02
2.1349E-02
-7.8498E-03
-2.5308E-02
-2.5550E-02
-1.6525E-02
-9.8636E-03
-7.3956E-03
-7.1042E-03
1.4183E-03
1.3025E-02
1.1100E-02
-6.0058E-03
-2.5242E-02
-3.4392E-02
-2.7923E-02
-8.5742E-03
4.8081E-03
1.6855E-03
-3.4466E-03
-4.3823E-03
3.8360E-03
2.2272E-02
3.7367E-02
3.4308E-02
1.4060E-02
-1.3144E-03
2.2898E-03
7.3017E-03
-3.1864E-03
-1.2956E-02
-1.4370E-02
-6.7878E-03
3.9499E-03
1.7938E-02
3.2487E-02
4.5970E-02
5.1995E-02
4.7378E-02
3.8705E-02
3.2013E-02
1.6300E-02
-1.0112E-02
-2.4488E-02
-1.3543E-02
5.6263E-03
1.1494E-02
5.5910E-03
-1.0383E-02
-1.3730E-02
5.5721E-03
3.1707E-02
3.9468E-02
1.7047E-02
-2.1772E-02
-4.6633E-02
-4.2925E-02
-1.0308E-02
2.0651E-02
2.3266E-02
-3.9505E-03
-3.0425E-02
-3.6626E-02
-2.6461E-02
-1.8954E-02
-2.7442E-02
-3.3573E-02
-2.2563E-02
-7.7005E-03
-6.8026E-03
-1.3486E-02
-8.0227E-03
1.5970E-02
4.0841E-02
4.2080E-02
1.6426E-02
-1.1303E-02
-2.3538E-02
-1.7228E-02
-3.2168E-03
-3.3869E-03
-8.0269E-03
2.2696E-03
2.5600E-02
4.0238E-02
3.9095E-02
3.2077E-02
2.4780E-02
1.2634E-02
-4.3402E-03
-1.9096E-02
-2.4699E-02
-1.7082E-02
8.6500E-05
1.5074E-02
1.3072E-02
3.8604E-03
1.0577E-02
1.9621E-02
1.3258E-02
-1.4811E-04
-7.5643E-03
-5.7047E-04
1.5300E-02
1.2465E-02
-1.3291E-02
-2.9715E-02
-1.3423E-02
1.1243E-02
1.0124E-02
-4.4119E-03
-7.8885E-03
-4.5017E-03
-1.1632E-03
-3.0954E-03
-6.7098E-04
1.9801E-02
4.8397E-02
6.0857E-02
5.3120E-02
3.4988E-02
2.3557E-02
1.8649E-02
9.5556E-03
-3.8886E-03
-1.3551E-02
-1.6693E-02
-1.3510E-02
-9.9605E-03
-3.1812E-03
7.8663E-03
1.9856E-02
2.4467E-02
1.5697E-02
-2.5954E-03
-8.7597E-03
-1.7934E-03
4.4100E-03
3.9497E-03
4.6245E-04
-2.1914E-03
-2.2371E-03
6.0502E-03
1.8796E-02
2.4914E-02
2.1750E-02
1.4113E-02
8.9314E-03
3.0133E-03
-5.5644E-04
1.4083E-03
4.7384E-03
-7.0374E-05
-1.3001E-02
-2.6049E-02
-2.1547E-02
3.7604E-03
3.6297E-02
5.9008E-02
5.6502E-02
2.6186E-02
6.4086E-04
-4.3462E-03
6.4641E-04
6.0614E-04
1.6435E-04
6.7947E-03
1.3278E-02
1.1370E-02
4.5126E-03
4.7799E-03
1.8404E-02
2.3534E-02
7.5749E-03
-1.7589E-02
-3.2182E-02
-3.0749E-02
-1.8835E-02
-1.4345E-02
-2.2751E-02
-2.7783E-02
-1.7056E-02
-2.7545E-03
-4.8012E-03
-1.7285E-02
-1.2151E-02
1.5206E-02
4.4772E-02
4.5741E-02
1.0509E-02
-2.5523E-02
-3.2754E-02
-2.7965E-02
-3.3656E-02
-4.8857E-02
-4.8337E-02
-2.6895E-02
-8.2997E-03
-1.4401E-03
-6.9097E-04
-6.6400E-03
-1.5406E-02
-9.1020E-03
1.4021E-02
2.8694E-02
2.1406E-02
-1.6112E-03
-2.6675E-02
-3.1698E-02
-1.3253E-02
2.9110E-03
2.9429E-03
-8.2116E-03
-2.2513E-02
-2.1655E-02
-8.1146E-03
2.3789E-05
-1.3146E-03
8.5245E-04
2.5257E-03
1.0711E-03
-7.8286E-03
-1.9451E-02
-2.1641E-02
-1.0941E-02
-4.7834E-05
-3.0623E-03
-1.0919E-02
-1.5932E-02
-1.6799E-02
-1.7607E-02
-2.6876E-02
-4.0795E-02
-4.3516E-02
-3.1758E-02
-1.2166E-02
2.6281E-03
1.1860E-02
1.6395E-02
1.4710E-02
7.5218E-03
1.9133E-03
1.4973E-03
1.1740E-02
1.9131E-02
9.5770E-03
-5.7771E-03
-6.7897E-03
-3.2129E-03
-5.9990E-03
-1.4494E-02
-1.9872E-02
-2.3372E-02
-1.4275E-02
2.8296E-03
2.1513E-02
3.8159E-02
4.8797E-02
5.3680E-02
4.8062E-02
3.0160E-02
1.6291E-02
1.6146E-02
1.9757E-02
1.4318E-02
1.1092E-03
-1.2316E-02
-2.1264E-02
-2.9457E-02
-3.5976E-02
-3.1655E-02
-1.0885E-02
1.1972E-02
1.4745E-02
-1.8872E-03
-1.9067E-02
-2.4745E-02
-1.6471E-02
5.1964E-05
1.1315E-02
9.3149E-03
5.0871E-04
2.7780E-03
9.3687E-03
5.8349E-03
-5.8844E-03
-1.2087E-02
-6.8236E-03
1.0519E-02
2.7913E-02
3.0678E-02
1.3137E-02
-9.3849E-03
-1.8436E-02
-1.0733E-02
5.6763E-04
1.6059E-03
-3.6816E-03
3.6691E-04
1.7639E-02
3.2376E-02
3.5090E-02
2.7042E-02
1.3884E-02
-5.5185E-03
-2.7947E-02
-4.3216E-02
-4.3313E-02
-4.0334E-02
-3.9128E-02
-3.0926E-02
-1.1768E-02
5.5728E-03
1.8045E-02
3.1472E-02
3.6445E-02
2.6538E-02
1.6256E-02
8.1732E-03
5.3339E-04
-3.9051E-03
-2.3176E-03
-7.9006E-03
-2.3451E-02
-4.2488E-02
-3.9613E-02
-9.4033E-03
1.5505E-02
6.8619E-03
-1.5997E-02
-2.7305E-02
-2.4807E-02
-2.3518E-02
-2.8883E-02
-2.9099E-02
-1.1716E-02
1.4542E-02
3.0143E-02
2.5341E-02
1.5559E-02
1.6757E-02
2.1704E-02
1.5916E-02
6.0155E-03
4.7929E-03
1.4678E-02
2.2979E-02
1.5003E-02
-1.2735E-02
-4.0028E-02
-4.8650E-02
-4.0733E-02
-3.1539E-02
-3.3914E-02
-3.2946E-02
-2.0776E-02
-6.8998E-03
-2.9789E-03
-6.2183E-03
-4.2393E-03
4.1196E-03
1.6504E-02
2.4986E-02
2.0496E-02
-1.7001E-03
-2.4140E-02
-2.4792E-02
-4.4517E-03
9.2311E-03
6.4771E-03
2.9159E-03
1.1230E-02
2.7034E-02
3.2990E-02
1.5490E-02
-1.5491E-02
-3.4119E-02
-3.4997E-02
-3.1717E-02
-2.7624E-02
-2.2651E-02
-2.0243E-02
-1.9365E-02
-1.8016E-02
-1.8194E-02
-1.7682E-02
-1.1973E-02
-6.2973E-04
4.9819E-03
1.3862E-03
-9.7797E-03
-2.1052E-02
-2.7547E-02
-2.6304E-02
-1.8463E-02
-8.6622E-04
1.7786E-02
2.1132E-02
4.9266E-03
-1.0575E-02
-8.0211E-03
7.9273E-03
1.1208E-02
-5.2329E-03
-2.1928E-02
-2.1406E-02
-8.9270E-03
9.3428E-05
-3.5672E-03
-1.2029E-02
-1.4781E-02
-6.1040E-03
1.2519E-02
3.0478E-02
3.8606E-02
2.9736E-02
7.9384E-03
-5.9466E-03
7.2680E-04
1.7210E-02
2.2289E-02
1.3428E-02
1.5707E-03
-1.2917E-03
8.9825E-04
2.3016E-03
3.5877E-03
3.5746E-03
-7.3639E-03
-2.0825E-02
-2.4145E-02
-1.0051E-02
1.3692E-02
3.5310E-02
4.6836E-02
4.6097E-02
3.5484E-02
2.1853E-02
1.3862E-02
1.7938E-02
2.4075E-02
1.6956E-02
-2.3627E-03
-1.6405E-02
-1.5270E-02
-4.3413E-03
4.8450E-04
-4.1504E-03
-4.2116E-03
5.8263E-03
1.3724E-02
8.3670E-03
-3.1359E-03
-4.6401E-03
2.2411E-03
1.0869E-02
8.9669E-03
-8.2376E-03
-1.9894E-02
-1.5400E-02
-1.3090E-02
-1.9655E-02
-2.2421E-02
-1.5503E-02
-1.5971E-04
1.1807E-02
4.7426E-03
-1.0021E-02
-1.6310E-02
-1.5469E-02
-1.8769E-02
-2.2770E-02
-2.9597E-02
-3.1373E-02
-2.3193E-02
-1.3656E-02
-5.1221E-03
5.5926E-03
1.4470E-02
9.8141E-03
-7.9141E-03
-1.8522E-02
-6.3413E-03
1.7188E-02
2.6760E-02
1.5129E-02
-4.0499E-03
-6.6051E-03
1.5566E-03
7.2224E-03
5.4813E-03
3.6062E-03
1.8275E-03
7.0016E-03
1.5746E-02
1.5508E-02
1.7179E-03
-1.2811E-02
-1.7081E-02
-8.5586E-03
2.7050E-03
1.1811E-02
1.3281E-02
4.6203E-03
-5.1516E-03
-5.8360E-03
1.0071E-03
4.1864E-03
3.3452E-04
-3.2763E-03
3.6799E-03
1.5983E-02
1.9027E-02
9.6501E-03
-1.6594E-03
-5.1344E-03
3.9613E-03
1.8630E-02
2.5963E-02
2.3962E-02
1.9470E-02
1.5854E-02
6.6712E-03
-7.2778E-03
-1.9259E-02
-2.1803E-02
-1.3985E-02
-6.3881E-03
-1.0148E-02
-1.3890E-02
-1.7460E-03
1.8813E-02
1.7858E-02
-4.3956E-03
-2.2146E-02
-2.0833E-02
-5.5377E-03
1.4666E-03
-9.3132E-03
-1.5263E-02
-7.8223E-03
2.7347E-03
5.7718E-03
-4.3999E-04
-8.1595E-03
-6.8709E-03
-4.9282E-03
-2.4495E-03
4.0669E-03
1.3030E-02
1.5173E-02
1.0358E-02
4.7010E-03
3.2096E-03
8.0292E-03
1.2455E-02
1.0289E-02
6.8096E-03
1.0115E-02
1.4682E-02
1.1858E-02
6.3283E-03
2.7174E-03
3.4195E-03
1.0994E-02
1.5716E-02