7.0010E+03
1.0000E-02
0.0000E+00
8.3318E-07
4.5472E-06
8.1416E-06
1.4227E-05
2.0149E-05
2.8662E-05
3.7047E-05
4.7894E-05
5.8762E-05
7.2246E-05
8.5559E-05
1.0138E-04
1.1715E-04
1.3553E-04
1.5369E-04
1.7433E-04
1.9489E-04
2.1809E-04
2.4111E-04
2.6658E-04
2.9188E-04
3.1963E-04
3.4722E-04
3.7745E-04
4.0747E-04
4.3996E-04
4.7247E-04
5.0765E-04
5.4245E-04
5.7974E-04
6.1696E-04
6.5660E-04
6.9616E-04
7.3837E-04
7.8037E-04
8.2491E-04
8.6945E-04
9.1650E-04
9.6325E-04
1.0126E-03
1.0619E-03
1.1136E-03
1.1649E-03
1.2188E-03
1.2726E-03
1.3290E-03
1.3852E-03
1.4440E-03
1.5026E-03
1.5639E-03
1.6249E-03
1.6883E-03
1.7516E-03
1.8175E-03
1.8831E-03
1.9512E-03
2.0192E-03
2.0897E-03
2.1600E-03
2.2329E-03
2.3055E-03
2.3806E-03
2.4554E-03
2.5329E-03
2.6102E-03
2.6900E-03
2.7697E-03
2.8520E-03
2.9339E-03
3.0183E-03
3.1026E-03
3.1894E-03
3.2762E-03
3.3655E-03
3.4545E-03
3.5461E-03
3.6375E-03
3.7314E-03
3.8253E-03
3.9215E-03
4.0176E-03
4.1163E-03
4.2148E-03
4.3157E-03
4.4164E-03
4.5197E-03
4.6228E-03
4.7286E-03
4.8343E-03
4.9425E-03
5.0506E-03
5.1614E-03
5.2718E-03
5.3849E-03
5.4979E-03
5.6133E-03
5.7284E-03
5.8463E-03
5.9639E-03
6.0840E-03
6.2041E-03
6.3268E-03
6.4493E-03
6.5745E-03
6.6993E-03
6.8267E-03
6.9540E-03
7.0839E-03
7.2136E-03
7.3459E-03
7.4780E-03
7.6128E-03
7.7473E-03
7.8844E-03
8.0214E-03
8.1610E-03
8.3004E-03
8.4424E-03
8.5842E-03
8.7287E-03
8.8730E-03
9.0200E-03
9.1668E-03
9.3160E-03
9.4652E-03
9.6169E-03
9.7683E-03
9.9225E-03
1.0077E-02
1.0233E-02
1.0390E-02
1.0549E-02
1.0708E-02
1.0869E-02
1.1031E-02
1.1195E-02
1.1358E-02
1.1525E-02
1.1691E-02
1.1860E-02
1.2028E-02
1.2199E-02
1.2370E-02
1.2544E-02
1.2717E-02
1.2893E-02
1.3069E-02
1.3248E-02
1.3426E-02
1.3607E-02
1.3788E-02
1.3971E-02
1.4154E-02
1.4340E-02
1.4525E-02
1.4713E-02
1.4901E-02
1.5092E-02
1.5282E-02
1.5475E-02
1.5667E-02
1.5863E-02
1.6058E-02
1.6256E-02
1.6453E-02
1.6654E-02
1.6854E-02
1.7056E-02
1.7258E-02
1.7464E-02
1.7668E-02
1.7876E-02
1.8083E-02
1.8292E-02
1.8502E-02
1.8714E-02
1.8926E-02
1.9140E-02
1.9355E-02
1.9572E-02
1.9789E-02
2.0009E-02
2.0229E-02
2.0451E-02
2.0674E-02
2.0900E-02
2.1126E-02
2.1355E-02
2.1586E-02
2.1822E-02
2.2058E-02
2.2300E-02
2.2543E-02
2.2792E-02
2.3045E-02
2.3305E-02
2.3570E-02
2.3842E-02
2.4118E-02
2.4401E-02
2.4688E-02
2.4982E-02
2.5280E-02
2.5583E-02
2.5890E-02
2.6204E-02
2.6523E-02
2.6850E-02
2.7181E-02
2.7518E-02
2.7858E-02
2.8204E-02
2.8556E-02
2.8916E-02
2.9285E-02
2.9668E-02
3.0064E-02
3.0481E-02
3.0919E-02
3.1386E-02
3.1881E-02
3.2413E-02
3.2989E-02
3.3616E-02
3.4297E-02
3.5046E-02
3.5872E-02
3.6784E-02
3.7777E-02
3.8843E-02
3.9978E-02
4.1194E-02
4.2480E-02
4.3824E-02
4.5220E-02
4.6678E-02
4.8190E-02
4.9738E-02
5.1291E-02
5.2835E-02
5.4348E-02
5.5798E-02
5.7161E-02
5.8469E-02
5.9743E-02
6.0972E-02
6.2155E-02
6.3335E-02
6.4528E-02
6.5715E-02
6.6878E-02
6.8055E-02
6.9266E-02
7.0495E-02
7.1750E-02
7.3114E-02
7.4586E-02
7.6053E-02
7.7494E-02
7.8998E-02
8.0560E-02
8.2114E-02
8.3633E-02
8.5091E-02
8.6509E-02
8.7983E-02
8.9465E-02
9.0837E-02
9.2125E-02
9.3412E-02
9.4703E-02
9.5994E-02
9.7246E-02
9.8406E-02
9.9440E-02
1.0040E-01
1.0141E-01
1.0252E-01
1.0363E-01
1.0469E-01
1.0574E-01
1.0680E-01
1.0777E-01
1.0865E-01
1.0947E-01
1.1013E-01
1.1063E-01
1.1119E-01
1.1183E-01
1.1241E-01
1.1290E-01
1.1352E-01
1.1429E-01
1.1507E-01
1.1575E-01
1.1637E-01
1.1708E-01
1.1804E-01
1.1921E-01
1.2048E-01
1.2179E-01
1.2311E-01
1.2438E-01
1.2568E-01
1.2708E-01
1.2857E-01
1.3017E-01
1.3192E-01
1.3375E-01
1.3552E-01
1.3730E-01
1.3916E-01
1.4098E-01
1.4270E-01
1.4438E-01
1.4591E-01
1.4709E-01
1.4789E-01
1.4841E-01
1.4878E-01
1.4916E-01
1.4962E-01
1.5002E-01
1.5038E-01
1.5083E-01
1.5155E-01
1.5244E-01
1.5314E-01
1.5359E-01
1.5420E-01
1.5525E-01
1.5675E-01
1.5848E-01
1.6031E-01
1.6230E-01
1.6433E-01
1.6606E-01
1.6739E-01
1.6855E-01
1.6980E-01
1.7117E-01
1.7274E-01
1.7438E-01
1.7574E-01
1.7679E-01
1.7762E-01
1.7807E-01
1.7797E-01
1.7751E-01
1.7697E-01
1.7645E-01
1.7604E-01
1.7577E-01
1.7567E-01
1.7586E-01
1.7638E-01
1.7726E-01
1.7854E-01
1.7991E-01
1.8090E-01
1.8144E-01
1.8203E-01
1.8302E-01
1.8432E-01
1.8563E-01
1.8674E-01
1.8775E-01
1.8888E-01
1.9032E-01
1.9216E-01
1.9419E-01
1.9632E-01
1.9871E-01
2.0138E-01
2.0383E-01
2.0560E-01
2.0669E-01
2.0715E-01
2.0706E-01
2.0669E-01
2.0628E-01
2.0585E-01
2.0539E-01
2.0500E-01
2.0503E-01
2.0562E-01
2.0658E-01
2.0795E-01
2.1001E-01
2.1280E-01
2.1605E-01
2.1953E-01
2.2325E-01
2.2718E-01
2.3116E-01
2.3523E-01
2.3942E-01
2.4346E-01
2.4722E-01
2.5073E-01
2.5393E-01
2.5653E-01
2.5842E-01
2.5964E-01
2.6020E-01
2.6042E-01
2.6043E-01
2.6021E-01
2.6023E-01
2.6127E-01
2.6350E-01
2.6644E-01
2.6962E-01
2.7313E-01
2.7713E-01
2.8139E-01
2.8542E-01
2.8934E-01
2.9393E-01
2.9972E-01
3.0640E-01
3.1291E-01
3.1853E-01
3.2330E-01
3.2747E-01
3.3088E-01
3.3269E-01
3.3259E-01
3.3123E-01
3.2972E-01
3.2892E-01
3.2931E-01
3.3108E-01
3.3457E-01
3.4021E-01
3.4809E-01
3.5702E-01
3.6560E-01
3.7363E-01
3.8138E-01
3.8904E-01
3.9669E-01
4.0390E-01
4.0986E-01
4.1443E-01
4.1796E-01
4.2056E-01
4.2258E-01
4.2476E-01
4.2739E-01
4.3022E-01
4.3335E-01
4.3770E-01
4.4290E-01
4.4601E-01
4.4499E-01
4.4090E-01
4.3535E-01
4.2925E-01
4.2370E-01
4.1999E-01
4.1872E-01
4.1976E-01
4.2236E-01
4.2603E-01
4.3125E-01
4.3854E-01
4.4590E-01
4.5100E-01
4.5450E-01
4.5786E-01
4.6088E-01
4.6305E-01
4.6503E-01
4.6709E-01
4.6813E-01
4.6692E-01
4.6449E-01
4.6347E-01
4.6633E-01
4.7289E-01
4.7999E-01
4.8540E-01
4.9018E-01
4.9485E-01
4.9697E-01
4.9417E-01
4.8730E-01
4.8038E-01
4.7664E-01
4.7615E-01
4.7668E-01
4.7645E-01
4.7528E-01
4.7280E-01
4.6814E-01
4.6141E-01
4.5445E-01
4.4846E-01
4.4263E-01
4.3639E-01
4.3054E-01
4.2589E-01
4.2277E-01
4.2130E-01
4.2249E-01
4.2595E-01
4.3025E-01
4.3461E-01
4.3852E-01
4.4033E-01
4.3754E-01
4.2948E-01
4.1859E-01
4.0854E-01
4.0200E-01
3.9899E-01
3.9705E-01
3.9440E-01
3.9413E-01
4.0115E-01
4.1619E-01
4.3605E-01
4.5657E-01
4.7548E-01
4.9187E-01
5.0431E-01
5.1151E-01
5.1484E-01
5.1770E-01
5.2283E-01
5.3172E-01
5.4448E-01
5.5940E-01
5.7487E-01
5.9100E-01
6.0712E-01
6.2275E-01
6.3862E-01
6.5430E-01
6.6830E-01
6.8203E-01
6.9956E-01
7.2370E-01
7.5250E-01
7.8168E-01
8.0986E-01
8.3840E-01
8.6855E-01
9.0020E-01
9.3240E-01
9.6202E-01
9.8558E-01
1.0045E+00
1.0246E+00
1.0486E+00
1.0737E+00
1.0970E+00
1.1209E+00
1.1502E+00
1.1866E+00
1.2275E+00
1.2702E+00
1.3145E+00
1.3612E+00
1.4086E+00
1.4550E+00
1.4998E+00
1.5429E+00
1.5843E+00
1.6239E+00
1.6616E+00
1.6978E+00
1.7343E+00
1.7737E+00
1.8154E+00
1.8563E+00
1.8959E+00
1.9377E+00
1.9838E+00
2.0313E+00
2.0762E+00
2.1189E+00
2.1623E+00
2.2067E+00
2.2498E+00
2.2908E+00
2.3312E+00
2.3727E+00
2.4170E+00
2.4663E+00
2.5220E+00
2.5819E+00
2.6398E+00
2.6903E+00
2.7346E+00
2.7786E+00
2.8255E+00
2.8733E+00
2.9209E+00
2.9713E+00
3.0281E+00
3.0913E+00
3.1592E+00
3.2305E+00
3.3051E+00
3.3836E+00
3.4633E+00
3.5377E+00
3.6010E+00
3.6553E+00
3.7075E+00
3.7616E+00
3.8175E+00
3.8764E+00
3.9421E+00
4.0171E+00
4.1011E+00
4.1904E+00
4.2776E+00
4.3546E+00
4.4192E+00
4.4732E+00
4.5185E+00
4.5581E+00
4.5950E+00
4.6298E+00
4.6628E+00
4.6976E+00
4.7398E+00
4.7884E+00
4.8357E+00
4.8721E+00
4.8943E+00
4.9061E+00
4.9132E+00
4.9195E+00
4.9284E+00
4.9418E+00
4.9580E+00
4.9755E+00
4.9933E+00
5.0113E+00
5.0302E+00
5.0501E+00
5.0715E+00
5.0949E+00
5.1211E+00
5.1510E+00
5.1849E+00
5.2240E+00
5.2712E+00
5.3273E+00
5.3878E+00
5.4475E+00
5.5074E+00
5.5736E+00
5.6495E+00
5.7372E+00
5.8374E+00
5.9478E+00
6.0636E+00
6.1787E+00
6.2841E+00
6.3709E+00
6.4352E+00
6.4793E+00
6.5144E+00
6.5527E+00
6.5997E+00
6.6480E+00
6.6842E+00
6.7041E+00
6.7141E+00
6.7270E+00
6.7544E+00
6.8007E+00
6.8666E+00
6.9485E+00
7.0366E+00
7.1217E+00
7.1986E+00
7.2647E+00
7.3189E+00
7.3637E+00
7.4056E+00
7.4519E+00
7.5077E+00
7.5735E+00
7.6463E+00
7.7200E+00
7.7910E+00
7.8620E+00
7.9345E+00
8.0087E+00
8.0842E+00
8.1611E+00
8.2403E+00
8.3226E+00
8.4063E+00
8.4873E+00
8.5659E+00
8.6484E+00
8.7399E+00
8.8423E+00
8.9570E+00
9.0832E+00
9.2146E+00
9.3451E+00
9.4728E+00
9.5959E+00
9.7123E+00
9.8205E+00
9.9185E+00
1.0005E+01
1.0086E+01
1.0174E+01
1.0280E+01
1.0406E+01
1.0552E+01
1.0714E+01
1.0892E+01
1.1085E+01
1.1296E+01
1.1527E+01
1.1780E+01
1.2052E+01
1.2340E+01
1.2636E+01
1.2929E+01
1.3213E+01
1.3485E+01
1.3749E+01
1.4008E+01
1.4266E+01
1.4528E+01
1.4803E+01
1.5095E+01
1.5403E+01
1.5722E+01
1.6046E+01
1.6376E+01
1.6712E+01
1.7054E+01
1.7397E+01
1.7734E+01
1.8063E+01
1.8382E+01
1.8692E+01
1.8995E+01
1.9293E+01
1.9587E+01
1.9876E+01
2.0167E+01
2.0471E+01
2.0795E+01
2.1143E+01
2.1507E+01
2.1876E+01
2.2237E+01
2.2586E+01
2.2928E+01
2.3276E+01
2.3635E+01
2.4004E+01
2.4375E+01
2.4742E+01
2.5102E+01
2.5460E+01
2.5818E+01
2.6179E+01
2.6544E+01
2.6908E+01
2.7265E+01
2.7609E+01
2.7940E+01
2.8261E+01
2.8578E+01
2.8891E+01
2.9200E+01
2.9499E+01
2.9783E+01
3.0052E+01
3.0307E+01
3.0557E+01
3.0806E+01
3.1061E+01
3.1320E+01
3.1579E+01
3.1835E+01
3.2084E+01
3.2324E+01
3.2550E+01
3.2760E+01
3.2953E+01
3.3129E+01
3.3290E+01
3.3439E+01
3.3578E+01
3.3707E+01
3.3827E+01
3.3941E+01
3.4056E+01
3.4176E+01
3.4298E+01
3.4413E+01
3.4514E+01
3.4603E+01
3.4687E+01
3.4770E+01
3.4846E+01
3.4910E+01
3.4960E+01
3.4998E+01
3.5032E+01
3.5068E+01
3.5102E+01
3.5133E+01
3.5158E+01
3.5180E+01
3.5201E+01
3.5222E+01
3.5245E+01
3.5269E+01
3.5297E+01
3.5327E+01
3.5359E+01
3.5395E+01
3.5433E+01
3.5476E+01
3.5521E+01
3.5564E+01
3.5601E+01
3.5631E+01
3.5650E+01
3.5661E+01
3.5666E+01
3.5673E+01
3.5684E+01
3.5701E+01
3.5723E+01
3.5749E+01
3.5777E+01
3.5804E+01
3.5829E+01
3.5849E+01
3.5865E+01
3.5877E+01
3.5888E+01
3.5899E+01
3.5911E+01
3.5922E+01
3.5930E+01
3.5933E+01
3.5932E+01
3.5927E+01
3.5920E+01
3.5914E+01
3.5909E+01
3.5904E+01
3.5897E+01
3.5887E+01
3.5877E+01
3.5871E+01
3.5872E+01
3.5879E+01
3.5892E+01
3.5910E+01
3.5933E+01
3.5959E+01
3.5983E+01
3.5994E+01
3.5986E+01
3.5956E+01
3.5910E+01
3.5851E+01
3.5783E+01
3.5706E+01
3.5619E+01
3.5526E+01
3.5428E+01
3.5328E+01
3.5234E+01
3.5150E+01
3.5073E+01
3.4997E+01
3.4918E+01
3.4838E+01
3.4758E+01
3.4680E+01
3.4601E+01
3.4524E+01
3.4450E+01
3.4378E+01
3.4306E+01
3.4231E+01
3.4149E+01
3.4063E+01
3.3970E+01
3.3869E+01
3.3760E+01
3.3651E+01
3.3547E+01
3.3452E+01
3.3359E+01
3.3261E+01
3.3150E+01
3.3029E+01
3.2910E+01
3.2798E+01
3.2692E+01
3.2587E+01
3.2480E+01
3.2376E+01
3.2278E+01
3.2181E+01
3.2081E+01
3.1974E+01
3.1868E+01
3.1768E+01
3.1676E+01
3.1591E+01
3.1508E+01
3.1426E+01
3.1346E+01
3.1267E+01
3.1188E+01
3.1107E+01
3.1021E+01
3.0928E+01
3.0829E+01
3.0728E+01
3.0630E+01
3.0536E+01
3.0449E+01
3.0370E+01
3.0298E+01
3.0231E+01
3.0165E+01
3.0100E+01
3.0031E+01
2.9958E+01
2.9883E+01
2.9808E+01
2.9733E+01
2.9656E+01
2.9576E+01
2.9494E+01
2.9411E+01
2.9325E+01
2.9235E+01
2.9141E+01
2.9046E+01
2.8954E+01
2.8869E+01
2.8795E+01
2.8733E+01
2.8683E+01
2.8645E+01
2.8613E+01
2.8580E+01
2.8539E+01
2.8489E+01
2.8429E+01
2.8362E+01
2.8295E+01
2.8229E+01
2.8165E+01
2.8101E+01
2.8038E+01
2.7979E+01
2.7924E+01
2.7871E+01
2.7818E+01
2.7765E+01
2.7709E+01
2.7649E+01
2.7588E+01
2.7529E+01
2.7477E+01
2.7437E+01
2.7408E+01
2.7385E+01
2.7362E+01
2.7334E+01
2.7295E+01
2.7241E+01
2.7173E+01
2.7097E+01
2.7026E+01
2.6967E+01
2.6922E+01
2.6886E+01
2.6854E+01
2.6825E+01
2.6795E+01
2.6763E+01
2.6727E+01
2.6686E+01
2.6639E+01
2.6588E+01
2.6536E+01
2.6486E+01
2.6436E+01
2.6386E+01
2.6334E+01
2.6280E+01
2.6225E+01
2.6172E+01
2.6127E+01
2.6096E+01
2.6079E+01
2.6071E+01
2.6068E+01
2.6066E+01
2.6062E+01
2.6055E+01
2.6045E+01
2.6034E+01
2.6024E+01
2.6017E+01
2.6009E+01
2.5998E+01
2.5982E+01
2.5959E+01
2.5933E+01
2.5910E+01
2.5892E+01
2.5879E+01
2.5866E+01
2.5847E+01
2.5822E+01
2.5798E+01
2.5781E+01
2.5780E+01
2.5799E+01
2.5840E+01
2.5897E+01
2.5961E+01
2.6025E+01
2.6084E+01
2.6131E+01
2.6165E+01
2.6183E+01
2.6192E+01
2.6197E+01
2.6207E+01
2.6223E+01
2.6242E+01
2.6258E+01
2.6272E+01
2.6284E+01
2.6294E+01
2.6305E+01
2.6318E+01
2.6334E+01
2.6352E+01
2.6368E+01
2.6384E+01
2.6401E+01
2.6426E+01
2.6463E+01
2.6513E+01
2.6577E+01
2.6653E+01
2.6738E+01
2.6825E+01
2.6908E+01
2.6983E+01
2.7054E+01
2.7122E+01
2.7187E+01
2.7245E+01
2.7298E+01
2.7350E+01
2.7404E+01
2.7462E+01
2.7527E+01
2.7600E+01
2.7680E+01
2.7763E+01
2.7846E+01
2.7928E+01
2.8010E+01
2.8094E+01
2.8182E+01
2.8274E+01
2.8369E+01
2.8467E+01
2.8565E+01
2.8665E+01
2.8769E+01
2.8881E+01
2.9000E+01
2.9124E+01
2.9248E+01
2.9366E+01
2.9477E+01
2.9578E+01
2.9672E+01
2.9764E+01
2.9859E+01
2.9953E+01
3.0043E+01
3.0124E+01
3.0197E+01
3.0263E+01
3.0325E+01
3.0385E+01
3.0447E+01
3.0513E+01
3.0582E+01
3.0651E+01
3.0717E+01
3.0778E+01
3.0832E+01
3.0880E+01
3.0923E+01
3.0964E+01
3.1004E+01
3.1044E+01
3.1084E+01
3.1130E+01
3.1184E+01
3.1247E+01
3.1311E+01
3.1371E+01
3.1423E+01
3.1467E+01
3.1507E+01
3.1546E+01
3.1584E+01
3.1623E+01
3.1663E+01
3.1701E+01
3.1731E+01
3.1754E+01
3.1776E+01
3.1808E+01
3.1853E+01
3.1907E+01
3.1963E+01
3.2011E+01
3.2046E+01
3.2073E+01
3.2098E+01
3.2125E+01
3.2155E+01
3.2186E+01
3.2218E+01
3.2249E+01
3.2281E+01
3.2318E+01
3.2360E+01
3.2405E+01
3.2451E+01
3.2495E+01
3.2536E+01
3.2573E+01
3.2606E+01
3.2635E+01
3.2660E+01
3.2684E+01
3.2708E+01
3.2732E+01
3.2756E+01
3.2775E+01
3.2787E+01
3.2794E+01
3.2795E+01
3.2789E+01
3.2778E+01
3.2769E+01
3.2764E+01
3.2764E+01
3.2766E+01
3.2772E+01
3.2783E+01
3.2799E+01
3.2818E+01
3.2836E+01
3.2852E+01
3.2864E+01
3.2870E+01
3.2872E+01
3.2873E+01
3.2873E+01
3.2873E+01
3.2878E+01
3.2891E+01
3.2908E+01
3.2925E+01
3.2940E+01
3.2956E+01
3.2977E+01
3.3005E+01
3.3039E+01
3.3079E+01
3.3121E+01
3.3165E+01
3.3209E+01
3.3252E+01
3.3297E+01
3.3342E+01
3.3386E+01
3.3424E+01
3.3449E+01
3.3462E+01
3.3468E+01
3.3472E+01
3.3479E+01
3.3492E+01
3.3515E+01
3.3543E+01
3.3571E+01
3.3595E+01
3.3619E+01
3.3646E+01
3.3671E+01
3.3689E+01
3.3694E+01
3.3686E+01
3.3672E+01
3.3662E+01
3.3658E+01
3.3657E+01
3.3648E+01
3.3628E+01
3.3602E+01
3.3577E+01
3.3558E+01
3.3547E+01
3.3539E+01
3.3530E+01
3.3519E+01
3.3509E+01
3.3502E+01
3.3500E+01
3.3496E+01
3.3486E+01
3.3465E+01
3.3435E+01
3.3403E+01
3.3371E+01
3.3342E+01
3.3316E+01
3.3294E+01
3.3275E+01
3.3259E+01
3.3246E+01
3.3238E+01
3.3232E+01
3.3229E+01
3.3227E+01
3.3225E+01
3.3218E+01
3.3206E+01
3.3186E+01
3.3164E+01
3.3140E+01
3.3116E+01
3.3092E+01
3.3065E+01
3.3037E+01
3.3012E+01
3.2993E+01
3.2981E+01
3.2972E+01
3.2960E+01
3.2943E+01
3.2923E+01
3.2902E+01
3.2883E+01
3.2862E+01
3.2838E+01
3.2810E+01
3.2777E+01
3.2743E+01
3.2711E+01
3.2681E+01
3.2655E+01
3.2630E+01
3.2607E+01
3.2585E+01
3.2569E+01
3.2560E+01
3.2559E+01
3.2565E+01
3.2574E+01
3.2583E+01
3.2590E+01
3.2594E+01
3.2595E+01
3.2592E+01
3.2587E+01
3.2579E+01
3.2570E+01
3.2559E+01
3.2546E+01
3.2528E+01
3.2501E+01
3.2465E+01
3.2425E+01
3.2386E+01
3.2348E+01
3.2308E+01
3.2265E+01
3.2220E+01
3.2180E+01
3.2145E+01
3.2114E+01
3.2085E+01
3.2052E+01
3.2013E+01
3.1971E+01
3.1929E+01
3.1889E+01
3.1851E+01
3.1820E+01
3.1794E+01
3.1770E+01
3.1745E+01
3.1716E+01
3.1684E+01
3.1651E+01
3.1621E+01
3.1594E+01
3.1567E+01
3.1539E+01
3.1509E+01
3.1478E+01
3.1444E+01
3.1407E+01
3.1369E+01
3.1332E+01
3.1297E+01
3.1263E+01
3.1227E+01
3.1191E+01
3.1155E+01
3.1118E+01
3.1083E+01
3.1052E+01
3.1025E+01
3.1002E+01
3.0983E+01
3.0968E+01
3.0955E+01
3.0946E+01
3.0938E+01
3.0933E+01
3.0929E+01
3.0926E+01
3.0925E+01
3.0925E+01
3.0926E+01
3.0931E+01
3.0941E+01
3.0953E+01
3.0963E+01
3.0968E+01
3.0968E+01
3.0965E+01
3.0964E+01
3.0963E+01
3.0959E+01
3.0949E+01
3.0936E+01
3.0926E+01
3.0921E+01
3.0920E+01
3.0916E+01
3.0907E+01
3.0894E+01
3.0881E+01
3.0872E+01
3.0868E+01
3.0863E+01
3.0854E+01
3.0837E+01
3.0814E+01
3.0788E+01
3.0766E+01
3.0750E+01
3.0741E+01
3.0731E+01
3.0717E+01
3.0697E+01
3.0673E+01
3.0650E+01
3.0628E+01
3.0607E+01
3.0589E+01
3.0575E+01
3.0563E+01
3.0552E+01
3.0540E+01
3.0529E+01
3.0519E+01
3.0511E+01
3.0505E+01
3.0501E+01
3.0498E+01
3.0497E+01
3.0499E+01
3.0503E+01
3.0511E+01
3.0522E+01
3.0536E+01
3.0549E+01
3.0560E+01
3.0571E+01
3.0583E+01
3.0595E+01
3.0606E+01
3.0616E+01
3.0623E+01
3.0629E+01
3.0636E+01
3.0647E+01
3.0664E+01
3.0684E+01
3.0704E+01
3.0720E+01
3.0729E+01
3.0734E+01
3.0737E+01
3.0742E+01
3.0745E+01
3.0745E+01
3.0740E+01
3.0732E+01
3.0727E+01
3.0728E+01
3.0734E+01
3.0740E+01
3.0744E+01
3.0747E+01
3.0752E+01
3.0763E+01
3.0783E+01
3.0807E+01
3.0830E+01
3.0849E+01
3.0866E+01
3.0886E+01
3.0912E+01
3.0939E+01
3.0960E+01
3.0972E+01
3.0978E+01
3.0983E+01
3.0989E+01
3.0993E+01
3.0996E+01
3.0998E+01
3.1003E+01
3.1009E+01
3.1012E+01
3.1012E+01
3.1009E+01
3.1007E+01
3.1006E+01
3.1009E+01
3.1016E+01
3.1030E+01
3.1051E+01
3.1078E+01
3.1104E+01
3.1129E+01
3.1151E+01
3.1174E+01
3.1196E+01
3.1217E+01
3.1238E+01
3.1259E+01
3.1283E+01
3.1308E+01
3.1333E+01
3.1356E+01
3.1377E+01
3.1396E+01
3.1413E+01
3.1432E+01
3.1453E+01
3.1480E+01
3.1511E+01
3.1544E+01
3.1577E+01
3.1609E+01
3.1640E+01
3.1669E+01
3.1694E+01
3.1714E+01
3.1731E+01
3.1746E+01
3.1764E+01
3.1787E+01
3.1813E+01
3.1840E+01
3.1865E+01
3.1887E+01
3.1909E+01
3.1930E+01
3.1951E+01
3.1971E+01
3.1990E+01
3.2010E+01
3.2031E+01
3.2053E+01
3.2075E+01
3.2098E+01
3.2122E+01
3.2145E+01
3.2164E+01
3.2180E+01
3.2196E+01
3.2210E+01
3.2223E+01
3.2233E+01
3.2241E+01
3.2250E+01
3.2260E+01
3.2274E+01
3.2292E+01
3.2313E+01
3.2334E+01
3.2355E+01
3.2376E+01
3.2396E+01
3.2415E+01
3.2432E+01
3.2446E+01
3.2459E+01
3.2470E+01
3.2478E+01
3.2482E+01
3.2484E+01
3.2484E+01
3.2486E+01
3.2492E+01
3.2503E+01
3.2517E+01
3.2532E+01
3.2543E+01
3.2550E+01
3.2556E+01
3.2563E+01
3.2571E+01
3.2577E+01
3.2578E+01
3.2575E+01
3.2570E+01
3.2566E+01
3.2561E+01
3.2555E+01
3.2547E+01
3.2537E+01
3.2527E+01
3.2520E+01
3.2515E+01
3.2512E+01
3.2508E+01
3.2504E+01
3.2500E+01
3.2496E+01
3.2493E+01
3.2490E+01
3.2487E+01
3.2483E+01
3.2478E+01
3.2470E+01
3.2461E+01
3.2451E+01
3.2442E+01
3.2433E+01
3.2425E+01
3.2419E+01
3.2414E+01
3.2410E+01
3.2406E+01
3.2402E+01
3.2396E+01
3.2388E+01
3.2381E+01
3.2376E+01
3.2374E+01
3.2374E+01
3.2374E+01
3.2376E+01
3.2380E+01
3.2387E+01
3.2394E+01
3.2401E+01
3.2404E+01
3.2405E+01
3.2405E+01
3.2403E+01
3.2400E+01
3.2394E+01
3.2388E+01
3.2379E+01
3.2368E+01
3.2353E+01
3.2334E+01
3.2314E+01
3.2295E+01
3.2278E+01
3.2263E+01
3.2250E+01
3.2238E+01
3.2224E+01
3.2208E+01
3.2189E+01
3.2169E+01
3.2147E+01
3.2124E+01
3.2102E+01
3.2082E+01
3.2064E+01
3.2046E+01
3.2029E+01
3.2015E+01
3.2003E+01
3.1993E+01
3.1983E+01
3.1973E+01
3.1967E+01
3.1963E+01
3.1960E+01
3.1957E+01
3.1953E+01
3.1947E+01
3.1938E+01
3.1927E+01
3.1917E+01
3.1911E+01
3.1911E+01
3.1917E+01
3.1925E+01
3.1936E+01
3.1948E+01
3.1960E+01
3.1971E+01
3.1979E+01
3.1986E+01
3.1993E+01
3.1998E+01
3.2001E+01
3.1999E+01
3.1992E+01
3.1981E+01
3.1968E+01
3.1955E+01
3.1945E+01
3.1938E+01
3.1935E+01
3.1935E+01
3.1934E+01
3.1932E+01
3.1927E+01
3.1918E+01
3.1908E+01
3.1899E+01
3.1892E+01
3.1889E+01
3.1888E+01
3.1890E+01
3.1893E+01
3.1895E+01
3.1896E+01
3.1897E+01
3.1898E+01
3.1901E+01
3.1905E+01
3.1911E+01
3.1919E+01
3.1926E+01
3.1933E+01
3.1942E+01
3.1952E+01
3.1962E+01
3.1970E+01
3.1976E+01
3.1978E+01
3.1978E+01
3.1978E+01
3.1981E+01
3.1985E+01
3.1991E+01
3.1999E+01
3.2007E+01
3.2018E+01
3.2032E+01
3.2046E+01
3.2061E+01
3.2073E+01
3.2086E+01
3.2102E+01
3.2120E+01
3.2141E+01
3.2160E+01
3.2177E+01
3.2192E+01
3.2206E+01
3.2217E+01
3.2225E+01
3.2229E+01
3.2230E+01
3.2230E+01
3.2230E+01
3.2230E+01
3.2228E+01
3.2222E+01
3.2213E+01
3.2203E+01
3.2196E+01
3.2192E+01
3.2193E+01
3.2194E+01
3.2194E+01
3.2192E+01
3.2190E+01
3.2191E+01
3.2194E+01
3.2199E+01
3.2201E+01
3.2201E+01
3.2198E+01
3.2194E+01
3.2190E+01
3.2188E+01
3.2187E+01
3.2188E+01
3.2188E+01
3.2186E+01
3.2181E+01
3.2176E+01
3.2171E+01
3.2166E+01
3.2159E+01
3.2151E+01
3.2144E+01
3.2140E+01
3.2137E+01
3.2137E+01
3.2137E+01
3.2137E+01
3.2135E+01
3.2131E+01
3.2125E+01
3.2117E+01
3.2106E+01
3.2094E+01
3.2080E+01
3.2062E+01
3.2042E+01
3.2020E+01
3.2000E+01
3.1982E+01
3.1967E+01
3.1955E+01
3.1944E+01
3.1931E+01
3.1915E+01
3.1895E+01
3.1873E+01
3.1852E+01
3.1833E+01
3.1819E+01
3.1805E+01
3.1790E+01
3.1775E+01
3.1759E+01
3.1743E+01
3.1727E+01
3.1709E+01
3.1690E+01
3.1669E+01
3.1647E+01
3.1624E+01
3.1598E+01
3.1569E+01
3.1537E+01
3.1503E+01
3.1470E+01
3.1439E+01
3.1410E+01
3.1383E+01
3.1355E+01
3.1328E+01
3.1299E+01
3.1270E+01
3.1242E+01
3.1216E+01
3.1192E+01
3.1171E+01
3.1151E+01
3.1132E+01
3.1113E+01
3.1096E+01
3.1078E+01
3.1059E+01
3.1036E+01
3.1012E+01
3.0986E+01
3.0960E+01
3.0933E+01
3.0905E+01
3.0879E+01
3.0853E+01
3.0829E+01
3.0807E+01
3.0785E+01
3.0762E+01
3.0739E+01
3.0718E+01
3.0701E+01
3.0688E+01
3.0678E+01
3.0670E+01
3.0662E+01
3.0655E+01
3.0648E+01
3.0643E+01
3.0639E+01
3.0634E+01
3.0631E+01
3.0629E+01
3.0628E+01
3.0626E+01
3.0622E+01
3.0614E+01
3.0604E+01
3.0595E+01
3.0590E+01
3.0589E+01
3.0589E+01
3.0589E+01
3.0587E+01
3.0585E+01
3.0586E+01
3.0591E+01
3.0597E+01
3.0602E+01
3.0607E+01
3.0611E+01
3.0615E+01
3.0619E+01
3.0624E+01
3.0629E+01
3.0633E+01
3.0636E+01
3.0639E+01
3.0642E+01
3.0647E+01
3.0654E+01
3.0663E+01
3.0674E+01
3.0687E+01
3.0699E+01
3.0710E+01
3.0719E+01
3.0727E+01
3.0736E+01
3.0745E+01
3.0754E+01
3.0761E+01
3.0767E+01
3.0772E+01
3.0776E+01
3.0779E+01
3.0781E+01
3.0784E+01
3.0787E+01
3.0791E+01
3.0796E+01
3.0803E+01
3.0811E+01
3.0820E+01
3.0827E+01
3.0832E+01
3.0836E+01
3.0840E+01
3.0844E+01
3.0848E+01
3.0852E+01
3.0857E+01
3.0863E+01
3.0872E+01
3.0881E+01
3.0889E+01
3.0894E+01
3.0896E+01
3.0895E+01
3.0893E+01
3.0892E+01
3.0892E+01
3.0893E+01
3.0896E+01
3.0898E+01
3.0901E+01
3.0903E+01
3.0903E+01
3.0900E+01
3.0895E+01
3.0889E+01
3.0882E+01
3.0874E+01
3.0867E+01
3.0864E+01
3.0864E+01
3.0865E+01
3.0866E+01
3.0868E+01
3.0873E+01
3.0878E+01
3.0881E+01
3.0880E+01
3.0875E+01
3.0866E+01
3.0856E+01
3.0846E+01
3.0838E+01
3.0830E+01
3.0822E+01
3.0815E+01
3.0810E+01
3.0806E+01
3.0805E+01
3.0804E+01
3.0805E+01
3.0806E+01
3.0809E+01
3.0814E+01
3.0819E+01
3.0824E+01
3.0829E+01
3.0833E+01
3.0835E+01
3.0835E+01
3.0832E+01
3.0831E+01
3.0832E+01
3.0837E+01
3.0845E+01
3.0854E+01
3.0864E+01
3.0874E+01
3.0884E+01
3.0895E+01
3.0906E+01
3.0916E+01
3.0927E+01
3.0939E+01
3.0953E+01
3.0966E+01
3.0978E+01
3.0991E+01
3.1005E+01
3.1020E+01
3.1037E+01
3.1053E+01
3.1070E+01
3.1086E+01
3.1101E+01
3.1115E+01
3.1127E+01
3.1140E+01
3.1153E+01
3.1164E+01
3.1174E+01
3.1183E+01
3.1191E+01
3.1199E+01
3.1206E+01
3.1211E+01
3.1216E+01
3.1222E+01
3.1230E+01
3.1240E+01
3.1251E+01
3.1263E+01
3.1275E+01
3.1288E+01
3.1301E+01
3.1315E+01
3.1333E+01
3.1354E+01
3.1376E+01
3.1398E+01
3.1418E+01
3.1438E+01
3.1459E+01
3.1482E+01
3.1508E+01
3.1537E+01
3.1568E+01
3.1600E+01
3.1632E+01
3.1663E+01
3.1695E+01
3.1727E+01
3.1762E+01
3.1797E+01
3.1834E+01
3.1872E+01
3.1911E+01
3.1952E+01
3.1997E+01
3.2046E+01
3.2097E+01
3.2148E+01
3.2198E+01
3.2246E+01
3.2291E+01
3.2337E+01
3.2382E+01
3.2430E+01
3.2481E+01
3.2536E+01
3.2592E+01
3.2648E+01
3.2706E+01
3.2766E+01
3.2827E+01
3.2887E+01
3.2946E+01
3.3003E+01
3.3058E+01
3.3111E+01
3.3163E+01
3.3215E+01
3.3266E+01
3.3317E+01
3.3369E+01
3.3421E+01
3.3474E+01
3.3525E+01
3.3573E+01
3.3621E+01
3.3668E+01
3.3714E+01
3.3759E+01
3.3803E+01
3.3847E+01
3.3892E+01
3.3940E+01
3.3988E+01
3.4038E+01
3.4088E+01
3.4138E+01
3.4190E+01
3.4243E+01
3.4299E+01
3.4355E+01
3.4412E+01
3.4470E+01
3.4528E+01
3.4587E+01
3.4645E+01
3.4702E+01
3.4757E+01
3.4808E+01
3.4857E+01
3.4905E+01
3.4953E+01
3.5000E+01
3.5047E+01
3.5095E+01
3.5141E+01
3.5185E+01
3.5227E+01
3.5267E+01
3.5306E+01
3.5343E+01
3.5380E+01
3.5416E+01
3.5450E+01
3.5485E+01
3.5518E+01
3.5552E+01
3.5586E+01
3.5621E+01
3.5656E+01
3.5690E+01
3.5724E+01
3.5758E+01
3.5792E+01
3.5824E+01
3.5855E+01
3.5883E+01
3.5909E+01
3.5936E+01
3.5962E+01
3.5990E+01
3.6020E+01
3.6050E+01
3.6080E+01
3.6108E+01
3.6136E+01
3.6164E+01
3.6192E+01
3.6220E+01
3.6248E+01
3.6277E+01
3.6306E+01
3.6335E+01
3.6362E+01
3.6388E+01
3.6413E+01
3.6436E+01
3.6460E+01
3.6486E+01
3.6512E+01
3.6539E+01
3.6567E+01
3.6594E+01
3.6624E+01
3.6657E+01
3.6692E+01
3.6728E+01
3.6762E+01
3.6793E+01
3.6823E+01
3.6851E+01
3.6881E+01
3.6909E+01
3.6936E+01
3.6962E+01
3.6988E+01
3.7016E+01
3.7046E+01
3.7076E+01
3.7107E+01
3.7138E+01
3.7170E+01
3.7206E+01
3.7242E+01
3.7280E+01
3.7320E+01
3.7364E+01
3.7412E+01
3.7463E+01
3.7515E+01
3.7569E+01
3.7622E+01
3.7674E+01
3.7726E+01
3.7778E+01
3.7828E+01
3.7878E+01
3.7928E+01
3.7979E+01
3.8030E+01
3.8083E+01
3.8136E+01
3.8190E+01
3.8246E+01
3.8304E+01
3.8363E+01
3.8421E+01
3.8476E+01
3.8529E+01
3.8580E+01
3.8631E+01
3.8684E+01
3.8737E+01
3.8791E+01
3.8847E+01
3.8904E+01
3.8964E+01
3.9024E+01
3.9083E+01
3.9142E+01
3.9200E+01
3.9255E+01
3.9309E+01
3.9363E+01
3.9419E+01
3.9475E+01
3.9532E+01
3.9589E+01
3.9644E+01
3.9698E+01
3.9752E+01
3.9808E+01
3.9865E+01
3.9923E+01
3.9984E+01
4.0047E+01
4.0112E+01
4.0179E+01
4.0246E+01
4.0313E+01
4.0380E+01
4.0449E+01
4.0519E+01
4.0591E+01
4.0662E+01
4.0731E+01
4.0799E+01
4.0866E+01
4.0934E+01
4.1004E+01
4.1075E+01
4.1144E+01
4.1211E+01
4.1279E+01
4.1347E+01
4.1417E+01
4.1486E+01
4.1554E+01
4.1620E+01
4.1687E+01
4.1756E+01
4.1827E+01
4.1902E+01
4.1977E+01
4.2051E+01
4.2123E+01
4.2194E+01
4.2263E+01
4.2332E+01
4.2400E+01
4.2467E+01
4.2536E+01
4.2606E+01
4.2678E+01
4.2750E+01
4.2824E+01
4.2899E+01
4.2975E+01
4.3053E+01
4.3133E+01
4.3213E+01
4.3292E+01
4.3371E+01
4.3448E+01
4.3525E+01
4.3603E+01
4.3682E+01
4.3762E+01
4.3843E+01
4.3927E+01
4.4012E+01
4.4100E+01
4.4191E+01
4.4286E+01
4.4384E+01
4.4483E+01
4.4584E+01
4.4684E+01
4.4784E+01
4.4884E+01
4.4986E+01
4.5090E+01
4.5195E+01
4.5302E+01
4.5410E+01
4.5522E+01
4.5637E+01
4.5755E+01
4.5878E+01
4.6004E+01
4.6133E+01
4.6265E+01
4.6397E+01
4.6528E+01
4.6658E+01
4.6786E+01
4.6914E+01
4.7043E+01
4.7175E+01
4.7310E+01
4.7445E+01
4.7579E+01
4.7713E+01
4.7847E+01
4.7982E+01
4.8119E+01
4.8258E+01
4.8397E+01
4.8536E+01
4.8674E+01
4.8810E+01
4.8946E+01
4.9082E+01
4.9220E+01
4.9360E+01
4.9501E+01
4.9643E+01
4.9787E+01
4.9932E+01
5.0078E+01
5.0226E+01
5.0375E+01
5.0523E+01
5.0670E+01
5.0814E+01
5.0956E+01
5.1097E+01
5.1235E+01
5.1369E+01
5.1499E+01
5.1628E+01
5.1755E+01
5.1881E+01
5.2006E+01
5.2128E+01
5.2247E+01
5.2364E+01
5.2481E+01
5.2598E+01
5.2713E+01
5.2825E+01
5.2933E+01
5.3036E+01
5.3135E+01
5.3231E+01
5.3323E+01
5.3414E+01
5.3503E+01
5.3592E+01
5.3681E+01
5.3770E+01
5.3860E+01
5.3949E+01
5.4037E+01
5.4121E+01
5.4201E+01
5.4276E+01
5.4346E+01
5.4411E+01
5.4471E+01
5.4525E+01
5.4573E+01
5.4618E+01
5.4664E+01
5.4713E+01
5.4765E+01
5.4820E+01
5.4876E+01
5.4931E+01
5.4986E+01
5.5041E+01
5.5096E+01
5.5149E+01
5.5200E+01
5.5250E+01
5.5299E+01
5.5347E+01
5.5395E+01
5.5441E+01
5.5484E+01
5.5523E+01
5.5559E+01
5.5592E+01
5.5624E+01
5.5655E+01
5.5683E+01
5.5707E+01
5.5727E+01
5.5743E+01
5.5757E+01
5.5767E+01
5.5775E+01
5.5778E+01
5.5778E+01
5.5776E+01
5.5773E+01
5.5770E+01
5.5769E+01
5.5769E+01
5.5767E+01
5.5763E+01
5.5757E+01
5.5750E+01
5.5741E+01
5.5731E+01
5.5721E+01
5.5712E+01
5.5705E+01
5.5699E+01
5.5695E+01
5.5694E+01
5.5695E+01
5.5696E+01
5.5694E+01
5.5687E+01
5.5675E+01
5.5663E+01
5.5653E+01
5.5646E+01
5.5643E+01
5.5644E+01
5.5649E+01
5.5656E+01
5.5664E+01
5.5675E+01
5.5689E+01
5.5705E+01
5.5722E+01
5.5736E+01
5.5749E+01
5.5758E+01
5.5765E+01
5.5768E+01
5.5769E+01
5.5769E+01
5.5770E+01
5.5771E+01
5.5771E+01
5.5772E+01
5.5774E+01
5.5778E+01
5.5783E+01
5.5792E+01
5.5802E+01
5.5813E+01
5.5820E+01
5.5822E+01
5.5818E+01
5.5813E+01
5.5808E+01
5.5806E+01
5.5805E+01
5.5804E+01
5.5802E+01
5.5798E+01
5.5792E+01
5.5786E+01
5.5779E+01
5.5770E+01
5.5759E+01
5.5748E+01
5.5738E+01
5.5732E+01
5.5729E+01
5.5728E+01
5.5726E+01
5.5726E+01
5.5728E+01
5.5733E+01
5.5737E+01
5.5736E+01
5.5729E+01
5.5716E+01
5.5698E+01
5.5679E+01
5.5659E+01
5.5639E+01
5.5618E+01
5.5595E+01
5.5569E+01
5.5539E+01
5.5507E+01
5.5477E+01
5.5452E+01
5.5430E+01
5.5408E+01
5.5382E+01
5.5349E+01
5.5313E+01
5.5276E+01
5.5241E+01
5.5205E+01
5.5170E+01
5.5136E+01
5.5103E+01
5.5068E+01
5.5029E+01
5.4984E+01
5.4937E+01
5.4895E+01
5.4860E+01
5.4829E+01
5.4797E+01
5.4765E+01
5.4735E+01
5.4708E+01
5.4687E+01
5.4671E+01
5.4661E+01
5.4655E+01
5.4649E+01
5.4641E+01
5.4627E+01
5.4610E+01
5.4592E+01
5.4572E+01
5.4553E+01
5.4535E+01
5.4521E+01
5.4512E+01
5.4510E+01
5.4513E+01
5.4517E+01
5.4522E+01
5.4527E+01
5.4536E+01
5.4551E+01
5.4573E+01
5.4595E+01
5.4614E+01
5.4626E+01
5.4636E+01
5.4647E+01
5.4660E+01
5.4676E+01
5.4696E+01
5.4720E+01
5.4748E+01
5.4778E+01
5.4806E+01
5.4830E+01
5.4851E+01
5.4874E+01
5.4899E+01
5.4923E+01
5.4945E+01
5.4963E+01
5.4979E+01
5.4996E+01
5.5016E+01
5.5042E+01
5.5077E+01
5.5118E+01
5.5161E+01
5.5202E+01
5.5241E+01
5.5280E+01
5.5318E+01
5.5357E+01
5.5397E+01
5.5440E+01
5.5487E+01
5.5535E+01
5.5584E+01
5.5632E+01
5.5679E+01
5.5727E+01
5.5777E+01
5.5827E+01
5.5879E+01
5.5930E+01
5.5981E+01
5.6030E+01
5.6079E+01
5.6130E+01
5.6184E+01
5.6239E+01
5.6291E+01
5.6340E+01
5.6385E+01
5.6427E+01
5.6471E+01
5.6518E+01
5.6569E+01
5.6622E+01
5.6673E+01
5.6720E+01
5.6764E+01
5.6808E+01
5.6853E+01
5.6898E+01
5.6943E+01
5.6990E+01
5.7042E+01
5.7100E+01
5.7165E+01
5.7233E+01
5.7303E+01
5.7373E+01
5.7444E+01
5.7514E+01
5.7584E+01
5.7656E+01
5.7732E+01
5.7812E+01
5.7897E+01
5.7982E+01
5.8068E+01
5.8154E+01
5.8238E+01
5.8322E+01
5.8407E+01
5.8491E+01
5.8576E+01
5.8661E+01
5.8744E+01
5.8830E+01
5.8917E+01
5.9003E+01
5.9082E+01
5.9154E+01
5.9222E+01
5.9292E+01
5.9364E+01
5.9434E+01
5.9502E+01
5.9566E+01
5.9630E+01
5.9695E+01
5.9761E+01
5.9827E+01
5.9891E+01
5.9951E+01
6.0010E+01
6.0067E+01
6.0124E+01
6.0181E+01
6.0237E+01
6.0292E+01
6.0351E+01
6.0414E+01
6.0485E+01
6.0564E+01
6.0652E+01
6.0748E+01
6.0850E+01
6.0954E+01
6.1058E+01
6.1160E+01
6.1258E+01
6.1354E+01
6.1447E+01
6.1534E+01
6.1616E+01
6.1695E+01
6.1775E+01
6.1856E+01
6.1937E+01
6.2016E+01
6.2090E+01
6.2161E+01
6.2230E+01
6.2299E+01
6.2370E+01
6.2441E+01
6.2512E+01
6.2581E+01
6.2652E+01
6.2723E+01
6.2794E+01
6.2860E+01
6.2919E+01
6.2973E+01
6.3026E+01
6.3083E+01
6.3143E+01
6.3205E+01
6.3268E+01
6.3333E+01
6.3396E+01
6.3455E+01
6.3507E+01
6.3552E+01
6.3592E+01
6.3630E+01
6.3666E+01
6.3700E+01
6.3733E+01
6.3766E+01
6.3800E+01
6.3838E+01
6.3878E+01
6.3918E+01
6.3951E+01
6.3976E+01
6.3994E+01
6.4010E+01
6.4029E+01
6.4056E+01
6.4089E+01
6.4128E+01
6.4168E+01
6.4208E+01
6.4246E+01
6.4282E+01
6.4318E+01
6.4355E+01
6.4393E+01
6.4430E+01
6.4464E+01
6.4495E+01
6.4525E+01
6.4553E+01
6.4583E+01
6.4613E+01
6.4644E+01
6.4675E+01
6.4707E+01
6.4741E+01
6.4777E+01
6.4816E+01
6.4859E+01
6.4903E+01
6.4948E+01
6.4994E+01
6.5038E+01
6.5077E+01
6.5113E+01
6.5148E+01
6.5184E+01
6.5221E+01
6.5258E+01
6.5291E+01
6.5323E+01
6.5353E+01
6.5381E+01
6.5406E+01
6.5427E+01
6.5444E+01
6.5458E+01
6.5470E+01
6.5481E+01
6.5492E+01
6.5504E+01
6.5518E+01
6.5538E+01
6.5562E+01
6.5589E+01
6.5618E+01
6.5650E+01
6.5686E+01
6.5725E+01
6.5767E+01
6.5812E+01
6.5857E+01
6.5902E+01
6.5948E+01
6.5995E+01
6.6042E+01
6.6091E+01
6.6141E+01
6.6192E+01
6.6244E+01
6.6299E+01
6.6358E+01
6.6417E+01
6.6475E+01
6.6531E+01
6.6589E+01
6.6647E+01
6.6705E+01
6.6760E+01
6.6810E+01
6.6856E+01
6.6901E+01
6.6948E+01
6.6994E+01
6.7041E+01
6.7088E+01
6.7135E+01
6.7184E+01
6.7231E+01
6.7275E+01
6.7315E+01
6.7351E+01
6.7385E+01
6.7416E+01
6.7443E+01
6.7467E+01
6.7490E+01
6.7514E+01
6.7538E+01
6.7561E+01
6.7581E+01
6.7598E+01
6.7611E+01
6.7624E+01
6.7639E+01
6.7660E+01
6.7688E+01
6.7722E+01
6.7757E+01
6.7792E+01
6.7826E+01
6.7857E+01
6.7889E+01
6.7922E+01
6.7953E+01
6.7981E+01
6.8008E+01
6.8034E+01
6.8063E+01
6.8094E+01
6.8127E+01
6.8157E+01
6.8181E+01
6.8196E+01
6.8201E+01
6.8197E+01
6.8185E+01
6.8169E+01
6.8154E+01
6.8141E+01
6.8133E+01
6.8130E+01
6.8129E+01
6.8127E+01
6.8120E+01
6.8107E+01
6.8086E+01
6.8059E+01
6.8027E+01
6.7991E+01
6.7954E+01
6.7916E+01
6.7877E+01
6.7838E+01
6.7799E+01
6.7764E+01
6.7736E+01
6.7715E+01
6.7701E+01
6.7689E+01
6.7678E+01
6.7663E+01
6.7645E+01
6.7623E+01
6.7599E+01
6.7575E+01
6.7553E+01
6.7533E+01
6.7514E+01
6.7491E+01
6.7463E+01
6.7428E+01
6.7386E+01
6.7341E+01
6.7297E+01
6.7253E+01
6.7209E+01
6.7165E+01
6.7121E+01
6.7076E+01
6.7029E+01
6.6980E+01
6.6930E+01
6.6882E+01
6.6834E+01
6.6787E+01
6.6739E+01
6.6690E+01
6.6638E+01
6.6584E+01
6.6529E+01
6.6473E+01
6.6415E+01
6.6357E+01
6.6297E+01
6.6236E+01
6.6172E+01
6.6108E+01
6.6046E+01
6.5985E+01
6.5927E+01
6.5870E+01
6.5812E+01
6.5755E+01
6.5697E+01
6.5642E+01
6.5588E+01
6.5535E+01
6.5483E+01
6.5429E+01
6.5375E+01
6.5324E+01
6.5276E+01
6.5231E+01
6.5187E+01
6.5143E+01
6.5101E+01
6.5060E+01
6.5019E+01
6.4976E+01
6.4933E+01
6.4891E+01
6.4855E+01
6.4824E+01
6.4801E+01
6.4783E+01
6.4766E+01
6.4747E+01
6.4724E+01
6.4700E+01
6.4674E+01
6.4649E+01
6.4624E+01
6.4598E+01
6.4569E+01
6.4537E+01
6.4503E+01
6.4467E+01
6.4429E+01
6.4389E+01
6.4347E+01
6.4305E+01
6.4264E+01
6.4227E+01
6.4194E+01
6.4161E+01
6.4126E+01
6.4087E+01
6.4043E+01
6.3996E+01
6.3948E+01
6.3899E+01
6.3850E+01
6.3800E+01
6.3748E+01
6.3694E+01
6.3640E+01
6.3585E+01
6.3534E+01
6.3486E+01
6.3445E+01
6.3407E+01
6.3373E+01
6.3341E+01
6.3312E+01
6.3286E+01
6.3260E+01
6.3235E+01
6.3209E+01
6.3183E+01
6.3157E+01
6.3131E+01
6.3103E+01
6.3071E+01
6.3039E+01
6.3006E+01
6.2975E+01
6.2947E+01
6.2919E+01
6.2891E+01
6.2864E+01
6.2837E+01
6.2813E+01
6.2792E+01
6.2773E+01
6.2758E+01
6.2743E+01
6.2731E+01
6.2722E+01
6.2715E+01
6.2709E+01
6.2704E+01
6.2702E+01
6.2703E+01
6.2707E+01
6.2711E+01
6.2714E+01
6.2715E+01
6.2718E+01
6.2722E+01
6.2724E+01
6.2722E+01
6.2719E+01
6.2716E+01
6.2713E+01
6.2710E+01
6.2707E+01
6.2704E+01
6.2703E+01
6.2705E+01
6.2712E+01
6.2725E+01
6.2743E+01
6.2764E+01
6.2786E+01
6.2810E+01
6.2836E+01
6.2866E+01
6.2896E+01
6.2927E+01
6.2957E+01
6.2987E+01
6.3015E+01
6.3044E+01
6.3074E+01
6.3107E+01
6.3144E+01
6.3185E+01
6.3232E+01
6.3281E+01
6.3331E+01
6.3379E+01
6.3426E+01
6.3474E+01
6.3522E+01
6.3570E+01
6.3616E+01
6.3661E+01
6.3703E+01
6.3743E+01
6.3780E+01
6.3814E+01
6.3845E+01
6.3875E+01
6.3904E+01
6.3931E+01
6.3958E+01
6.3985E+01
6.4012E+01
6.4040E+01
6.4066E+01
6.4091E+01
6.4116E+01
6.4142E+01
6.4170E+01
6.4197E+01
6.4223E+01
6.4245E+01
6.4266E+01
6.4284E+01
6.4300E+01
6.4311E+01
6.4319E+01
6.4325E+01
6.4331E+01
6.4337E+01
6.4342E+01
6.4345E+01
6.4344E+01
6.4340E+01
6.4332E+01
6.4323E+01
6.4313E+01
6.4303E+01
6.4293E+01
6.4281E+01
6.4268E+01
6.4252E+01
6.4233E+01
6.4211E+01
6.4187E+01
6.4161E+01
6.4135E+01
6.4111E+01
6.4090E+01
6.4072E+01
6.4057E+01
6.4045E+01
6.4034E+01
6.4026E+01
6.4020E+01
6.4014E+01
6.4008E+01
6.4002E+01
6.3995E+01
6.3986E+01
6.3974E+01
6.3958E+01
6.3940E+01
6.3921E+01
6.3902E+01
6.3881E+01
6.3858E+01
6.3833E+01
6.3807E+01
6.3781E+01
6.3756E+01
6.3731E+01
6.3708E+01
6.3686E+01
6.3667E+01
6.3650E+01
6.3635E+01
6.3619E+01
6.3602E+01
6.3583E+01
6.3564E+01
6.3546E+01
6.3530E+01
6.3516E+01
6.3501E+01
6.3483E+01
6.3461E+01
6.3441E+01
6.3423E+01
6.3408E+01
6.3397E+01
6.3390E+01
6.3388E+01
6.3390E+01
6.3393E+01
6.3397E+01
6.3400E+01
6.3403E+01
6.3407E+01
6.3409E+01
6.3411E+01
6.3412E+01
6.3411E+01
6.3410E+01
6.3411E+01
6.3416E+01
6.3422E+01
6.3431E+01
6.3443E+01
6.3459E+01
6.3478E+01
6.3501E+01
6.3525E+01
6.3547E+01
6.3569E+01
6.3592E+01
6.3616E+01
6.3640E+01
6.3659E+01
6.3675E+01
6.3686E+01
6.3696E+01
6.3708E+01
6.3722E+01
6.3735E+01
6.3749E+01
6.3764E+01
6.3781E+01
6.3806E+01
6.3838E+01
6.3879E+01
6.3928E+01
6.3980E+01
6.4031E+01
6.4075E+01
6.4111E+01
6.4140E+01
6.4164E+01
6.4187E+01
6.4211E+01
6.4237E+01
6.4265E+01
6.4297E+01
6.4331E+01
6.4368E+01
6.4404E+01
6.4439E+01
6.4473E+01
6.4508E+01
6.4547E+01
6.4588E+01
6.4628E+01
6.4664E+01
6.4695E+01
6.4721E+01
6.4742E+01
6.4763E+01
6.4783E+01
6.4803E+01
6.4825E+01
6.4848E+01
6.4873E+01
6.4900E+01
6.4932E+01
6.4971E+01
6.5017E+01
6.5067E+01
6.5117E+01
6.5163E+01
6.5205E+01
6.5241E+01
6.5273E+01
6.5301E+01
6.5326E+01
6.5349E+01
6.5371E+01
6.5393E+01
6.5415E+01
6.5434E+01
6.5449E+01
6.5459E+01
6.5466E+01
6.5473E+01
6.5479E+01
6.5484E+01
6.5488E+01
6.5492E+01
6.5498E+01
6.5509E+01
6.5524E+01
6.5539E+01
6.5554E+01
6.5569E+01
6.5584E+01
6.5597E+01
6.5608E+01
6.5617E+01
6.5627E+01
6.5635E+01
6.5642E+01
6.5648E+01
6.5653E+01
6.5659E+01
6.5665E+01
6.5670E+01
6.5673E+01
6.5674E+01
6.5673E+01
6.5672E+01
6.5667E+01
6.5660E+01
6.5650E+01
6.5635E+01
6.5616E+01
6.5593E+01
6.5568E+01
6.5544E+01
6.5520E+01
6.5499E+01
6.5478E+01
6.5457E+01
6.5437E+01
6.5419E+01
6.5400E+01
6.5379E+01
6.5355E+01
6.5328E+01
6.5299E+01
6.5266E+01
6.5230E+01
6.5192E+01
6.5156E+01
6.5122E+01
6.5090E+01
6.5056E+01
6.5021E+01
6.4991E+01
6.4965E+01
6.4947E+01
6.4934E+01
6.4926E+01
6.4920E+01
6.4913E+01
6.4903E+01
6.4890E+01
6.4872E+01
6.4852E+01
6.4830E+01
6.4808E+01
6.4787E+01
6.4768E+01
6.4750E+01
6.4731E+01
6.4709E+01
6.4684E+01
6.4657E+01
6.4630E+01
6.4602E+01
6.4573E+01
6.4542E+01
6.4510E+01
6.4477E+01
6.4443E+01
6.4404E+01
6.4359E+01
6.4305E+01
6.4244E+01
6.4177E+01
6.4110E+01
6.4046E+01
6.3986E+01
6.3931E+01
6.3881E+01
6.3838E+01
6.3801E+01
6.3770E+01
6.3742E+01
6.3715E+01
6.3686E+01
6.3654E+01
6.3620E+01
6.3586E+01
6.3552E+01
6.3517E+01
6.3481E+01
6.3444E+01
6.3407E+01
6.3373E+01
6.3342E+01
6.3312E+01
6.3280E+01
6.3243E+01
6.3198E+01
6.3147E+01
6.3093E+01
6.3037E+01
6.2979E+01
6.2919E+01
6.2858E+01
6.2796E+01
6.2733E+01
6.2668E+01
6.2604E+01
6.2541E+01
6.2483E+01
6.2428E+01
6.2378E+01
6.2331E+01
6.2284E+01
6.2233E+01
6.2176E+01
6.2116E+01
6.2053E+01
6.1988E+01
6.1921E+01
6.1853E+01
6.1784E+01
6.1713E+01
6.1644E+01
6.1577E+01
6.1512E+01
6.1449E+01
6.1387E+01
6.1324E+01
6.1261E+01
6.1198E+01
6.1135E+01
6.1073E+01
6.1013E+01
6.0956E+01
6.0900E+01
6.0843E+01
6.0784E+01
6.0721E+01
6.0654E+01
6.0580E+01
6.0503E+01
6.0424E+01
6.0347E+01
6.0272E+01
6.0197E+01
6.0119E+01
6.0039E+01
5.9961E+01
5.9887E+01
5.9818E+01
5.9750E+01
5.9682E+01
5.9613E+01
5.9546E+01
5.9482E+01
5.9421E+01
5.9362E+01
5.9301E+01
5.9239E+01
5.9177E+01
5.9115E+01
5.9054E+01
5.8995E+01
5.8936E+01
5.8877E+01
5.8816E+01
5.8753E+01
5.8690E+01
5.8626E+01
5.8562E+01
5.8497E+01
5.8432E+01
5.8369E+01
5.8310E+01
5.8257E+01
5.8210E+01
5.8167E+01
5.8127E+01
5.8088E+01
5.8049E+01
5.8011E+01
5.7973E+01
5.7935E+01
5.7897E+01
5.7858E+01
5.7821E+01
5.7788E+01
5.7760E+01
5.7739E+01
5.7722E+01
5.7710E+01
5.7701E+01
5.7694E+01
5.7692E+01
5.7695E+01
5.7702E+01
5.7714E+01
5.7730E+01
5.7748E+01
5.7769E+01
5.7789E+01
5.7810E+01
5.7830E+01
5.7851E+01
5.7871E+01
5.7890E+01
5.7907E+01
5.7922E+01
5.7935E+01
5.7946E+01
5.7954E+01
5.7957E+01
5.7953E+01
5.7942E+01
5.7926E+01
5.7911E+01
5.7900E+01
5.7895E+01
5.7897E+01
5.7905E+01
5.7916E+01
5.7928E+01
5.7939E+01
5.7948E+01
5.7953E+01
5.7953E+01
5.7950E+01
5.7946E+01
5.7943E+01
5.7939E+01
5.7935E+01
5.7933E+01
5.7933E+01
5.7935E+01
5.7936E+01
5.7933E+01
5.7927E+01
5.7921E+01
5.7913E+01
5.7903E+01
5.7892E+01
5.7881E+01
5.7872E+01
5.7866E+01
5.7860E+01
5.7855E+01
5.7850E+01
5.7845E+01
5.7842E+01
5.7842E+01
5.7844E+01
5.7848E+01
5.7853E+01
5.7859E+01
5.7863E+01
5.7866E+01
5.7865E+01
5.7859E+01
5.7848E+01
5.7833E+01
5.7817E+01
5.7802E+01
5.7790E+01
5.7782E+01
5.7778E+01
5.7775E+01
5.7774E+01
5.7773E+01
5.7772E+01
5.7771E+01
5.7770E+01
5.7769E+01
5.7769E+01
5.7770E+01
5.7771E+01
5.7771E+01
5.7768E+01
5.7766E+01
5.7765E+01
5.7766E+01
5.7767E+01
5.7770E+01
5.7774E+01
5.7780E+01
5.7787E+01
5.7793E+01
5.7800E+01
5.7805E+01
5.7807E+01
5.7804E+01
5.7797E+01
5.7789E+01
5.7780E+01
5.7770E+01
5.7756E+01
5.7739E+01
5.7721E+01
5.7703E+01
5.7685E+01
5.7667E+01
5.7649E+01
5.7630E+01
5.7610E+01
5.7587E+01
5.7562E+01
5.7535E+01
5.7506E+01
5.7477E+01
5.7450E+01
5.7423E+01
5.7398E+01
5.7374E+01
5.7356E+01
5.7344E+01
5.7337E+01
5.7333E+01
5.7329E+01
5.7325E+01
5.7322E+01
5.7319E+01
5.7315E+01
5.7308E+01
5.7297E+01
5.7283E+01
5.7269E+01
5.7253E+01
5.7236E+01
5.7218E+01
5.7197E+01
5.7172E+01
5.7147E+01
5.7124E+01
5.7107E+01
5.7095E+01
5.7086E+01
5.7077E+01
5.7066E+01
5.7052E+01
5.7036E+01
5.7019E+01
5.7003E+01
5.6986E+01
5.6970E+01
5.6954E+01
5.6938E+01
5.6920E+01
5.6901E+01
5.6882E+01
5.6866E+01
5.6851E+01
5.6835E+01
5.6818E+01
5.6803E+01
5.6791E+01
5.6785E+01
5.6783E+01
5.6786E+01
5.6790E+01
5.6796E+01
5.6802E+01
5.6807E+01
5.6808E+01
5.6807E+01
5.6805E+01
5.6804E+01
5.6805E+01
5.6805E+01
5.6801E+01
5.6793E+01
5.6784E+01
5.6776E+01
5.6770E+01
5.6763E+01
5.6757E+01
5.6750E+01
5.6747E+01
5.6746E+01
5.6748E+01
5.6754E+01
5.6765E+01
5.6779E+01
5.6798E+01
5.6820E+01
5.6847E+01
5.6877E+01
5.6908E+01
5.6938E+01
5.6967E+01
5.6995E+01
5.7022E+01
5.7049E+01
5.7075E+01
5.7098E+01
5.7117E+01
5.7133E+01
5.7146E+01
5.7159E+01
5.7174E+01
5.7189E+01
5.7204E+01
5.7217E+01
5.7226E+01
5.7233E+01
5.7237E+01
5.7238E+01
5.7236E+01
5.7233E+01
5.7231E+01
5.7232E+01
5.7234E+01
5.7233E+01
5.7229E+01
5.7221E+01
5.7209E+01
5.7195E+01
5.7179E+01
5.7164E+01
5.7150E+01
5.7136E+01
5.7122E+01
5.7109E+01
5.7096E+01
5.7082E+01
5.7068E+01
5.7053E+01
5.7040E+01
5.7028E+01
5.7017E+01
5.7005E+01
5.6993E+01
5.6983E+01
5.6975E+01
5.6969E+01
5.6963E+01
5.6956E+01
5.6949E+01
5.6940E+01
5.6930E+01
5.6921E+01
5.6913E+01
5.6906E+01
5.6901E+01
5.6897E+01
5.6894E+01
5.6893E+01
5.6892E+01
5.6892E+01
5.6894E+01
5.6898E+01
5.6904E+01
5.6911E+01
5.6919E+01
5.6927E+01
5.6934E+01
5.6938E+01
5.6938E+01
5.6935E+01
5.6931E+01
5.6927E+01
5.6924E+01
5.6922E+01
5.6920E+01
5.6918E+01
5.6916E+01
5.6915E+01
5.6915E+01
5.6915E+01
5.6915E+01
5.6914E+01
5.6911E+01
5.6908E+01
5.6905E+01
5.6904E+01
5.6907E+01
5.6912E+01
5.6918E+01
5.6924E+01
5.6928E+01
5.6930E+01
5.6932E+01
5.6937E+01
5.6944E+01
5.6954E+01
5.6962E+01
5.6966E+01
5.6964E+01
5.6958E+01
5.6953E+01
5.6952E+01
5.6956E+01
5.6961E+01
5.6966E+01
5.6969E+01
5.6970E+01
5.6970E+01
5.6969E+01
5.6966E+01
5.6962E+01
5.6960E+01
5.6961E+01
5.6964E+01
5.6969E+01
5.6974E+01
5.6979E+01
5.6982E+01
5.6983E+01
5.6981E+01
5.6977E+01
5.6969E+01
5.6957E+01
5.6942E+01
5.6924E+01
5.6906E+01
5.6887E+01
5.6868E+01
5.6848E+01
5.6828E+01
5.6810E+01
5.6792E+01
5.6776E+01
5.6760E+01
5.6743E+01
5.6725E+01
5.6706E+01
5.6687E+01
5.6665E+01
5.6640E+01
5.6612E+01
5.6583E+01
5.6555E+01
5.6529E+01
5.6505E+01
5.6479E+01
5.6451E+01
5.6420E+01
5.6385E+01
5.6347E+01
5.6306E+01
5.6264E+01
5.6223E+01
5.6183E+01
5.6146E+01
5.6112E+01
5.6081E+01
5.6052E+01
5.6025E+01
5.5999E+01
5.5975E+01
5.5953E+01
5.5931E+01
5.5910E+01
5.5887E+01
5.5864E+01
5.5839E+01
5.5813E+01
5.5786E+01
5.5757E+01
5.5729E+01
5.5701E+01
5.5673E+01
5.5647E+01
5.5622E+01
5.5596E+01
5.5570E+01
5.5542E+01
5.5516E+01
5.5490E+01
5.5467E+01
5.5445E+01
5.5423E+01
5.5401E+01
5.5381E+01
5.5363E+01
5.5348E+01
5.5335E+01
5.5323E+01
5.5311E+01
5.5301E+01
5.5293E+01
5.5289E+01
5.5285E+01
5.5282E+01
5.5278E+01
5.5276E+01
5.5274E+01
5.5272E+01
5.5268E+01
5.5262E+01
5.5255E+01
5.5247E+01
5.5239E+01
5.5229E+01
5.5218E+01
5.5204E+01
5.5189E+01
5.5173E+01
5.5158E+01
5.5143E+01
5.5128E+01
5.5113E+01
5.5098E+01
5.5083E+01
5.5067E+01
5.5050E+01
5.5032E+01
5.5012E+01
5.4993E+01
5.4974E+01
5.4956E+01
5.4938E+01
5.4922E+01
5.4906E+01
5.4892E+01
5.4878E+01
5.4865E+01
5.4853E+01
5.4840E+01
5.4828E+01
5.4816E+01
5.4803E+01
5.4789E+01
5.4777E+01
5.4768E+01
5.4761E+01
5.4754E+01
5.4747E+01
5.4740E+01
5.4736E+01
5.4735E+01
5.4734E+01
5.4734E+01
5.4737E+01
5.4743E+01
5.4752E+01
5.4764E+01
5.4778E+01
5.4793E+01
5.4810E+01
5.4828E+01
5.4845E+01
5.4860E+01
5.4874E+01
5.4889E+01
5.4903E+01
5.4917E+01
5.4932E+01
5.4948E+01
5.4965E+01
5.4982E+01
5.4997E+01
5.5012E+01
5.5028E+01
5.5046E+01
5.5066E+01
5.5085E+01
5.5103E+01
5.5120E+01
5.5138E+01
5.5155E+01
5.5171E+01
5.5186E+01
5.5199E+01
5.5211E+01
5.5223E+01
5.5235E+01
5.5248E+01
5.5260E+01
5.5270E+01
5.5278E+01
5.5284E+01
5.5289E+01
5.5294E+01
5.5300E+01
5.5308E+01
5.5318E+01
5.5329E+01
5.5341E+01
5.5352E+01
5.5364E+01
5.5375E+01
5.5386E+01
5.5395E+01
5.5402E+01
5.5409E+01
5.5415E+01
5.5422E+01
5.5430E+01
5.5438E+01
5.5447E+01
5.5456E+01
5.5465E+01
5.5473E+01
5.5479E+01
5.5484E+01
5.5488E+01
5.5494E+01
5.5503E+01
5.5513E+01
5.5524E+01
5.5535E+01
5.5544E+01
5.5551E+01
5.5558E+01
5.5565E+01
5.5572E+01
5.5579E+01
5.5586E+01
5.5592E+01
5.5598E+01
5.5603E+01
5.5609E+01
5.5616E+01
5.5625E+01
5.5634E+01
5.5642E+01
5.5649E+01
5.5657E+01
5.5665E+01
5.5673E+01
5.5682E+01
5.5691E+01
5.5699E+01
5.5707E+01
5.5713E+01
5.5720E+01
5.5728E+01
5.5736E+01
5.5744E+01
5.5752E+01
5.5761E+01
5.5770E+01
5.5779E+01
5.5789E+01
5.5799E+01
5.5807E+01
5.5814E+01
5.5819E+01
5.5823E+01
5.5827E+01
5.5830E+01
5.5830E+01
5.5828E+01
5.5826E+01
5.5823E+01
5.5820E+01
5.5816E+01
5.5810E+01
5.5803E+01
5.5793E+01
5.5783E+01
5.5770E+01
5.5757E+01
5.5744E+01
5.5732E+01
5.5722E+01
5.5713E+01
5.5706E+01
5.5700E+01
5.5696E+01
5.5694E+01
5.5692E+01
5.5691E+01
5.5692E+01
5.5694E+01
5.5696E+01
5.5697E+01
5.5697E+01
5.5694E+01
5.5689E+01
5.5686E+01
5.5684E+01
5.5685E+01
5.5687E+01
5.5692E+01
5.5698E+01
5.5706E+01
5.5716E+01
5.5728E+01
5.5741E+01
5.5755E+01
5.5769E+01
5.5782E+01
5.5793E+01
5.5805E+01
5.5818E+01
5.5832E+01
5.5847E+01
5.5862E+01
5.5875E+01
5.5886E+01
5.5898E+01
5.5909E+01
5.5919E+01
5.5928E+01
5.5937E+01
5.5945E+01
5.5954E+01
5.5964E+01
5.5976E+01
5.5988E+01
5.6000E+01
5.6012E+01
5.6024E+01
5.6033E+01
5.6042E+01
5.6049E+01
5.6057E+01
5.6064E+01
5.6073E+01
5.6081E+01
5.6089E+01
5.6096E+01
5.6103E+01
5.6111E+01
5.6121E+01
5.6131E+01
5.6142E+01
5.6152E+01
5.6161E+01
5.6169E+01
5.6175E+01
5.6180E+01
5.6183E+01
5.6183E+01
5.6183E+01
5.6183E+01
5.6184E+01
5.6186E+01
5.6188E+01
5.6188E+01
5.6187E+01
5.6184E+01
5.6180E+01
5.6174E+01
5.6166E+01
5.6158E+01
5.6147E+01
5.6135E+01
5.6122E+01
5.6107E+01
5.6090E+01
5.6072E+01
5.6055E+01
5.6040E+01
5.6028E+01
5.6018E+01
5.6010E+01
5.6003E+01
5.5998E+01
5.5992E+01
5.5985E+01
5.5978E+01
5.5970E+01
5.5963E+01
5.5958E+01
5.5955E+01
5.5955E+01
5.5956E+01
5.5958E+01
5.5960E+01
5.5961E+01
5.5960E+01
5.5960E+01
5.5959E+01
5.5958E+01
5.5955E+01
5.5952E+01
5.5949E+01
5.5946E+01
5.5942E+01
5.5937E+01
5.5931E+01
5.5925E+01
5.5919E+01
5.5912E+01
5.5904E+01
5.5897E+01
5.5890E+01
5.5884E+01
5.5877E+01
5.5870E+01
5.5862E+01
5.5854E+01
5.5846E+01
5.5836E+01
5.5827E+01
5.5818E+01
5.5810E+01
5.5802E+01
5.5795E+01
5.5788E+01
5.5785E+01
5.5785E+01
5.5787E+01
5.5791E+01
5.5796E+01
5.5801E+01
5.5807E+01
5.5813E+01
5.5818E+01
5.5820E+01
5.5819E+01
5.5816E+01
5.5812E+01
5.5808E+01
5.5804E+01
5.5799E+01
5.5793E+01
5.5788E+01
5.5783E+01
5.5777E+01
5.5771E+01
5.5763E+01
5.5756E+01
5.5749E+01
5.5743E+01
5.5735E+01
5.5725E+01
5.5714E+01
5.5702E+01
5.5692E+01
5.5682E+01
5.5673E+01
5.5662E+01
5.5651E+01
5.5638E+01
5.5625E+01
5.5613E+01
5.5601E+01
5.5590E+01
5.5581E+01
5.5575E+01
5.5570E+01
5.5566E+01
5.5559E+01
5.5551E+01
5.5541E+01
5.5531E+01
5.5519E+01
5.5507E+01
5.5493E+01
5.5479E+01
5.5463E+01
5.5445E+01
5.5426E+01
5.5406E+01
5.5385E+01
5.5362E+01
5.5336E+01
5.5310E+01
5.5284E+01
5.5257E+01
5.5228E+01
5.5198E+01
5.5166E+01
5.5134E+01
5.5103E+01
5.5072E+01
5.5041E+01
5.5011E+01
5.4981E+01
5.4951E+01
5.4921E+01
5.4890E+01
5.4860E+01
5.4829E+01
5.4798E+01
5.4765E+01
5.4732E+01
5.4698E+01
5.4662E+01
5.4624E+01
5.4585E+01
5.4544E+01
5.4503E+01
5.4461E+01
5.4419E+01
5.4376E+01
5.4334E+01
5.4291E+01
5.4249E+01
5.4207E+01
5.4167E+01
5.4128E+01
5.4092E+01
5.4059E+01
5.4028E+01
5.4000E+01
5.3975E+01
5.3953E+01
5.3935E+01
5.3920E+01
5.3908E+01
5.3897E+01
5.3886E+01
5.3877E+01
5.3871E+01
5.3866E+01
5.3864E+01
5.3861E+01
5.3856E+01
5.3850E+01
5.3842E+01
5.3833E+01
5.3821E+01
5.3809E+01
5.3795E+01
5.3783E+01
5.3774E+01
5.3767E+01
5.3764E+01
5.3764E+01
5.3765E+01
5.3765E+01
5.3764E+01
5.3760E+01
5.3754E+01
5.3745E+01
5.3735E+01
5.3725E+01
5.3716E+01
5.3707E+01
5.3698E+01
5.3688E+01
5.3678E+01
5.3666E+01
5.3653E+01
5.3640E+01
5.3626E+01
5.3611E+01
5.3593E+01
5.3574E+01
5.3552E+01
5.3529E+01
5.3505E+01
5.3480E+01
5.3456E+01
5.3433E+01
5.3410E+01
5.3388E+01
5.3365E+01
5.3343E+01
5.3321E+01
5.3302E+01
5.3285E+01
5.3269E+01
5.3255E+01
5.3241E+01
5.3228E+01
5.3215E+01
5.3204E+01
5.3194E+01
5.3186E+01
5.3178E+01
5.3173E+01
5.3170E+01
5.3169E+01
5.3172E+01
5.3177E+01
5.3185E+01
5.3192E+01
5.3201E+01
5.3210E+01
5.3219E+01
5.3227E+01
5.3234E+01
5.3242E+01
5.3250E+01
5.3259E+01
5.3268E+01
5.3276E+01
5.3284E+01
5.3291E+01
5.3298E+01
5.3304E+01
5.3311E+01
5.3319E+01
5.3327E+01
5.3337E+01
5.3347E+01
5.3359E+01
5.3373E+01
5.3388E+01
5.3404E+01
5.3419E+01
5.3436E+01
5.3453E+01
5.3473E+01
5.3494E+01
5.3514E+01
5.3533E+01
5.3553E+01
5.3573E+01
5.3593E+01
5.3612E+01
5.3628E+01
5.3643E+01
5.3658E+01
5.3673E+01
5.3688E+01
5.3704E+01
5.3721E+01
5.3739E+01
5.3758E+01
5.3779E+01
5.3801E+01
5.3825E+01
5.3852E+01
5.3880E+01
5.3909E+01
5.3938E+01
5.3967E+01
5.3996E+01
5.4025E+01
5.4053E+01
5.4080E+01
5.4104E+01
5.4126E+01
5.4145E+01
5.4163E+01
5.4179E+01
5.4193E+01
5.4204E+01
5.4211E+01
5.4217E+01
5.4222E+01
5.4228E+01
5.4233E+01
5.4239E+01
5.4244E+01
5.4249E+01
5.4253E+01
5.4255E+01
5.4256E+01
5.4257E+01
5.4258E+01
5.4261E+01
5.4265E+01
5.4271E+01
5.4276E+01
5.4282E+01
5.4287E+01
5.4292E+01
5.4298E+01
5.4306E+01
5.4315E+01
5.4324E+01
5.4334E+01
5.4344E+01
5.4354E+01
5.4365E+01
5.4378E+01
5.4392E+01
5.4406E+01
5.4419E+01
5.4430E+01
5.4441E+01
5.4452E+01
5.4461E+01
5.4470E+01
5.4479E+01
5.4487E+01
5.4496E+01
5.4507E+01
5.4518E+01
5.4532E+01
5.4547E+01
5.4565E+01
5.4586E+01
5.4609E+01
5.4632E+01
5.4654E+01
5.4676E+01
5.4698E+01
5.4719E+01
5.4739E+01
5.4757E+01
5.4775E+01
5.4791E+01
5.4807E+01
5.4821E+01
5.4835E+01
5.4848E+01
5.4861E+01
5.4873E+01
5.4886E+01
5.4900E+01
5.4913E+01
5.4926E+01
5.4939E+01
5.4952E+01
5.4965E+01
5.4978E+01
5.4990E+01
5.5002E+01
5.5014E+01
5.5028E+01
5.5041E+01
5.5054E+01
5.5064E+01
5.5074E+01
5.5085E+01
5.5098E+01
5.5113E+01
5.5128E+01
5.5143E+01
5.5160E+01
5.5177E+01
5.5194E+01
5.5211E+01
5.5228E+01
5.5243E+01
5.5257E+01
5.5269E+01
5.5281E+01
5.5293E+01
5.5304E+01
5.5314E+01
5.5322E+01
5.5329E+01
5.5334E+01
5.5340E+01
5.5345E+01
5.5350E+01
5.5356E+01
5.5365E+01
5.5376E+01
5.5389E+01
5.5404E+01
5.5420E+01
5.5437E+01
5.5453E+01
5.5469E+01
5.5484E+01
5.5498E+01
5.5510E+01
5.5522E+01
5.5534E+01
5.5546E+01
5.5556E+01
5.5565E+01
5.5572E+01
5.5578E+01
5.5583E+01
5.5589E+01
5.5597E+01
5.5605E+01
5.5613E+01
5.5619E+01
5.5624E+01
5.5626E+01
5.5626E+01
5.5624E+01
5.5621E+01
5.5615E+01
5.5607E+01
5.5596E+01
5.5582E+01
5.5564E+01
5.5546E+01
5.5528E+01
5.5509E+01
5.5490E+01
5.5469E+01
5.5446E+01
5.5421E+01
5.5396E+01
5.5370E+01
5.5343E+01
5.5316E+01
5.5289E+01
5.5263E+01
5.5237E+01
5.5212E+01
5.5188E+01
5.5165E+01
5.5143E+01
5.5122E+01
5.5102E+01
5.5082E+01
5.5062E+01
5.5044E+01
5.5027E+01
5.5011E+01
5.4995E+01
5.4981E+01
5.4967E+01
5.4954E+01
5.4945E+01
5.4938E+01
5.4934E+01
5.4930E+01
5.4926E+01
5.4921E+01
5.4915E+01
5.4910E+01
5.4906E+01
5.4903E+01
5.4900E+01
5.4897E+01
5.4894E+01
5.4891E+01
5.4889E+01
5.4888E+01
5.4888E+01
5.4890E+01
5.4893E+01
5.4897E+01
5.4901E+01
5.4905E+01
5.4911E+01
5.4918E+01
5.4926E+01
5.4933E+01
5.4938E+01
5.4942E+01
5.4943E+01
5.4942E+01
5.4940E+01
5.4937E+01
5.4931E+01
5.4925E+01
5.4919E+01
5.4912E+01
5.4906E+01
5.4898E+01
5.4889E+01
5.4880E+01
5.4870E+01
5.4860E+01
5.4848E+01
5.4835E+01
5.4820E+01
5.4805E+01
5.4791E+01
5.4776E+01
5.4763E+01
5.4749E+01
5.4736E+01
5.4722E+01
5.4706E+01
5.4690E+01
5.4672E+01
5.4653E+01
5.4633E+01
5.4612E+01
5.4590E+01
5.4569E+01
5.4548E+01
5.4528E+01
5.4508E+01
5.4488E+01
5.4470E+01
5.4453E+01
5.4436E+01
5.4418E+01
5.4400E+01
5.4381E+01
5.4363E+01
5.4345E+01
5.4327E+01
5.4311E+01
5.4295E+01
5.4279E+01
5.4263E+01
5.4248E+01
5.4231E+01
5.4213E+01
5.4193E+01
5.4171E+01
5.4149E+01
5.4128E+01
5.4106E+01
5.4083E+01
5.4058E+01
5.4032E+01
5.4006E+01
5.3982E+01
5.3958E+01
5.3935E+01
5.3913E+01
5.3892E+01
5.3872E+01
5.3852E+01
5.3831E+01
5.3811E+01
5.3790E+01
5.3770E+01
5.3749E+01
5.3728E+01
5.3707E+01
5.3685E+01
5.3663E+01
5.3639E+01
5.3615E+01
5.3589E+01
5.3563E+01
5.3535E+01
5.3508E+01
5.3483E+01
5.3459E+01
5.3436E+01
5.3415E+01
5.3393E+01
5.3372E+01
5.3352E+01
5.3332E+01
5.3313E+01
5.3295E+01
5.3276E+01
5.3257E+01
5.3237E+01
5.3216E+01
5.3195E+01
5.3173E+01
5.3151E+01
5.3128E+01
5.3104E+01
5.3080E+01
5.3056E+01
5.3031E+01
5.3007E+01
5.2982E+01
5.2959E+01
5.2935E+01
5.2913E+01
5.2892E+01
5.2872E+01
5.2853E+01
5.2835E+01
5.2817E+01
5.2799E+01
5.2783E+01
5.2768E+01
5.2755E+01
5.2744E+01
5.2735E+01
5.2727E+01
5.2720E+01
5.2714E+01
5.2710E+01
5.2705E+01
5.2701E+01
5.2695E+01
5.2691E+01
5.2688E+01
5.2687E+01
5.2686E+01
5.2685E+01
5.2685E+01
5.2685E+01
5.2688E+01
5.2691E+01
5.2695E+01
5.2700E+01
5.2707E+01
5.2715E+01
5.2724E+01
5.2733E+01
5.2740E+01
5.2746E+01
5.2752E+01
5.2757E+01
5.2761E+01
5.2764E+01
5.2767E+01
5.2770E+01
5.2773E+01
5.2776E+01
5.2778E+01
5.2778E+01
5.2776E+01
5.2773E+01
5.2769E+01
5.2765E+01
5.2762E+01
5.2759E+01
5.2756E+01
5.2754E+01
5.2752E+01
5.2748E+01
5.2741E+01
5.2732E+01
5.2721E+01
5.2709E+01
5.2695E+01
5.2682E+01
5.2668E+01
5.2654E+01
5.2641E+01
5.2629E+01
5.2618E+01
5.2608E+01
5.2596E+01
5.2585E+01
5.2574E+01
5.2563E+01
5.2554E+01
5.2546E+01
5.2540E+01
5.2537E+01
5.2535E+01
5.2536E+01
5.2539E+01
5.2544E+01
5.2548E+01
5.2552E+01
5.2555E+01
5.2559E+01
5.2561E+01
5.2563E+01
5.2563E+01
5.2563E+01
5.2565E+01
5.2568E+01
5.2572E+01
5.2575E+01
5.2578E+01
5.2581E+01
5.2584E+01
5.2586E+01
5.2587E+01
5.2588E+01
5.2590E+01
5.2593E+01
5.2597E+01
5.2602E+01
5.2607E+01
5.2612E+01
5.2615E+01
5.2616E+01
5.2615E+01
5.2613E+01
5.2610E+01
5.2607E+01
5.2601E+01
5.2593E+01
5.2584E+01
5.2574E+01
5.2564E+01
5.2554E+01
5.2543E+01
5.2531E+01
5.2519E+01
5.2507E+01
5.2494E+01
5.2481E+01
5.2468E+01
5.2457E+01
5.2447E+01
5.2439E+01
5.2431E+01
5.2423E+01
5.2416E+01
5.2408E+01
5.2401E+01
5.2394E+01
5.2386E+01
5.2378E+01
5.2369E+01
5.2359E+01
5.2349E+01
5.2338E+01
5.2327E+01
5.2314E+01
5.2301E+01
5.2287E+01
5.2271E+01
5.2255E+01
5.2238E+01
5.2221E+01
5.2204E+01
5.2187E+01
5.2170E+01
5.2154E+01
5.2138E+01
5.2121E+01
5.2104E+01
5.2088E+01
5.2073E+01
5.2060E+01
5.2048E+01
5.2037E+01
5.2026E+01
5.2013E+01
5.2000E+01
5.1987E+01
5.1976E+01
5.1966E+01
5.1956E+01
5.1947E+01
5.1938E+01
5.1930E+01
5.1923E+01
5.1917E+01
5.1910E+01
5.1902E+01
5.1893E+01
5.1883E+01
5.1871E+01
5.1858E+01
5.1844E+01
5.1829E+01
5.1813E+01
5.1796E+01
5.1778E+01
5.1760E+01
5.1741E+01
5.1723E+01
5.1706E+01
5.1689E+01
5.1672E+01
5.1655E+01
5.1638E+01
5.1621E+01
5.1604E+01
5.1587E+01
5.1569E+01
5.1550E+01
5.1530E+01
5.1508E+01
5.1485E+01
5.1462E+01
5.1438E+01
5.1415E+01
5.1393E+01
5.1374E+01
5.1356E+01
5.1338E+01
5.1322E+01
5.1305E+01
5.1288E+01
5.1269E+01
5.1251E+01
5.1231E+01
5.1212E+01
5.1193E+01
5.1175E+01
5.1158E+01
5.1142E+01
5.1127E+01
5.1111E+01
5.1095E+01
5.1081E+01
5.1067E+01
5.1052E+01
5.1038E+01
5.1023E+01
5.1008E+01
5.0994E+01
5.0981E+01
5.0968E+01
5.0956E+01
5.0944E+01
5.0934E+01
5.0924E+01
5.0914E+01
5.0903E+01
5.0892E+01
5.0881E+01
5.0869E+01
5.0858E+01
5.0849E+01
5.0840E+01
5.0831E+01
5.0822E+01
5.0814E+01
5.0807E+01
5.0802E+01
5.0798E+01
5.0794E+01
5.0789E+01
5.0783E+01
5.0776E+01
5.0770E+01
5.0765E+01
5.0761E+01
5.0757E+01
5.0753E+01
5.0749E+01
5.0747E+01
5.0746E+01
5.0746E+01
5.0747E+01
5.0747E+01
5.0748E+01
5.0750E+01
5.0752E+01
5.0753E+01
5.0755E+01
5.0757E+01
5.0758E+01
5.0759E+01
5.0760E+01
5.0761E+01
5.0762E+01
5.0764E+01
5.0767E+01
5.0772E+01
5.0776E+01
5.0781E+01
5.0787E+01
5.0794E+01
5.0802E+01
5.0809E+01
5.0817E+01
5.0825E+01
5.0833E+01
5.0841E+01
5.0850E+01
5.0859E+01
5.0868E+01
5.0876E+01
5.0886E+01
5.0896E+01
5.0906E+01
5.0915E+01
5.0924E+01
5.0933E+01
5.0942E+01
5.0951E+01
5.0961E+01
5.0972E+01
5.0984E+01
5.0995E+01
5.1006E+01
5.1016E+01
5.1025E+01
5.1033E+01
5.1041E+01
5.1048E+01
5.1055E+01
5.1063E+01
5.1069E+01
5.1076E+01
5.1082E+01
5.1089E+01
5.1097E+01
5.1105E+01
5.1114E+01
5.1122E+01
5.1131E+01
5.1140E+01
5.1149E+01
5.1158E+01
5.1166E+01
5.1173E+01
5.1181E+01
5.1188E+01
5.1196E+01
5.1204E+01
5.1212E+01
5.1220E+01
5.1228E+01
5.1236E+01
5.1245E+01
5.1254E+01
5.1263E+01
5.1273E+01
5.1283E+01
5.1294E+01
5.1307E+01
5.1321E+01
5.1336E+01
5.1350E+01
5.1364E+01
5.1377E+01
5.1390E+01
5.1402E+01
5.1415E+01
5.1427E+01
5.1439E+01
5.1451E+01
5.1464E+01
5.1476E+01
5.1487E+01
5.1497E+01
5.1506E+01
5.1514E+01
5.1521E+01
5.1528E+01
5.1535E+01
5.1541E+01
5.1549E+01
5.1557E+01
5.1565E+01
5.1572E+01
5.1577E+01
5.1579E+01
5.1580E+01
5.1582E+01
5.1585E+01
5.1588E+01
5.1593E+01
5.1598E+01
5.1604E+01
5.1610E+01
5.1615E+01
5.1620E+01
5.1623E+01
5.1626E+01
5.1628E+01
5.1629E+01
5.1629E+01
5.1628E+01
5.1627E+01
5.1624E+01
5.1622E+01
5.1619E+01
5.1616E+01
5.1613E+01
5.1611E+01
5.1610E+01
5.1610E+01
5.1610E+01
5.1610E+01
5.1611E+01
5.1611E+01
5.1611E+01
5.1610E+01
5.1609E+01
5.1608E+01
5.1608E+01
5.1608E+01
5.1611E+01
5.1613E+01
5.1615E+01
5.1615E+01
5.1615E+01
5.1615E+01
5.1614E+01
5.1614E+01
5.1613E+01
5.1611E+01
5.1609E+01
5.1609E+01
5.1611E+01
5.1616E+01
5.1622E+01
5.1628E+01
5.1635E+01
5.1642E+01
5.1650E+01
5.1657E+01
5.1663E+01
5.1668E+01
5.1672E+01
5.1674E+01
5.1674E+01
5.1673E+01
5.1672E+01
5.1670E+01
5.1669E+01
5.1668E+01
5.1667E+01
5.1666E+01
5.1664E+01
5.1662E+01
5.1660E+01
5.1659E+01
5.1657E+01
5.1655E+01
5.1653E+01
5.1650E+01
5.1648E+01
5.1646E+01
5.1646E+01
5.1645E+01
5.1646E+01
5.1647E+01
5.1649E+01
5.1650E+01
5.1652E+01
5.1655E+01
5.1658E+01
5.1662E+01
5.1667E+01
5.1671E+01
5.1675E+01
5.1680E+01
5.1684E+01
5.1689E+01
5.1695E+01
5.1701E+01
5.1707E+01
5.1714E+01
5.1720E+01
5.1726E+01
5.1732E+01
5.1737E+01
5.1742E+01
5.1744E+01
5.1745E+01
5.1744E+01
5.1744E+01
5.1743E+01
5.1741E+01
5.1739E+01
5.1736E+01
5.1733E+01
5.1731E+01
5.1727E+01
5.1724E+01
5.1721E+01
5.1718E+01
5.1716E+01
5.1713E+01
5.1709E+01
5.1704E+01
5.1699E+01
5.1694E+01
5.1688E+01
5.1683E+01
5.1679E+01
5.1676E+01
5.1675E+01
5.1675E+01
5.1676E+01
5.1678E+01
5.1679E+01
5.1681E+01
5.1682E+01
5.1683E+01
5.1683E+01
5.1683E+01
5.1683E+01
5.1683E+01
5.1684E+01
5.1687E+01
5.1692E+01
5.1698E+01
5.1704E+01
5.1711E+01
5.1718E+01
5.1726E+01
5.1733E+01
5.1739E+01
5.1743E+01
5.1748E+01
5.1753E+01
5.1760E+01
5.1768E+01
5.1777E+01
5.1787E+01
5.1797E+01
5.1807E+01
5.1818E+01
5.1829E+01
5.1840E+01
5.1852E+01
5.1864E+01
5.1875E+01
5.1885E+01
5.1894E+01
5.1902E+01
5.1911E+01
5.1920E+01
5.1929E+01
5.1939E+01
5.1950E+01
5.1961E+01
5.1974E+01
5.1986E+01
5.1997E+01
5.2007E+01
5.2017E+01
5.2026E+01
5.2035E+01
5.2043E+01
5.2052E+01
5.2061E+01
5.2070E+01
5.2080E+01
5.2090E+01
5.2101E+01
5.2111E+01
5.2122E+01
5.2132E+01
5.2141E+01
5.2150E+01
5.2160E+01
5.2170E+01
5.2181E+01
5.2192E+01
5.2202E+01
5.2210E+01
5.2218E+01
5.2225E+01
5.2231E+01
5.2236E+01
5.2240E+01
5.2243E+01
5.2246E+01
5.2248E+01
5.2251E+01
5.2252E+01
5.2254E+01
5.2256E+01
5.2258E+01
5.2259E+01
5.2259E+01
5.2259E+01
5.2259E+01
5.2259E+01
5.2261E+01
5.2264E+01
5.2266E+01
5.2268E+01
5.2269E+01
5.2270E+01
5.2270E+01
5.2270E+01
5.2269E+01
5.2268E+01
5.2268E+01
5.2268E+01
5.2269E+01
5.2272E+01
5.2276E+01
5.2281E+01
5.2286E+01
5.2293E+01
5.2299E+01
5.2305E+01
5.2311E+01
5.2316E+01
5.2322E+01
5.2328E+01
5.2332E+01
5.2335E+01
5.2337E+01
5.2337E+01
5.2336E+01
5.2333E+01
5.2329E+01
5.2324E+01
5.2318E+01
5.2311E+01
5.2306E+01
5.2301E+01
5.2297E+01
5.2293E+01
5.2289E+01
5.2283E+01
5.2276E+01
5.2269E+01
5.2262E+01
5.2255E+01
5.2249E+01
5.2244E+01
5.2239E+01
5.2234E+01
5.2230E+01
5.2228E+01
5.2226E+01
5.2226E+01
5.2225E+01
5.2225E+01
5.2224E+01
5.2224E+01
5.2223E+01
5.2222E+01
5.2221E+01
5.2220E+01
5.2220E+01
5.2221E+01
5.2222E+01
5.2224E+01
5.2226E+01
5.2229E+01
5.2231E+01
5.2233E+01
5.2234E+01
5.2235E+01
5.2237E+01
5.2239E+01
5.2241E+01
5.2244E+01
5.2250E+01
5.2257E+01
5.2265E+01
5.2274E+01
5.2282E+01
5.2291E+01
5.2299E+01
5.2308E+01
5.2316E+01
5.2324E+01
5.2332E+01
5.2341E+01
5.2350E+01
5.2359E+01
5.2369E+01
5.2379E+01
5.2390E+01
5.2402E+01
5.2414E+01
5.2426E+01
5.2438E+01
5.2452E+01
5.2466E+01
5.2481E+01
5.2496E+01
5.2512E+01
5.2529E+01
5.2548E+01
5.2567E+01
5.2586E+01
5.2605E+01
5.2622E+01
5.2638E+01
5.2653E+01
5.2667E+01
5.2680E+01
5.2693E+01
5.2706E+01
5.2720E+01
5.2736E+01
5.2753E+01
5.2769E+01
5.2784E+01
5.2798E+01
5.2812E+01
5.2825E+01
5.2836E+01
5.2843E+01
5.2848E+01
5.2850E+01
5.2850E+01
5.2849E+01
5.2845E+01
5.2838E+01
5.2827E+01
5.2813E+01
5.2796E+01
5.2776E+01
5.2752E+01
5.2725E+01
5.2693E+01
5.2658E+01
5.2619E+01
5.2577E+01
5.2533E+01
5.2487E+01
5.2439E+01
5.2389E+01
5.2337E+01
5.2283E+01
5.2227E+01
5.2169E+01
5.2109E+01
5.2047E+01
5.1985E+01
5.1922E+01
5.1858E+01
5.1794E+01
5.1731E+01
5.1667E+01
5.1604E+01
5.1542E+01
5.1480E+01
5.1419E+01
5.1359E+01
5.1301E+01
5.1244E+01
5.1190E+01
5.1136E+01
5.1083E+01
5.1031E+01
5.0981E+01
5.0933E+01
5.0888E+01
5.0845E+01
5.0805E+01
5.0766E+01
5.0728E+01
5.0691E+01
5.0654E+01
5.0618E+01
5.0583E+01
5.0552E+01
5.0523E+01
5.0497E+01
5.0474E+01
5.0453E+01
5.0434E+01
5.0416E+01
5.0401E+01
5.0387E+01
5.0376E+01
5.0367E+01
5.0361E+01
5.0360E+01
5.0362E+01
5.0370E+01
5.0381E+01
5.0397E+01
5.0415E+01
5.0436E+01
5.0458E+01
5.0481E+01
5.0504E+01
5.0527E+01
5.0550E+01
5.0573E+01
5.0595E+01
5.0616E+01
5.0635E+01
5.0651E+01
5.0665E+01
5.0676E+01
5.0684E+01
5.0690E+01
5.0693E+01
5.0693E+01
5.0692E+01
5.0690E+01
5.0686E+01
5.0683E+01
5.0678E+01
5.0671E+01
5.0662E+01
5.0651E+01
5.0637E+01
5.0620E+01
5.0601E+01
5.0581E+01
5.0559E+01
5.0538E+01
5.0517E+01
5.0497E+01
5.0476E+01
5.0454E+01
5.0432E+01
5.0409E+01
5.0386E+01
5.0364E+01
5.0342E+01
5.0323E+01
5.0306E+01
5.0292E+01
5.0281E+01
5.0274E+01
5.0269E+01
5.0267E+01
5.0267E+01
5.0268E+01
5.0270E+01
5.0273E+01
5.0278E+01
5.0286E+01
5.0297E+01
5.0311E+01
5.0327E+01
5.0344E+01
5.0361E+01
5.0378E+01
5.0394E+01
5.0410E+01
5.0424E+01
5.0436E+01
5.0448E+01
5.0458E+01
5.0466E+01
5.0474E+01
5.0480E+01
5.0485E+01
5.0490E+01
5.0494E+01
5.0498E+01
5.0502E+01
5.0507E+01
5.0513E+01
5.0519E+01
5.0525E+01
5.0530E+01
5.0534E+01
5.0535E+01
5.0533E+01
5.0530E+01
5.0526E+01
5.0521E+01
5.0516E+01
5.0510E+01
5.0505E+01
5.0502E+01
5.0499E+01
5.0496E+01
5.0492E+01
5.0487E+01
5.0480E+01
5.0472E+01
5.0463E+01
5.0455E+01
5.0448E+01
5.0441E+01
5.0436E+01
5.0431E+01
5.0428E+01
5.0426E+01
5.0424E+01
5.0421E+01
5.0417E+01
5.0412E+01
5.0407E+01
5.0400E+01
5.0394E+01
5.0388E+01
5.0382E+01
5.0377E+01
5.0371E+01
5.0364E+01
5.0357E+01
5.0349E+01
5.0342E+01
5.0335E+01
5.0330E+01
5.0326E+01
5.0322E+01
5.0318E+01
5.0314E+01
5.0309E+01
5.0303E+01
5.0295E+01
5.0285E+01
5.0273E+01
5.0262E+01
5.0250E+01
5.0238E+01
5.0226E+01
5.0213E+01
5.0200E+01
5.0186E+01
5.0170E+01
5.0154E+01
5.0136E+01
5.0118E+01
5.0099E+01
5.0079E+01
5.0060E+01
5.0040E+01
5.0020E+01
5.0001E+01
4.9980E+01
4.9958E+01
4.9936E+01
4.9913E+01
4.9889E+01
4.9864E+01
4.9838E+01
4.9813E+01
4.9787E+01
4.9762E+01
4.9738E+01
4.9714E+01
4.9690E+01
4.9668E+01
4.9645E+01
4.9623E+01
4.9601E+01
4.9577E+01
4.9551E+01
4.9523E+01
4.9492E+01
4.9458E+01
4.9421E+01
4.9383E+01
4.9342E+01
4.9301E+01
4.9259E+01
4.9216E+01
4.9173E+01
4.9130E+01
4.9087E+01
4.9044E+01
4.8999E+01
4.8954E+01
4.8908E+01
4.8860E+01
4.8811E+01
4.8763E+01
4.8716E+01
4.8669E+01
4.8624E+01
4.8580E+01
4.8536E+01
4.8491E+01
4.8445E+01
4.8398E+01
4.8350E+01
4.8303E+01
4.8256E+01
4.8211E+01
4.8168E+01
4.8127E+01
4.8087E+01
4.8049E+01
4.8012E+01
4.7977E+01
4.7942E+01
4.7907E+01
4.7872E+01
4.7837E+01
4.7803E+01
4.7770E+01
4.7739E+01
4.7709E+01
4.7681E+01
4.7655E+01
4.7630E+01
4.7606E+01
4.7584E+01
4.7564E+01
4.7545E+01
4.7527E+01
4.7511E+01
4.7495E+01
4.7482E+01
4.7470E+01
4.7459E+01
4.7449E+01
4.7441E+01
4.7432E+01
4.7424E+01
4.7417E+01
4.7410E+01
4.7404E+01
4.7399E+01
4.7395E+01
4.7392E+01
4.7392E+01
4.7392E+01
4.7393E+01
4.7392E+01
4.7390E+01
4.7388E+01
4.7384E+01
4.7381E+01
4.7377E+01
4.7373E+01
4.7369E+01
4.7365E+01
4.7362E+01
4.7360E+01
4.7357E+01
4.7354E+01
4.7351E+01
4.7347E+01
4.7344E+01
4.7341E+01
4.7339E+01
4.7337E+01
4.7334E+01
4.7330E+01
4.7326E+01
4.7320E+01
4.7314E+01
4.7307E+01
4.7300E+01
4.7294E+01
4.7288E+01
4.7282E+01
4.7277E+01
4.7272E+01
4.7266E+01
4.7261E+01
4.7256E+01
4.7251E+01
4.7246E+01
4.7241E+01
4.7235E+01
4.7229E+01
4.7222E+01
4.7214E+01
4.7205E+01
4.7196E+01
4.7186E+01
4.7176E+01
4.7166E+01
4.7157E+01
4.7150E+01
4.7143E+01
4.7137E+01
4.7133E+01
4.7129E+01
4.7127E+01
4.7126E+01
4.7128E+01
4.7131E+01
4.7136E+01
4.7142E+01
4.7147E+01
4.7154E+01
4.7160E+01
4.7167E+01
4.7175E+01
4.7184E+01
4.7194E+01
4.7205E+01
4.7216E+01
4.7228E+01
4.7242E+01
4.7258E+01
4.7275E+01
4.7294E+01
4.7313E+01
4.7332E+01
4.7352E+01
4.7373E+01
4.7393E+01
4.7413E+01
4.7432E+01
4.7451E+01
4.7469E+01
4.7487E+01
4.7505E+01
4.7522E+01
4.7540E+01
4.7557E+01
4.7573E+01
4.7590E+01
4.7608E+01
4.7627E+01
4.7648E+01
4.7670E+01
4.7692E+01
4.7714E+01
4.7737E+01
4.7759E+01
4.7781E+01
4.7803E+01
4.7826E+01
4.7850E+01
4.7875E+01
4.7900E+01
4.7927E+01
4.7954E+01
4.7983E+01
4.8013E+01
4.8043E+01
4.8072E+01
4.8103E+01
4.8133E+01
4.8163E+01
4.8194E+01
4.8224E+01
4.8253E+01
4.8283E+01
4.8313E+01
4.8344E+01
4.8375E+01
4.8406E+01
4.8435E+01
4.8464E+01
4.8491E+01
4.8516E+01
4.8541E+01
4.8565E+01
4.8588E+01
4.8610E+01
4.8632E+01
4.8653E+01
4.8673E+01
4.8690E+01
4.8706E+01
4.8720E+01
4.8734E+01
4.8746E+01
4.8757E+01
4.8767E+01
4.8776E+01
4.8783E+01
4.8790E+01
4.8797E+01
4.8803E+01
4.8808E+01
4.8813E+01
4.8817E+01
4.8819E+01
4.8820E+01
4.8821E+01
4.8822E+01
4.8821E+01
4.8821E+01
4.8820E+01
4.8818E+01
4.8815E+01
4.8812E+01
4.8807E+01
4.8802E+01
4.8796E+01
4.8789E+01
4.8781E+01
4.8773E+01
4.8765E+01
4.8757E+01
4.8751E+01
4.8744E+01
4.8739E+01
4.8735E+01
4.8732E+01
4.8730E+01
4.8727E+01
4.8725E+01
4.8723E+01
4.8721E+01
4.8720E+01
4.8718E+01
4.8717E+01
4.8717E+01
4.8718E+01
4.8720E+01
4.8721E+01
4.8721E+01
4.8722E+01
4.8723E+01
4.8724E+01
4.8725E+01
4.8724E+01
4.8722E+01
4.8720E+01
4.8719E+01
4.8718E+01
4.8717E+01
4.8716E+01
4.8715E+01
4.8713E+01
4.8712E+01
4.8711E+01
4.8709E+01
4.8708E+01
4.8706E+01
4.8704E+01
4.8702E+01
4.8699E+01
4.8697E+01
4.8695E+01
4.8694E+01
4.8695E+01
4.8696E+01
4.8698E+01
4.8701E+01
4.8704E+01
4.8709E+01
4.8714E+01
4.8719E+01
4.8725E+01
4.8732E+01
4.8740E+01
4.8748E+01
4.8757E+01
4.8766E+01
4.8775E+01
4.8785E+01
4.8796E+01
4.8807E+01
4.8819E+01
4.8831E+01
4.8843E+01
4.8855E+01
4.8868E+01
4.8880E+01
4.8891E+01
4.8903E+01
4.8914E+01
4.8924E+01
4.8934E+01
4.8943E+01
4.8951E+01
4.8958E+01
4.8965E+01
4.8971E+01
4.8976E+01
4.8980E+01
4.8983E+01
4.8984E+01
4.8983E+01
4.8982E+01
4.8979E+01
4.8976E+01
4.8973E+01
4.8969E+01
4.8966E+01
4.8963E+01
4.8960E+01
4.8956E+01
4.8951E+01
4.8945E+01
4.8938E+01
4.8931E+01
4.8922E+01
4.8912E+01
4.8901E+01
4.8889E+01
4.8877E+01
4.8865E+01
4.8852E+01
4.8838E+01
4.8823E+01
4.8808E+01
4.8792E+01
4.8777E+01
4.8763E+01
4.8750E+01
4.8736E+01
4.8722E+01
4.8707E+01
4.8692E+01
4.8676E+01
4.8659E+01
4.8642E+01
4.8626E+01
4.8609E+01
4.8593E+01
4.8576E+01
4.8559E+01
4.8542E+01
4.8524E+01
4.8505E+01
4.8486E+01
4.8466E+01
4.8446E+01
4.8426E+01
4.8404E+01
4.8382E+01
4.8357E+01
4.8332E+01
4.8306E+01
4.8279E+01
4.8253E+01
4.8226E+01
4.8199E+01
4.8173E+01
4.8147E+01
4.8122E+01
4.8097E+01
4.8072E+01
4.8048E+01
4.8024E+01
4.8000E+01
4.7976E+01
4.7952E+01
4.7927E+01
4.7903E+01
4.7878E+01
4.7852E+01
4.7826E+01
4.7799E+01
4.7772E+01
4.7743E+01
4.7713E+01
4.7680E+01
4.7646E+01
4.7611E+01
4.7577E+01
4.7542E+01
4.7508E+01
4.7473E+01
4.7437E+01
4.7401E+01
4.7366E+01
4.7332E+01
4.7297E+01
4.7262E+01
4.7227E+01
4.7192E+01
4.7157E+01
4.7120E+01
4.7084E+01
4.7047E+01
4.7010E+01
4.6974E+01
4.6938E+01
4.6901E+01
4.6863E+01
4.6823E+01
4.6783E+01
4.6742E+01
4.6701E+01
4.6659E+01
4.6617E+01
4.6575E+01
4.6533E+01
4.6493E+01
4.6453E+01
4.6415E+01
4.6377E+01
4.6339E+01
4.6303E+01
4.6267E+01
4.6232E+01
4.6197E+01
4.6163E+01
4.6128E+01
4.6094E+01
4.6061E+01
4.6027E+01
4.5995E+01
4.5963E+01
4.5933E+01
4.5905E+01
4.5877E+01
4.5850E+01
4.5823E+01
4.5797E+01
4.5772E+01
4.5747E+01
4.5723E+01
4.5700E+01
4.5679E+01
4.5659E+01
4.5640E+01
4.5622E+01
4.5606E+01
4.5590E+01
4.5573E+01
4.5557E+01
4.5541E+01
4.5527E+01
4.5514E+01
4.5502E+01
4.5492E+01
4.5482E+01
4.5475E+01
4.5469E+01
4.5465E+01
4.5463E+01
4.5462E+01
4.5463E+01
4.5464E+01
4.5465E+01
4.5466E+01
4.5465E+01
4.5464E+01
4.5462E+01
4.5458E+01
4.5452E+01
4.5445E+01
4.5436E+01
4.5425E+01
4.5413E+01
4.5400E+01
4.5388E+01
4.5376E+01
4.5365E+01
4.5355E+01
4.5345E+01
4.5335E+01
4.5325E+01
4.5314E+01
4.5303E+01
4.5291E+01
4.5277E+01
4.5263E+01
4.5247E+01
4.5230E+01
4.5215E+01
4.5200E+01
4.5186E+01
4.5172E+01
4.5158E+01
4.5143E+01
4.5128E+01
4.5112E+01
4.5097E+01
4.5083E+01
4.5069E+01
4.5056E+01
4.5045E+01
4.5034E+01
4.5024E+01
4.5014E+01
4.5004E+01
4.4996E+01
4.4989E+01
4.4984E+01
4.4980E+01
4.4978E+01
4.4977E+01
4.4977E+01
4.4978E+01
4.4979E+01
4.4979E+01
4.4980E+01
4.4982E+01
4.4984E+01
4.4986E+01
4.4989E+01
4.4990E+01
4.4992E+01
4.4993E+01
4.4994E+01
4.4996E+01
4.4999E+01
4.5002E+01
4.5007E+01
4.5012E+01
4.5017E+01
4.5023E+01
4.5028E+01
4.5033E+01
4.5037E+01
4.5039E+01
4.5041E+01
4.5041E+01
4.5041E+01
4.5041E+01
4.5043E+01
4.5045E+01
4.5048E+01
4.5051E+01
4.5053E+01
4.5055E+01
4.5056E+01
4.5058E+01
4.5058E+01
4.5059E+01
4.5060E+01
4.5062E+01
4.5066E+01
4.5071E+01
4.5077E+01
4.5083E+01
4.5088E+01
4.5093E+01
4.5095E+01
4.5096E+01
4.5096E+01
4.5095E+01
4.5094E+01
4.5095E+01
4.5097E+01
4.5100E+01
4.5103E+01
4.5106E+01
4.5109E+01
4.5110E+01
4.5112E+01
4.5112E+01
4.5112E+01
4.5111E+01
4.5110E+01
4.5109E+01
4.5107E+01
4.5106E+01
4.5104E+01
4.5102E+01
4.5099E+01
4.5096E+01
4.5092E+01
4.5088E+01
4.5084E+01
4.5080E+01
4.5075E+01
4.5068E+01
4.5060E+01
4.5053E+01
4.5046E+01
4.5040E+01
4.5035E+01
4.5029E+01
4.5021E+01
4.5013E+01
4.5004E+01
4.4994E+01
4.4984E+01
4.4973E+01
4.4962E+01
4.4952E+01
4.4944E+01
4.4935E+01
4.4927E+01
4.4919E+01
4.4909E+01
4.4898E+01
4.4886E+01
4.4873E+01
4.4860E+01
4.4847E+01
4.4834E+01
4.4821E+01
4.4809E+01
4.4799E+01
4.4789E+01
4.4780E+01
4.4772E+01
4.4764E+01
4.4756E+01
4.4747E+01
4.4737E+01
4.4725E+01
4.4712E+01
4.4699E+01
4.4687E+01
4.4674E+01
4.4661E+01
4.4649E+01
4.4637E+01
4.4626E+01
4.4615E+01
4.4604E+01
4.4593E+01
4.4582E+01
4.4571E+01
4.4559E+01
4.4545E+01
4.4529E+01
4.4512E+01
4.4494E+01
4.4476E+01
4.4458E+01
4.4441E+01
4.4423E+01
4.4405E+01
4.4388E+01
4.4371E+01
4.4353E+01
4.4334E+01
4.4314E+01
4.4294E+01
4.4274E+01
4.4255E+01
4.4237E+01
4.4221E+01
4.4206E+01
4.4193E+01
4.4181E+01
4.4169E+01
4.4157E+01
4.4145E+01
4.4133E+01
4.4121E+01
4.4109E+01
4.4097E+01
4.4087E+01
4.4077E+01
4.4068E+01
4.4059E+01
4.4051E+01
4.4045E+01
4.4040E+01
4.4037E+01
4.4036E+01
4.4034E+01
4.4032E+01
4.4029E+01
4.4027E+01
4.4024E+01
4.4021E+01
4.4017E+01
4.4013E+01
4.4009E+01
4.4005E+01
4.4000E+01
4.3996E+01
4.3993E+01
4.3990E+01
4.3987E+01
4.3986E+01
4.3984E+01
4.3983E+01
4.3981E+01
4.3979E+01
4.3976E+01
4.3974E+01
4.3972E+01
4.3970E+01
4.3969E+01
4.3968E+01
4.3968E+01
4.3969E+01
4.3972E+01
4.3976E+01
4.3981E+01
4.3987E+01
4.3994E+01
4.4002E+01
4.4010E+01
4.4020E+01
4.4030E+01
4.4040E+01
4.4050E+01
4.4061E+01
4.4070E+01
4.4079E+01
4.4088E+01
4.4095E+01
4.4101E+01
4.4106E+01
4.4111E+01
4.4113E+01
4.4114E+01
4.4114E+01
4.4113E+01
4.4111E+01
4.4109E+01
4.4108E+01
4.4108E+01
4.4107E+01
4.4106E+01
4.4104E+01
4.4101E+01
4.4099E+01
4.4096E+01
4.4095E+01
4.4093E+01
4.4092E+01
4.4092E+01
4.4093E+01
4.4095E+01
4.4098E+01
4.4102E+01
4.4106E+01
4.4110E+01
4.4114E+01
4.4119E+01
4.4123E+01
4.4127E+01
4.4130E+01
4.4134E+01
4.4139E+01
4.4145E+01
4.4152E+01
4.4160E+01
4.4169E+01
4.4177E+01
4.4185E+01
4.4192E+01
4.4199E+01
4.4206E+01
4.4213E+01
4.4220E+01
4.4227E+01
4.4235E+01
4.4244E+01
4.4254E+01
4.4266E+01
4.4279E+01
4.4292E+01
4.4307E+01
4.4323E+01
4.4340E+01
4.4357E+01
4.4375E+01
4.4393E+01
4.4410E+01
4.4425E+01
4.4439E+01
4.4452E+01
4.4464E+01
4.4476E+01
4.4488E+01
4.4501E+01
4.4515E+01
4.4530E+01
4.4547E+01
4.4565E+01
4.4583E+01
4.4600E+01
4.4619E+01
4.4639E+01
4.4659E+01
4.4680E+01
4.4701E+01
4.4722E+01
4.4745E+01
4.4768E+01
4.4790E+01
4.4811E+01
4.4830E+01
4.4848E+01
4.4865E+01
4.4883E+01
4.4900E+01
4.4917E+01
4.4934E+01
4.4951E+01
4.4968E+01
4.4984E+01
4.4999E+01
4.5012E+01
4.5022E+01
4.5029E+01
4.5036E+01
4.5040E+01
4.5043E+01
4.5045E+01
4.5047E+01
4.5049E+01
4.5051E+01
4.5050E+01
4.5047E+01
4.5042E+01
4.5037E+01
4.5034E+01
4.5032E+01
4.5031E+01
4.5031E+01
4.5033E+01
4.5034E+01
4.5034E+01
4.5032E+01
4.5028E+01
4.5021E+01
4.5012E+01
4.5002E+01
4.4993E+01
4.4986E+01
4.4978E+01
4.4971E+01
4.4962E+01
4.4953E+01
4.4942E+01
4.4930E+01
4.4917E+01
4.4903E+01
4.4890E+01
4.4876E+01
4.4861E+01
4.4846E+01
4.4831E+01
4.4818E+01
4.4805E+01
4.4793E+01
4.4781E+01
4.4769E+01
4.4758E+01
4.4748E+01
4.4738E+01
4.4729E+01
4.4721E+01
4.4713E+01
4.4704E+01
4.4695E+01
4.4686E+01
4.4677E+01
4.4670E+01
4.4663E+01
4.4657E+01
4.4651E+01
4.4644E+01
4.4637E+01
4.4630E+01
4.4621E+01
4.4613E+01
4.4603E+01
4.4592E+01
4.4581E+01
4.4569E+01
4.4558E+01
4.4548E+01
4.4537E+01
4.4527E+01
4.4517E+01
4.4506E+01
4.4495E+01
4.4483E+01
4.4469E+01
4.4455E+01
4.4442E+01
4.4429E+01
4.4417E+01
4.4405E+01
4.4391E+01
4.4378E+01
4.4364E+01
4.4350E+01
4.4335E+01
4.4322E+01
4.4309E+01
4.4297E+01
4.4285E+01
4.4274E+01
4.4263E+01
4.4253E+01
4.4244E+01
4.4236E+01
4.4229E+01
4.4221E+01
4.4212E+01
4.4204E+01
4.4197E+01
4.4190E+01
4.4183E+01
4.4175E+01
4.4165E+01
4.4155E+01
4.4143E+01
4.4129E+01
4.4114E+01
4.4098E+01
4.4083E+01
4.4069E+01
4.4057E+01
4.4046E+01
4.4036E+01
4.4028E+01
4.4021E+01
4.4015E+01
4.4010E+01
4.4005E+01
4.3999E+01
4.3993E+01
4.3986E+01
4.3980E+01
4.3974E+01
4.3968E+01
4.3963E+01
4.3958E+01
4.3953E+01
4.3948E+01
4.3944E+01
4.3940E+01
4.3936E+01
4.3933E+01
4.3928E+01
4.3924E+01
4.3921E+01
4.3918E+01
4.3916E+01
4.3914E+01
4.3912E+01
4.3911E+01
4.3909E+01
4.3907E+01
4.3905E+01
4.3904E+01
4.3903E+01
4.3903E+01
4.3903E+01
4.3903E+01
4.3903E+01
4.3904E+01
4.3905E+01
4.3905E+01
4.3905E+01
4.3904E+01
4.3902E+01
4.3900E+01
4.3898E+01
4.3896E+01
4.3893E+01
4.3889E+01
4.3885E+01
4.3880E+01
4.3876E+01
4.3871E+01
4.3868E+01
4.3864E+01
4.3861E+01
4.3858E+01
4.3856E+01
4.3854E+01
4.3853E+01
4.3852E+01
4.3852E+01
4.3852E+01
4.3853E+01
4.3854E+01
4.3854E+01
4.3854E+01
4.3853E+01
4.3852E+01
4.3851E+01
4.3852E+01
4.3854E+01
4.3856E+01
4.3860E+01
4.3863E+01
4.3867E+01
4.3872E+01
4.3877E+01
4.3883E+01
4.3889E+01
4.3896E+01
4.3902E+01
4.3907E+01
4.3912E+01
4.3916E+01
4.3921E+01
4.3926E+01
4.3932E+01
4.3937E+01
4.3943E+01
4.3949E+01
4.3954E+01
4.3959E+01
4.3963E+01
4.3967E+01
4.3972E+01
4.3977E+01
4.3983E+01
4.3989E+01
4.3995E+01
4.4003E+01
4.4010E+01
4.4018E+01
4.4025E+01
4.4031E+01
4.4035E+01
4.4039E+01
4.4042E+01
4.4044E+01
4.4048E+01
4.4051E+01
4.4053E+01
4.4054E+01
4.4055E+01
4.4056E+01
4.4058E+01
4.4060E+01
4.4062E+01
4.4064E+01
4.4065E+01
4.4065E+01
4.4065E+01
4.4065E+01
4.4065E+01
4.4065E+01
4.4064E+01
4.4062E+01
4.4061E+01
4.4059E+01
4.4059E+01
4.4059E+01
4.4060E+01
4.4060E+01
4.4060E+01
4.4060E+01
4.4061E+01
4.4061E+01
4.4059E+01
4.4057E+01
4.4053E+01
4.4047E+01
4.4041E+01
4.4034E+01
4.4026E+01
4.4018E+01
4.4010E+01
4.4002E+01
4.3994E+01
4.3985E+01
4.3976E+01
4.3967E+01
4.3957E+01
4.3946E+01
4.3932E+01
4.3917E+01
4.3902E+01
4.3886E+01
4.3872E+01
4.3859E+01
4.3846E+01
4.3833E+01
4.3820E+01
4.3807E+01
4.3794E+01
4.3781E+01
4.3769E+01
4.3757E+01
4.3744E+01
4.3730E+01
4.3716E+01
4.3701E+01
4.3687E+01
4.3672E+01
4.3657E+01
4.3642E+01
4.3627E+01
4.3612E+01
4.3597E+01
4.3581E+01
4.3563E+01
4.3543E+01
4.3523E+01
4.3503E+01
4.3483E+01
4.3463E+01
4.3443E+01
4.3423E+01
4.3404E+01
4.3385E+01
4.3366E+01
4.3345E+01
4.3323E+01
4.3301E+01
4.3279E+01
4.3256E+01
4.3232E+01
4.3208E+01
4.3183E+01
4.3158E+01
4.3131E+01
4.3105E+01
4.3079E+01
4.3057E+01
4.3036E+01
4.3014E+01
4.2991E+01
4.2965E+01
4.2938E+01
4.2911E+01
4.2883E+01
4.2855E+01
4.2825E+01
4.2794E+01
4.2762E+01
4.2731E+01
4.2700E+01
4.2670E+01
4.2640E+01
4.2610E+01
4.2579E+01
4.2550E+01
4.2521E+01
4.2493E+01
4.2465E+01
4.2437E+01
4.2409E+01
4.2382E+01
4.2355E+01
4.2328E+01
4.2302E+01
4.2276E+01
4.2251E+01
4.2226E+01
4.2202E+01
4.2180E+01
4.2159E+01
4.2139E+01
4.2119E+01
4.2100E+01
4.2080E+01
4.2060E+01
4.2041E+01
4.2022E+01
4.2005E+01
4.1987E+01
4.1970E+01
4.1953E+01
4.1938E+01
4.1924E+01
4.1911E+01
4.1899E+01
4.1887E+01
4.1875E+01
4.1862E+01
4.1848E+01
4.1834E+01
4.1819E+01
4.1804E+01
4.1789E+01
4.1776E+01
4.1763E+01
4.1752E+01
4.1742E+01
4.1732E+01
4.1723E+01
4.1715E+01
4.1707E+01
4.1699E+01
4.1692E+01
4.1684E+01
4.1676E+01
4.1667E+01
4.1659E+01
4.1651E+01
4.1643E+01
4.1636E+01
4.1629E+01
4.1624E+01
4.1621E+01
4.1618E+01
4.1617E+01
4.1615E+01
4.1614E+01
4.1612E+01
4.1609E+01
4.1606E+01
4.1603E+01
4.1600E+01
4.1597E+01
4.1594E+01
4.1592E+01
4.1589E+01
4.1587E+01
4.1586E+01
4.1584E+01
4.1581E+01
4.1579E+01
4.1576E+01
4.1574E+01
4.1572E+01
4.1571E+01
4.1570E+01
4.1570E+01
4.1571E+01
4.1572E+01
4.1572E+01
4.1572E+01
4.1571E+01
4.1569E+01
4.1567E+01
4.1565E+01
4.1564E+01
4.1562E+01
4.1560E+01
4.1559E+01
4.1560E+01
4.1561E+01
4.1562E+01
4.1563E+01
4.1564E+01
4.1565E+01
4.1566E+01
4.1567E+01
4.1567E+01
4.1568E+01
4.1570E+01
4.1572E+01
4.1575E+01
4.1577E+01
4.1580E+01
4.1582E+01
4.1585E+01
4.1589E+01
4.1593E+01
4.1597E+01
4.1602E+01
4.1606E+01
4.1611E+01
4.1616E+01
4.1620E+01
4.1624E+01
4.1628E+01
4.1633E+01
4.1638E+01
4.1642E+01
4.1647E+01
4.1652E+01
4.1658E+01
4.1664E+01
4.1669E+01
4.1674E+01
4.1679E+01
4.1683E+01
4.1687E+01
4.1692E+01
4.1697E+01
4.1702E+01
4.1706E+01
4.1709E+01
4.1713E+01
4.1717E+01
4.1720E+01
4.1724E+01
4.1726E+01
4.1729E+01
4.1733E+01
4.1736E+01
4.1739E+01
4.1741E+01
4.1744E+01
4.1746E+01
4.1748E+01
4.1750E+01
4.1753E+01
4.1756E+01
4.1760E+01
4.1763E+01
4.1768E+01
4.1772E+01
4.1777E+01
4.1782E+01
4.1788E+01
4.1794E+01
4.1801E+01
4.1808E+01
4.1815E+01
4.1821E+01
4.1827E+01
4.1832E+01
4.1837E+01
4.1843E+01
4.1849E+01
4.1856E+01
4.1864E+01
4.1872E+01
4.1879E+01
4.1887E+01
4.1894E+01
4.1902E+01
4.1910E+01
4.1917E+01
4.1922E+01
4.1926E+01
4.1930E+01
4.1933E+01
4.1937E+01
4.1940E+01
4.1943E+01
4.1946E+01
4.1949E+01
4.1952E+01
4.1955E+01
4.1958E+01
4.1961E+01
4.1964E+01
4.1966E+01
4.1968E+01
4.1971E+01
4.1973E+01
4.1975E+01
4.1978E+01
4.1980E+01
4.1981E+01
4.1983E+01
4.1985E+01
4.1988E+01
4.1991E+01
4.1993E+01
4.1996E+01
4.1998E+01
4.1999E+01
4.2000E+01
4.2000E+01
4.1999E+01
4.1999E+01
4.1999E+01
4.1998E+01
4.1998E+01
4.1997E+01
4.1996E+01
4.1995E+01
4.1994E+01
4.1993E+01
4.1991E+01
4.1990E+01
4.1989E+01
4.1988E+01
4.1987E+01
4.1987E+01
4.1987E+01
4.1987E+01
4.1987E+01
4.1987E+01
4.1986E+01
4.1986E+01
4.1985E+01
4.1985E+01
4.1986E+01
4.1988E+01
4.1989E+01
4.1991E+01
4.1991E+01
4.1992E+01
4.1993E+01
4.1994E+01
4.1996E+01
4.1997E+01
4.1998E+01
4.1999E+01
4.2001E+01
4.2002E+01
4.2004E+01
4.2005E+01
4.2006E+01
4.2006E+01
4.2007E+01
4.2008E+01
4.2008E+01
4.2007E+01
4.2007E+01
4.2006E+01
4.2006E+01
4.2006E+01
4.2005E+01
4.2004E+01
4.2003E+01
4.2002E+01
4.2001E+01
4.2000E+01
4.1998E+01
4.1997E+01
4.1995E+01
4.1992E+01
4.1989E+01
4.1985E+01
4.1981E+01
4.1976E+01
4.1972E+01
4.1967E+01
4.1964E+01
4.1960E+01
4.1957E+01
4.1953E+01
4.1949E+01
4.1944E+01
4.1939E+01
4.1934E+01
4.1929E+01
4.1924E+01
4.1918E+01
4.1912E+01
4.1905E+01
4.1897E+01
4.1889E+01
4.1879E+01
4.1868E+01